1.000000 0.000038 0.000032 -0.000200 -0.000038 1.000000 0.000063 -0.000229 -0.000032 -0.000063 1.000000 -0.000094
0.999991 -0.002679 -0.003406 -0.002283 0.002672 0.999994 -0.002059 -0.005834 0.003411 0.002050 0.999992 0.673977
0.999971 -0.001267 -0.007458 -0.014867 0.001238 0.999992 -0.003851 -0.005285 0.007462 0.003842 0.999965 1.365604
0.999934 -0.001346 -0.011373 -0.030253 0.001285 0.999985 -0.005382 -0.008263 0.011380 0.005367 0.999921 2.077980
0.999866 0.000028 -0.016377 -0.046720 -0.000127 0.999982 -0.006032 -0.014376 0.016377 0.006034 0.999848 2.798909
0.999783 -0.001273 -0.020780 -0.065586 0.001142 0.999979 -0.006320 -0.021276 0.020788 0.006295 0.999764 3.544750
0.999686 0.000528 -0.025068 -0.088982 -0.000709 0.999974 -0.007225 -0.037757 0.025064 0.007240 0.999660 4.297540
0.999557 0.003441 -0.029571 -0.122920 -0.003678 0.999962 -0.007943 -0.042351 0.029543 0.008048 0.999531 5.074191
0.999421 0.003821 -0.033814 -0.156806 -0.004042 0.999971 -0.006477 -0.048850 0.033788 0.006610 0.999407 5.863149
0.999257 0.002766 -0.038454 -0.187558 -0.002907 0.999989 -0.003617 -0.060120 0.038443 0.003726 0.999254 6.664318
0.999127 0.002578 -0.041685 -0.228494 -0.002625 0.999996 -0.001060 -0.070127 0.041682 0.001169 0.999130 7.466449
0.998988 0.003990 -0.044808 -0.267038 -0.004057 0.999991 -0.001395 -0.088232 0.044802 0.001575 0.998995 8.283558
0.998876 0.003352 -0.047291 -0.313105 -0.003437 0.999993 -0.001712 -0.087071 0.047285 0.001873 0.998880 9.136957
0.998795 0.000362 -0.049069 -0.352597 -0.000477 0.999997 -0.002329 -0.092868 0.049068 0.002349 0.998793 9.971022
0.998687 0.000150 -0.051225 -0.397043 -0.000221 0.999999 -0.001393 -0.102692 0.051224 0.001403 0.998686 10.816381
0.998627 -0.001218 -0.052368 -0.439659 0.001140 0.999998 -0.001534 -0.120217 0.052370 0.001472 0.998627 11.622881
0.998526 0.000949 -0.054271 -0.494404 -0.001174 0.999991 -0.004113 -0.122592 0.054267 0.004171 0.998518 12.511344
0.998447 0.001350 -0.055685 -0.547299 -0.001730 0.999976 -0.006781 -0.131636 0.055674 0.006867 0.998425 13.379327
0.998335 0.005223 -0.057445 -0.606682 -0.005713 0.999949 -0.008376 -0.143594 0.057398 0.008691 0.998314 14.255226
0.998279 0.006265 -0.058303 -0.665982 -0.006751 0.999944 -0.008136 -0.155864 0.058249 0.008516 0.998266 15.140369
0.998203 0.005624 -0.059654 -0.718495 -0.006006 0.999963 -0.006218 -0.182055 0.059616 0.006565 0.998200 15.992093
0.998129 0.006349 -0.060808 -0.784875 -0.006660 0.999966 -0.004921 -0.186287 0.060775 0.005317 0.998137 16.923826
0.998074 0.006110 -0.061734 -0.845233 -0.006425 0.999967 -0.004906 -0.198752 0.061702 0.005293 0.998081 17.832137
0.997970 0.005870 -0.063410 -0.908906 -0.006252 0.999963 -0.005827 -0.211796 0.063374 0.006211 0.997971 18.742573
0.997895 0.004132 -0.064723 -0.961327 -0.004532 0.999972 -0.006037 -0.235527 0.064696 0.006318 0.997885 19.631174
0.997865 0.004793 -0.065139 -1.028113 -0.005104 0.999976 -0.004612 -0.240729 0.065115 0.004934 0.997866 20.537146
0.997858 0.006073 -0.065137 -1.094412 -0.006161 0.999980 -0.001141 -0.254106 0.065129 0.001540 0.997876 21.468448
0.997906 0.007028 -0.064299 -1.160380 -0.006879 0.999973 0.002537 -0.262820 0.064315 -0.002089 0.997927 22.405717
0.998015 0.005635 -0.062724 -1.215276 -0.005293 0.999970 0.005624 -0.277621 0.062754 -0.005281 0.998015 23.343757
0.998109 0.005797 -0.061198 -1.278567 -0.005419 0.999965 0.006346 -0.274459 0.061233 -0.006002 0.998105 24.303941
0.998192 0.005958 -0.059808 -1.338543 -0.005757 0.999977 0.003537 -0.280411 0.059828 -0.003186 0.998204 25.250749
0.998243 0.006834 -0.058866 -1.400516 -0.006927 0.999975 -0.001373 -0.285178 0.058855 0.001779 0.998265 26.204191
0.998308 0.005849 -0.057851 -1.450414 -0.006096 0.999973 -0.004093 -0.305229 0.057825 0.004439 0.998317 27.097599
0.998369 0.003234 -0.057004 -1.514226 -0.003418 0.999989 -0.003128 -0.304012 0.056993 0.003318 0.998369 28.140576
0.998361 0.001443 -0.057211 -1.572618 -0.001344 0.999998 0.001782 -0.313190 0.057213 -0.001702 0.998361 29.117959
0.998315 -0.002311 -0.057975 -1.629226 0.002618 0.999983 0.005221 -0.324181 0.057962 -0.005364 0.998304 30.098711
0.998211 -0.009367 -0.059054 -1.668640 0.009663 0.999942 0.004728 -0.346221 0.059007 -0.005290 0.998244 31.030071
0.998092 -0.012081 -0.060549 -1.737258 0.012143 0.999926 0.000655 -0.340333 0.060536 -0.001389 0.998165 32.034803
0.998012 -0.011861 -0.061891 -1.803648 0.011676 0.999926 -0.003346 -0.348940 0.061927 0.002617 0.998077 33.019805
0.997889 -0.010665 -0.064061 -1.874419 0.010428 0.999938 -0.004026 -0.357576 0.064100 0.003349 0.997938 34.013429
0.997838 -0.010405 -0.064896 -1.922969 0.010272 0.999944 -0.002389 -0.384029 0.064917 0.001717 0.997889 34.944607
0.997784 -0.007713 -0.066092 -2.011698 0.007760 0.999970 0.000446 -0.389308 0.066086 -0.000958 0.997813 35.993656
0.997707 -0.007869 -0.067227 -2.084645 0.008002 0.999967 0.001708 -0.397698 0.067211 -0.002242 0.997736 36.997313
0.997645 -0.006477 -0.068288 -2.145154 0.006785 0.999968 0.004284 -0.420254 0.068258 -0.004737 0.997656 38.044820
0.997643 -0.006586 -0.068301 -2.214971 0.007099 0.999948 0.007272 -0.418556 0.068250 -0.007740 0.997638 38.947047
0.997621 -0.001033 -0.068923 -2.297287 0.001703 0.999952 0.009659 -0.423295 0.068909 -0.009753 0.997575 39.950583
0.997608 -0.001077 -0.069118 -2.371143 0.001705 0.999958 0.009021 -0.427508 0.069106 -0.009117 0.997568 40.949743
0.997621 -0.001161 -0.068923 -2.447019 0.001664 0.999972 0.007254 -0.428930 0.068913 -0.007352 0.997596 41.946930
0.997632 0.002286 -0.068739 -2.511522 -0.001920 0.999984 0.005390 -0.452185 0.068750 -0.005246 0.997620 42.974143
0.997567 0.001243 -0.069707 -2.586926 -0.000886 0.999986 0.005139 -0.447648 0.069713 -0.005065 0.997554 43.924318
0.997470 -0.000842 -0.071079 -2.655924 0.001300 0.999979 0.006397 -0.453968 0.071072 -0.006473 0.997450 44.919086
0.997416 -0.000236 -0.071849 -2.732312 0.000773 0.999972 0.007439 -0.462271 0.071845 -0.007476 0.997388 45.905866
0.997395 0.002125 -0.072099 -2.806024 -0.001849 0.999991 0.003902 -0.473547 0.072106 -0.003758 0.997390 46.882403
0.997340 0.003035 -0.072826 -2.885557 -0.003044 0.999995 -0.000020 -0.497744 0.072826 0.000242 0.997345 47.937219
0.997307 0.004025 -0.073224 -2.966296 -0.004137 0.999990 -0.001377 -0.496767 0.073218 0.001676 0.997315 48.924994
0.997299 0.002654 -0.073406 -3.039216 -0.002501 0.999994 0.002184 -0.511580 0.073411 -0.001994 0.997300 49.900273
0.997286 0.000616 -0.073624 -3.108917 -0.000221 0.999986 0.005378 -0.522714 0.073626 -0.005347 0.997272 50.867247
0.997270 -0.001316 -0.073836 -3.182807 0.001759 0.999981 0.005938 -0.529444 0.073827 -0.006052 0.997253 51.832194
0.997245 -0.004181 -0.074058 -3.243103 0.004563 0.999977 0.004996 -0.554067 0.074035 -0.005320 0.997241 52.693625
0.997183 -0.007078 -0.074670 -3.317392 0.007365 0.999967 0.003568 -0.554399 0.074642 -0.004108 0.997202 53.701175
0.997090 -0.008749 -0.075726 -3.390277 0.009141 0.999947 0.004838 -0.563430 0.075680 -0.005516 0.997117 54.656452
0.996983 -0.011400 -0.076785 -3.455273 0.012137 0.999885 0.009139 -0.580191 0.076671 -0.010043 0.997006 55.569983
0.996907 -0.012748 -0.077544 -3.529809 0.013879 0.999805 0.014055 -0.577814 0.077349 -0.015088 0.996890 56.541066
0.996888 -0.010939 -0.078065 -3.609408 0.012243 0.999793 0.016245 -0.579244 0.077871 -0.017150 0.996816 57.489085
0.996788 -0.009833 -0.079481 -3.687743 0.010844 0.999866 0.012298 -0.582429 0.079349 -0.013121 0.996761 58.421848
0.996708 -0.008149 -0.080661 -3.770262 0.008545 0.999953 0.004569 -0.594022 0.080620 -0.005244 0.996731 59.364811
0.996643 -0.006474 -0.081615 -3.847659 0.006465 0.999979 -0.000382 -0.594201 0.081616 -0.000147 0.996664 60.237464
0.996579 -0.001594 -0.082627 -3.932589 0.001645 0.999998 0.000549 -0.605733 0.082626 -0.000683 0.996580 61.146835
0.996486 0.001099 -0.083757 -4.017610 -0.000859 0.999995 0.002905 -0.620084 0.083760 -0.002823 0.996482 62.048003
0.996390 0.003542 -0.084820 -4.097668 -0.003169 0.999985 0.004533 -0.633912 0.084835 -0.004248 0.996386 62.929378
0.996324 0.004642 -0.085540 -4.177079 -0.004269 0.999981 0.004536 -0.654954 0.085559 -0.004154 0.996324 63.751499
0.996160 0.006233 -0.087329 -4.254638 -0.005799 0.999970 0.005221 -0.656895 0.087359 -0.004694 0.996166 64.621288
0.996032 0.006840 -0.088731 -4.334085 -0.006343 0.999963 0.005875 -0.668570 0.088768 -0.005289 0.996038 65.463223
0.995910 0.006683 -0.090104 -4.413538 -0.006130 0.999961 0.006413 -0.678924 0.090143 -0.005835 0.995912 66.288899
0.995838 0.006569 -0.090903 -4.497930 -0.005930 0.999956 0.007300 -0.689262 0.090947 -0.006730 0.995833 67.102095
0.995664 0.009244 -0.092567 -4.580333 -0.008344 0.999914 0.010106 -0.692845 0.092653 -0.009290 0.995655 67.932774
0.995533 0.010680 -0.093809 -4.663399 -0.009385 0.999855 0.014242 -0.698721 0.093947 -0.013298 0.995488 68.723356
0.995337 0.013886 -0.095455 -4.744707 -0.012424 0.999796 0.015899 -0.702210 0.095656 -0.014639 0.995307 69.493433
0.995161 0.016534 -0.096858 -4.823881 -0.015452 0.999810 0.011903 -0.710842 0.097037 -0.010349 0.995227 70.246179
0.995083 0.016794 -0.097611 -4.915967 -0.016423 0.999855 0.004598 -0.723290 0.097674 -0.002972 0.995214 71.093650
0.994916 0.015889 -0.099447 -4.972425 -0.016080 0.999870 -0.001121 -0.729309 0.099417 0.002715 0.995042 71.628235
0.994871 0.016496 -0.099799 -5.048473 -0.016811 0.999856 -0.002318 -0.735568 0.099747 0.003984 0.995005 72.320072
0.994744 0.019409 -0.100542 -5.126508 -0.019387 0.999811 0.001203 -0.747045 0.100546 0.000753 0.994932 72.998131
0.994607 0.019707 -0.101823 -5.198717 -0.019445 0.999805 0.003572 -0.763967 0.101874 -0.001573 0.994796 73.651839
0.994661 0.016699 -0.101835 -5.268923 -0.016779 0.999859 0.000068 -0.772103 0.101822 0.001641 0.994801 74.220005
0.994699 0.008334 -0.102491 -5.322758 -0.008872 0.999949 -0.004797 -0.788625 0.102446 0.005681 0.994722 74.913617
0.994830 0.004256 -0.101463 -5.378718 -0.005256 0.999940 -0.009594 -0.800516 0.101416 0.010077 0.994793 75.508175
0.995130 0.006654 -0.098341 -5.440329 -0.007653 0.999923 -0.009784 -0.812126 0.098269 0.010489 0.995105 76.089980
0.995491 0.011763 -0.094127 -5.504111 -0.012458 0.999899 -0.006805 -0.825783 0.094038 0.007947 0.995537 76.654936
0.995934 0.010191 -0.089511 -5.551138 -0.010563 0.999937 -0.003681 -0.836996 0.089468 0.004612 0.995979 77.208957
0.996457 0.006410 -0.083863 -5.585257 -0.006390 0.999979 0.000506 -0.847912 0.083864 0.000031 0.996477 77.753021
0.997161 0.001671 -0.075283 -5.642365 -0.001401 0.999992 0.003635 -0.860007 0.075288 -0.003519 0.997156 78.513870
0.997885 0.005721 -0.064754 -5.656440 -0.005492 0.999978 0.003715 -0.867462 0.064774 -0.003351 0.997894 78.868505
0.998709 0.010897 -0.049609 -5.682023 -0.010750 0.999937 0.003230 -0.874947 0.049641 -0.002693 0.998763 79.368616
0.999375 0.015876 -0.031598 -5.693824 -0.015767 0.999869 0.003694 -0.880098 0.031652 -0.003193 0.999494 79.860057
0.999852 0.014207 -0.009655 -5.681510 -0.014166 0.999891 0.004257 -0.886224 0.009714 -0.004120 0.999944 80.331752
0.999809 0.010675 0.016395 -5.647972 -0.010763 0.999928 0.005250 -0.892567 -0.016338 -0.005426 0.999852 80.793353
0.998907 0.009466 0.045783 -5.603312 -0.009788 0.999929 0.006815 -0.900574 -0.045716 -0.007255 0.998928 81.242962
0.996863 0.009044 0.078631 -5.544710 -0.009722 0.999919 0.008245 -0.907379 -0.078551 -0.008984 0.996870 81.686193
0.993209 0.008735 0.116015 -5.493744 -0.009806 0.999914 0.008670 -0.914907 -0.115930 -0.009749 0.993210 82.315334
0.987447 0.009281 0.157677 -5.390885 -0.010769 0.999905 0.008586 -0.915867 -0.157582 -0.010176 0.987453 82.667623
0.979218 0.009006 0.202610 -5.273856 -0.010966 0.999903 0.008553 -0.921215 -0.202514 -0.010597 0.979222 83.083523
0.967764 0.010953 0.251620 -5.144215 -0.013033 0.999893 0.006605 -0.931983 -0.251521 -0.009671 0.967803 83.476778
0.952401 0.011768 0.304622 -4.992198 -0.013580 0.999900 0.003831 -0.941358 -0.304547 -0.007785 0.952466 83.855698
0.932610 0.011450 0.360705 -4.827014 -0.013081 0.999912 0.002080 -0.953700 -0.360650 -0.006658 0.932678 84.207981
0.908589 0.013011 0.417488 -4.600507 -0.014165 0.999900 -0.000334 -0.956130 -0.417451 -0.005610 0.908682 84.194688
0.879410 0.011715 0.475922 -4.416090 -0.012496 0.999921 -0.001525 -0.965455 -0.475902 -0.004606 0.879486 84.961431
0.845688 0.010158 0.533581 -4.179571 -0.009767 0.999946 -0.003557 -0.973347 -0.533588 -0.002203 0.845742 85.272038
0.808604 0.009911 0.588270 -3.921120 -0.008853 0.999950 -0.004678 -0.982718 -0.588286 -0.001426 0.808651 85.565609
0.768408 0.008285 0.639906 -3.647946 -0.007931 0.999963 -0.003423 -0.994089 -0.639911 -0.002445 0.768445 85.837836
0.726582 0.009564 0.687013 -3.320842 -0.011323 0.999934 -0.001944 -0.997798 -0.686986 -0.006367 0.726642 85.546140
0.680507 0.007691 0.732702 -3.030580 -0.009241 0.999955 -0.001914 -1.001952 -0.732684 -0.005469 0.680547 86.358405
0.633697 0.006178 0.773557 -2.704531 -0.005308 0.999979 -0.003638 -1.003705 -0.773563 -0.001801 0.633717 86.573757
0.587371 0.003404 0.809311 -2.364879 0.000410 0.999990 -0.004503 -1.011581 -0.809318 0.002977 0.587364 86.753074
0.540333 0.006631 0.841425 -2.044861 -0.003820 0.999978 -0.005427 -1.028149 -0.841443 -0.000282 0.540346 86.334264
0.493696 0.008585 0.869592 -1.684086 -0.007482 0.999956 -0.005624 -1.043026 -0.869602 -0.003730 0.493738 87.013631
0.447923 0.010625 0.894009 -1.330809 -0.008397 0.999935 -0.007677 -1.051860 -0.894033 -0.004068 0.447983 87.161540
0.405602 0.008107 0.914014 -0.965698 -0.001276 0.999965 -0.008303 -1.057061 -0.914049 0.002202 0.405598 87.277406
0.364551 0.001511 0.931182 -0.638680 0.013554 0.999884 -0.006928 -1.056688 -0.931085 0.015147 0.364488 86.902604
0.331380 -0.002347 0.943495 -0.233436 0.016800 0.999853 -0.003414 -1.072002 -0.943348 0.016982 0.331370 87.369959
0.298125 0.001831 0.954525 0.148826 0.014408 0.999876 -0.006418 -1.076417 -0.954418 0.015666 0.298062 87.473484
0.267252 0.009449 0.963580 0.520626 0.003805 0.999934 -0.010861 -1.091642 -0.963619 0.006569 0.267199 87.571274
0.239013 0.013972 0.970916 0.921147 -0.000949 0.999899 -0.014156 -1.107939 -0.971016 0.002462 0.239002 87.664234
0.211037 0.015503 0.977355 1.269222 0.000229 0.999873 -0.015909 -1.116846 -0.977478 0.003582 0.211007 87.352118
0.189956 0.016201 0.981659 1.720608 0.006987 0.999816 -0.017853 -1.141496 -0.981768 0.010250 0.189808 87.652513
0.170026 0.022420 0.985184 2.156150 0.014323 0.999579 -0.025219 -1.140243 -0.985335 0.018399 0.169634 87.700889
0.150186 0.029023 0.988232 2.604707 0.016954 0.999346 -0.031926 -1.139960 -0.988512 0.021549 0.149596 87.757408
0.130160 0.030875 0.991012 2.934557 0.014181 0.999355 -0.032997 -1.137768 -0.991392 0.018348 0.129638 87.517364
0.116371 0.025297 0.992884 3.510570 0.011774 0.999570 -0.026848 -1.175639 -0.993136 0.014814 0.116023 87.789088
0.101814 0.021795 0.994565 3.999653 0.011952 0.999661 -0.023130 -1.198654 -0.994732 0.014242 0.101519 87.833286
0.088535 0.019420 0.995884 4.488016 0.014601 0.999677 -0.020792 -1.213355 -0.995966 0.016381 0.088223 87.864184
0.075246 0.019779 0.996969 4.834533 0.018827 0.999597 -0.021252 -1.213107 -0.996987 0.020369 0.074844 87.632257
0.065469 0.019884 0.997656 5.479606 0.021768 0.999535 -0.021350 -1.238213 -0.997617 0.023114 0.065006 87.828604
0.057564 0.020338 0.998135 6.021224 0.023981 0.999476 -0.021749 -1.253623 -0.998054 0.025188 0.057046 87.853905
0.052105 0.020686 0.998427 6.579863 0.025972 0.999419 -0.022062 -1.269818 -0.998304 0.027080 0.051537 87.874252
0.046412 0.021851 0.998683 7.161352 0.027222 0.999362 -0.023130 -1.284287 -0.998551 0.028260 0.045787 87.898518
0.040327 0.022441 0.998935 7.762044 0.027542 0.999343 -0.023562 -1.301703 -0.998807 0.028463 0.039682 87.927132
0.035967 0.022910 0.999090 8.227672 0.030256 0.999254 -0.024003 -1.311549 -0.998895 0.031092 0.035247 87.836648
0.033136 0.022590 0.999196 8.953603 0.032197 0.999201 -0.023658 -1.334172 -0.998932 0.032955 0.032382 87.890462
0.030110 0.022034 0.999304 9.605016 0.033275 0.999181 -0.023034 -1.354418 -0.998993 0.033945 0.029352 87.905775
0.027775 0.021419 0.999385 10.277333 0.035548 0.999117 -0.022401 -1.373120 -0.998982 0.036149 0.026989 87.920303
0.027061 0.020930 0.999415 10.966882 0.039936 0.998960 -0.022002 -1.397044 -0.998836 0.040508 0.026197 87.935180
0.027821 0.021183 0.999388 11.497943 0.042601 0.998842 -0.022357 -1.405155 -0.998705 0.043197 0.026886 87.845419
0.030398 0.020722 0.999323 12.333805 0.044697 0.998757 -0.022070 -1.431997 -0.998538 0.045337 0.029434 87.924441
0.034283 0.020545 0.999201 13.066870 0.047265 0.998637 -0.022155 -1.454403 -0.998294 0.047986 0.033265 87.949632
0.038513 0.020104 0.999056 13.819925 0.047392 0.998636 -0.021922 -1.475171 -0.998134 0.048192 0.037508 87.980840
0.042437 0.018887 0.998921 14.508767 0.048856 0.998586 -0.020957 -1.487807 -0.997904 0.049692 0.041454 88.029352
0.046586 0.017115 0.998768 15.325774 0.049033 0.998609 -0.019399 -1.511303 -0.997710 0.049876 0.045682 88.023209
0.050728 0.014844 0.998602 16.125383 0.045895 0.998799 -0.017178 -1.535935 -0.997657 0.046703 0.049986 88.070958
0.054788 0.013685 0.998404 16.938661 0.045046 0.998854 -0.016163 -1.558138 -0.997481 0.045860 0.054109 88.119523
0.058885 0.014574 0.998158 17.761349 0.042201 0.998963 -0.017076 -1.582200 -0.997372 0.043129 0.058208 88.177188
0.061623 0.019282 0.997913 18.433782 0.039902 0.998966 -0.021766 -1.594770 -0.997302 0.041160 0.060790 88.225774
0.063256 0.024475 0.997697 19.337949 0.034927 0.999033 -0.026722 -1.622584 -0.997386 0.036537 0.062340 88.269371
0.063115 0.027478 0.997628 20.168285 0.032118 0.999047 -0.029549 -1.654919 -0.997489 0.033907 0.062173 88.327735
0.063411 0.026943 0.997624 21.003626 0.029831 0.999138 -0.028880 -1.687616 -0.997542 0.031591 0.062552 88.383517
0.063427 0.025088 0.997671 21.843673 0.027209 0.999269 -0.026858 -1.724427 -0.997615 0.028849 0.062698 88.444995
0.062839 0.023964 0.997736 22.639472 0.027538 0.999289 -0.025736 -1.751745 -0.997644 0.029093 0.062134 88.579086
0.063528 0.023096 0.997713 23.408254 0.025392 0.999371 -0.024751 -1.786635 -0.997657 0.026906 0.062901 88.554546
0.063641 0.023323 0.997700 24.237767 0.023736 0.999409 -0.024877 -1.821090 -0.997691 0.025264 0.063050 88.613844
0.063739 0.023921 0.997680 25.065252 0.020738 0.999465 -0.025289 -1.854766 -0.997751 0.022301 0.063209 88.673564
0.062616 0.025280 0.997718 25.889469 0.018067 0.999487 -0.026458 -1.887739 -0.997874 0.019683 0.062127 88.730524
0.059708 0.024774 0.997908 26.709020 0.014789 0.999560 -0.025700 -1.921733 -0.998106 0.016293 0.059316 88.788466
0.055648 0.023942 0.998163 27.568444 0.011959 0.999625 -0.024644 -1.946932 -0.998379 0.013309 0.055341 88.923963
0.050562 0.021317 0.998493 28.299244 0.010106 0.999710 -0.021854 -1.981417 -0.998670 0.011196 0.050332 88.887781
0.044224 0.019246 0.998836 29.115629 0.007941 0.999776 -0.019615 -2.013612 -0.998990 0.008799 0.044061 88.929565
0.036794 0.019298 0.999137 29.926200 0.007270 0.999782 -0.019578 -2.047165 -0.999296 0.007984 0.036646 88.960503
0.028240 0.020671 0.999387 30.753011 0.007794 0.999751 -0.020899 -2.063335 -0.999571 0.008380 0.028071 89.034660
0.017957 0.021110 0.999616 31.488101 0.007882 0.999743 -0.021255 -2.091596 -0.999808 0.008261 0.017786 89.006522
0.007790 0.020131 0.999767 32.294374 0.009172 0.999754 -0.020202 -2.119806 -0.999928 0.009328 0.007604 89.009224
-0.002924 0.019157 0.999812 33.095582 0.008203 0.999783 -0.019132 -2.148346 -0.999962 0.008145 -0.003081 89.006974
-0.013725 0.018458 0.999735 33.998282 0.010393 0.999778 -0.018316 -2.168863 -0.999852 0.010139 -0.013914 89.063553
-0.024820 0.018643 0.999518 34.680891 0.010131 0.999779 -0.018396 -2.198988 -0.999641 0.009670 -0.025004 89.000114
-0.035727 0.019249 0.999176 35.461267 0.010818 0.999763 -0.018874 -2.225527 -0.999303 0.010134 -0.035927 88.968760
-0.046409 0.020450 0.998713 36.239760 0.010515 0.999745 -0.019982 -2.251015 -0.998867 0.009574 -0.046612 88.934180
-0.056465 0.021519 0.998173 37.148899 0.010306 0.999727 -0.020970 -2.278763 -0.998351 0.009103 -0.056671 88.949796
-0.065955 0.022228 0.997575 37.839813 0.012358 0.999693 -0.021458 -2.303084 -0.997746 0.010912 -0.066209 88.859990
-0.075720 0.022624 0.996872 38.599184 0.013023 0.999680 -0.021699 -2.332902 -0.997044 0.011339 -0.075991 88.802650
-0.085108 0.023195 0.996102 39.344270 0.013936 0.999659 -0.022087 -2.356347 -0.996274 0.012002 -0.085402 88.740653
-0.093657 0.022647 0.995347 40.081456 0.014952 0.999660 -0.021339 -2.383527 -0.995492 0.012884 -0.093963 88.668502
-0.101315 0.021363 0.994625 40.879086 0.015709 0.999679 -0.019871 -2.415003 -0.994730 0.013612 -0.101618 88.624184
-0.106251 0.019782 0.994143 41.604250 0.019962 0.999643 -0.017758 -2.441015 -0.994139 0.017958 -0.106608 88.531975
-0.110095 0.018242 0.993754 42.322937 0.023032 0.999610 -0.015798 -2.464712 -0.993654 0.021149 -0.110472 88.450579
-0.112652 0.017142 0.993487 43.026243 0.024761 0.999589 -0.014440 -2.486635 -0.993326 0.022973 -0.113030 88.366743
-0.114434 0.016348 0.993296 43.722583 0.025056 0.999594 -0.013565 -2.506670 -0.993115 0.023335 -0.114797 88.287551
-0.115171 0.016816 0.993203 44.396870 0.025721 0.999572 -0.013941 -2.527801 -0.993013 0.023941 -0.115554 88.208202
-0.114217 0.017939 0.993294 45.055225 0.026722 0.999531 -0.014979 -2.547559 -0.993096 0.024832 -0.114643 88.132886
-0.111981 0.019147 0.993526 45.639688 0.026056 0.999527 -0.016326 -2.576110 -0.993369 0.024059 -0.112427 88.080210
-0.106116 0.019863 0.994155 46.376541 0.027273 0.999482 -0.017059 -2.597278 -0.993980 0.025303 -0.106603 88.015889
-0.098172 0.020674 0.994955 46.980706 0.026656 0.999480 -0.018138 -2.617291 -0.994812 0.024741 -0.098672 87.964690
-0.087048 0.020508 0.995993 47.558487 0.025521 0.999506 -0.018349 -2.641833 -0.995877 0.023821 -0.087528 87.923375
-0.073254 0.020813 0.997096 48.119258 0.024972 0.999507 -0.019029 -2.664211 -0.997001 0.023506 -0.073737 87.890372
-0.056078 0.021964 0.998185 48.658526 0.024045 0.999498 -0.020642 -2.688823 -0.998137 0.022844 -0.056578 87.872928
-0.034704 0.024572 0.999096 49.175478 0.022431 0.999465 -0.023802 -2.710089 -0.999146 0.021585 -0.035237 87.867412
-0.011154 0.027108 0.999570 49.695284 0.019154 0.999455 -0.026891 -2.742452 -0.999754 0.018846 -0.011668 87.894210
0.017816 0.028828 0.999426 50.253534 0.017784 0.999417 -0.029145 -2.763339 -0.999683 0.018293 0.017293 87.918576
0.051019 0.028234 0.998298 50.770435 0.015428 0.999459 -0.029055 -2.785748 -0.998578 0.016885 0.050556 87.964236
0.089079 0.025577 0.995696 51.283960 0.014155 0.999537 -0.026942 -2.810004 -0.995924 0.016494 0.088676 88.031411
0.131419 0.021726 0.991089 51.785986 0.011722 0.999656 -0.023468 -2.832346 -0.991258 0.014702 0.131119 88.120311
0.176838 0.017288 0.984088 52.288551 0.009078 0.999775 -0.019195 -2.854056 -0.984198 0.012328 0.176642 88.232180
0.224031 0.014271 0.974478 52.549871 0.004593 0.999866 -0.015699 -2.867507 -0.974571 0.007993 0.223936 88.369490
0.276462 0.012223 0.960947 53.249493 0.000636 0.999917 -0.012902 -2.892003 -0.961025 0.004178 0.276431 88.552801
0.331570 0.011560 0.943360 53.711119 -0.000557 0.999927 -0.012058 -2.908840 -0.943430 0.003473 0.331553 88.745207
0.390032 0.011973 0.920723 54.154857 0.001689 0.999904 -0.013718 -2.923062 -0.920800 0.006906 0.389975 88.959078
0.448935 0.015517 0.893429 54.318973 0.003660 0.999809 -0.019204 -2.935146 -0.893557 0.011891 0.448793 89.197738
0.509006 0.018654 0.860561 54.946900 0.004021 0.999703 -0.024048 -2.953696 -0.860754 0.015701 0.508780 89.477989
0.566716 0.023126 0.823588 55.320481 -0.000259 0.999611 -0.027891 -2.964956 -0.823913 0.015593 0.566502 89.788998
0.622154 0.026833 0.782435 55.378362 -0.003171 0.999491 -0.031756 -2.968133 -0.782888 0.017275 0.621923 90.067862
0.672905 0.027719 0.739209 55.986950 -0.005873 0.999466 -0.032133 -2.993671 -0.739706 0.017281 0.672709 90.486680
0.722120 0.026639 0.691254 56.290773 -0.006653 0.999479 -0.031568 -3.002770 -0.691735 0.018197 0.721922 90.854727
0.767311 0.023371 0.640849 56.567906 -0.009055 0.999631 -0.025613 -3.018710 -0.641211 0.013850 0.767239 91.250124
0.810487 0.017687 0.585489 56.512987 -0.007358 0.999773 -0.020016 -3.023233 -0.585710 0.011914 0.810433 91.574108
0.845742 0.016840 0.533327 56.998431 -0.011750 0.999847 -0.012939 -3.030765 -0.533463 0.004677 0.845810 92.085305
0.876869 0.013637 0.480535 57.198692 -0.012596 0.999906 -0.005391 -3.037938 -0.480564 -0.001325 0.876959 92.537560
0.903809 0.012835 0.427744 57.137159 -0.013835 0.999904 -0.000770 -3.059192 -0.427713 -0.005221 0.903900 92.889493
0.923440 0.016054 0.383406 57.489899 -0.018943 0.999813 0.003762 -3.055451 -0.383274 -0.010737 0.923572 93.442110
0.938747 0.022142 0.343895 57.620133 -0.025981 0.999641 0.006560 -3.058014 -0.343627 -0.015093 0.938985 93.921170
0.950782 0.026120 0.308756 57.739541 -0.029301 0.999555 0.005668 -3.057186 -0.308471 -0.014436 0.951124 94.393751
0.960547 0.027007 0.276802 57.630484 -0.029568 0.999550 0.005081 -3.077669 -0.276540 -0.013065 0.960914 94.729951
0.966707 0.020398 0.255072 57.897943 -0.022574 0.999729 0.005606 -3.070620 -0.254889 -0.011178 0.966906 95.339097
0.970745 0.017108 0.239502 58.016183 -0.019142 0.999798 0.006171 -3.074703 -0.239348 -0.010575 0.970876 95.846593
0.973758 0.021064 0.226609 58.128731 -0.022978 0.999719 0.005810 -3.076483 -0.226423 -0.010864 0.973968 96.360353
0.975852 0.026208 0.216856 58.230312 -0.028222 0.999582 0.006194 -3.073692 -0.216603 -0.012165 0.976184 96.883465
0.976787 0.035816 0.211197 58.152115 -0.037646 0.999280 0.004651 -3.084555 -0.210879 -0.012494 0.977432 97.246403
0.977275 0.040250 0.208119 58.327000 -0.041445 0.999140 0.001384 -3.093997 -0.207885 -0.009978 0.978102 97.899907
0.977410 0.041402 0.207257 58.441174 -0.042124 0.999112 -0.000933 -3.106172 -0.207112 -0.007818 0.978286 98.450675
0.976932 0.040115 0.209748 58.566153 -0.040071 0.999187 -0.004460 -3.114174 -0.209756 -0.004047 0.977745 99.014831
0.976075 0.039944 0.213735 58.605992 -0.038368 0.999197 -0.011520 -3.108567 -0.214024 0.003044 0.976824 99.411112
0.975202 0.039280 0.217805 58.753503 -0.036670 0.999199 -0.016012 -3.127783 -0.218259 0.007627 0.975861 100.090484
0.974043 0.043778 0.222089 58.888161 -0.041351 0.999023 -0.015568 -3.139635 -0.222554 0.005980 0.974902 100.691467
0.972587 0.046782 0.227785 59.022480 -0.045334 0.998905 -0.011586 -3.152377 -0.228077 0.000942 0.973643 101.309335
0.971640 0.043649 0.232403 59.179888 -0.043214 0.999042 -0.006962 -3.165519 -0.232484 -0.003279 0.972595 101.935543
0.970887 0.039335 0.236288 59.336551 -0.040177 0.999192 -0.001253 -3.179324 -0.236146 -0.008277 0.971682 102.569689
0.970001 0.038200 0.240080 59.455668 -0.040073 0.999192 0.002924 -3.166704 -0.239775 -0.012457 0.970749 103.027181
0.969421 0.032494 0.243243 59.566555 -0.034486 0.999397 0.003933 -3.184870 -0.242969 -0.012202 0.969957 103.735455
0.969467 0.029015 0.243501 59.740980 -0.030138 0.999545 0.000890 -3.192142 -0.243364 -0.008201 0.969900 104.397621
0.969600 0.028163 0.243069 59.910837 -0.027521 0.999603 -0.006034 -3.202656 -0.243142 -0.000839 0.969990 105.064107
0.969730 0.030571 0.242257 60.076902 -0.028338 0.999518 -0.012699 -3.211038 -0.242529 0.005450 0.970129 105.746555
0.970273 0.035116 0.239453 60.269090 -0.031982 0.999344 -0.016963 -3.200701 -0.239892 0.008800 0.970760 106.307163
0.970920 0.032462 0.237195 60.397025 -0.030330 0.999460 -0.012633 -3.219334 -0.237477 0.005072 0.971380 107.048046
0.971373 0.028304 0.235868 60.571277 -0.027907 0.999598 -0.005019 -3.233217 -0.235916 -0.001708 0.971772 107.771138
0.971966 0.028496 0.233387 60.743772 -0.029513 0.999564 0.000866 -3.248120 -0.233261 -0.007730 0.972384 108.510086
0.972288 0.031799 0.231612 60.911496 -0.032740 0.999464 0.000221 -3.258268 -0.231481 -0.007797 0.972808 109.251498
0.972560 0.038785 0.229396 61.090227 -0.038790 0.999237 -0.004488 -3.251768 -0.229395 -0.004533 0.973323 109.896623
0.973507 0.038794 0.225340 61.275790 -0.037521 0.999247 -0.009930 -3.264244 -0.225556 0.001212 0.974229 110.724728
0.974450 0.037405 0.221470 61.444621 -0.035473 0.999290 -0.012694 -3.276243 -0.221787 0.004514 0.975085 111.489625
0.975410 0.035055 0.217593 61.619727 -0.033417 0.999379 -0.011202 -3.290129 -0.217851 0.003655 0.975975 112.275259
0.976296 0.031058 0.214200 61.792519 -0.029791 0.999514 -0.009140 -3.304933 -0.214380 0.002542 0.976747 113.069990
0.976635 0.031105 0.212640 61.969770 -0.030471 0.999516 -0.006261 -3.315354 -0.212732 -0.000365 0.977111 113.845493
0.977023 0.027012 0.211416 62.148159 -0.026814 0.999633 -0.003807 -3.328213 -0.211441 -0.001949 0.977389 114.672477
0.977229 0.021901 0.211054 62.327404 -0.021851 0.999758 -0.002569 -3.337743 -0.211059 -0.002101 0.977471 115.489120
0.977370 0.022509 0.210338 62.499902 -0.022808 0.999739 -0.001002 -3.349500 -0.210306 -0.003818 0.977628 116.312605
0.977092 0.028969 0.210839 62.620889 -0.028969 0.999576 -0.003086 -3.355857 -0.210839 -0.003093 0.977516 116.989622
0.976832 0.033941 0.211298 62.819786 -0.033347 0.999423 -0.006374 -3.366195 -0.211393 -0.000820 0.977401 117.922252
0.976295 0.042736 0.212183 62.986343 -0.041997 0.999086 -0.007992 -3.376568 -0.212330 -0.001108 0.977197 118.760925
0.975372 0.048569 0.215152 63.155921 -0.048114 0.998815 -0.007357 -3.390046 -0.215255 -0.003176 0.976553 119.608278
0.974609 0.050918 0.218046 63.333432 -0.050964 0.998686 -0.005419 -3.406523 -0.218035 -0.005831 0.975924 120.457351
0.973968 0.052230 0.220587 63.490885 -0.052128 0.998621 -0.006289 -3.424759 -0.220611 -0.005373 0.975347 121.195564
0.973660 0.050067 0.222439 63.707134 -0.049308 0.998743 -0.008967 -3.436620 -0.222608 -0.002237 0.974905 122.140886
0.973650 0.043865 0.223790 63.905359 -0.043261 0.999035 -0.007602 -3.453573 -0.223908 -0.002279 0.974608 122.984619
0.973881 0.037138 0.224003 64.105348 -0.036019 0.999310 -0.009078 -3.472006 -0.224185 0.000772 0.974546 123.827950
0.973635 0.036415 0.225186 64.302178 -0.035259 0.999336 -0.009153 -3.492628 -0.225370 0.000972 0.974273 124.674670
0.973092 0.039763 0.226962 64.476535 -0.039384 0.999205 -0.006203 -3.512729 -0.227028 -0.002903 0.973884 125.436582
0.972695 0.040937 0.228446 64.686409 -0.041921 0.999121 -0.000548 -3.523238 -0.228268 -0.009044 0.973556 126.390449
0.972348 0.044258 0.229305 64.874163 -0.046359 0.998918 0.003782 -3.538753 -0.228889 -0.014308 0.973347 127.236701
0.972112 0.043640 0.230421 65.065617 -0.044204 0.999019 -0.002716 -3.553340 -0.230313 -0.007545 0.973087 128.070526
0.972373 0.039428 0.230080 65.265706 -0.036497 0.999189 -0.016983 -3.573097 -0.230563 0.008117 0.973024 128.890059
0.972635 0.038397 0.229142 65.407869 -0.033292 0.999105 -0.026108 -3.592249 -0.229939 0.017765 0.973043 129.491794
0.972908 0.034502 0.228602 65.663947 -0.031466 0.999362 -0.016916 -3.613276 -0.229040 0.009265 0.973373 130.534020
0.973321 0.027959 0.227739 65.861191 -0.029621 0.999554 0.003884 -3.632868 -0.227529 -0.010526 0.973714 131.387878
0.973635 0.024350 0.226809 66.056665 -0.029464 0.999382 0.019189 -3.652916 -0.226201 -0.025366 0.973750 132.233400
0.973643 0.028849 0.226245 66.235844 -0.032726 0.999375 0.013401 -3.659363 -0.225717 -0.020451 0.973978 133.053792
0.973771 0.037939 0.224344 66.369789 -0.038341 0.999261 -0.002565 -3.667615 -0.224275 -0.006104 0.974507 133.716153
0.974076 0.037662 0.223065 66.578816 -0.036223 0.999288 -0.010540 -3.665988 -0.223303 0.002186 0.974747 134.629699
0.974701 0.033664 0.220964 66.766929 -0.031986 0.999426 -0.011165 -3.686610 -0.221213 0.003815 0.975218 135.448185
0.975378 0.032924 0.218068 66.948325 -0.031659 0.999456 -0.009293 -3.715434 -0.218256 0.002161 0.975889 136.268316
0.976157 0.033386 0.214484 67.056555 -0.031820 0.999436 -0.010747 -3.727319 -0.214722 0.003666 0.976668 136.879924
0.977209 0.033742 0.209582 67.285058 -0.031914 0.999417 -0.012099 -3.750972 -0.209868 0.005135 0.977716 137.876413
0.977608 0.038835 0.206820 67.443574 -0.037143 0.999237 -0.012056 -3.773711 -0.207131 0.004104 0.978305 138.693346
0.977765 0.044938 0.204833 67.596360 -0.043324 0.998985 -0.012361 -3.790149 -0.205181 0.003212 0.978719 139.507214
0.978082 0.046170 0.203037 67.752438 -0.045014 0.998933 -0.010310 -3.809009 -0.203297 0.000944 0.979117 140.320012
0.978357 0.045008 0.201972 67.879705 -0.044797 0.998980 -0.005615 -3.826354 -0.202019 -0.003554 0.979375 140.988461
0.978770 0.042983 0.200405 68.056557 -0.042756 0.999071 -0.005466 -3.844592 -0.200454 -0.003218 0.979698 141.845206
0.979359 0.041302 0.197862 68.214506 -0.040430 0.999147 -0.008449 -3.862759 -0.198042 0.000275 0.980193 142.643803
0.980494 0.036505 0.193127 68.376280 -0.034816 0.999320 -0.012136 -3.880794 -0.193439 0.005176 0.981099 143.443744
0.981860 0.033613 0.186607 68.531322 -0.031721 0.999411 -0.013119 -3.895521 -0.186938 0.006962 0.982347 144.246246
0.983057 0.032965 0.180312 68.647560 -0.032067 0.999455 -0.007892 -3.911997 -0.180474 0.001976 0.983578 144.953554
0.984220 0.029645 0.174447 68.795108 -0.030228 0.999543 0.000684 -3.924751 -0.174347 -0.005946 0.984666 145.810069
0.984907 0.026569 0.171035 68.932498 -0.028706 0.999538 0.010030 -3.933860 -0.170689 -0.014789 0.985214 146.619048
0.985400 0.033164 0.166997 69.051005 -0.035785 0.999279 0.012711 -3.940482 -0.166455 -0.018501 0.985876 147.426460
0.986081 0.037357 0.162017 69.152620 -0.039158 0.999202 0.007937 -3.942270 -0.161591 -0.014170 0.986756 148.136604
0.987299 0.036951 0.154517 69.290377 -0.037087 0.999310 -0.002003 -3.952963 -0.154485 -0.003753 0.987988 148.983903
0.988384 0.033893 0.148147 69.408668 -0.033161 0.999423 -0.007411 -3.956216 -0.148312 0.002412 0.988938 149.784995
0.989395 0.032883 0.141478 69.517648 -0.032324 0.999458 -0.006248 -3.969245 -0.141607 0.001609 0.989922 150.593738
0.990217 0.039292 0.133890 69.617404 -0.039284 0.999224 -0.002707 -3.983951 -0.133892 -0.002580 0.990993 151.421961
0.991012 0.044810 0.126041 69.703958 -0.044633 0.998995 -0.004223 -3.996514 -0.126104 -0.001441 0.992016 152.245179
0.992142 0.047620 0.115704 69.798483 -0.046787 0.998856 -0.009912 -4.008920 -0.116044 0.004421 0.993234 153.084630
0.993063 0.047705 0.107476 69.866620 -0.046656 0.998836 -0.012254 -4.021283 -0.107935 0.007155 0.994132 153.819837
0.993967 0.046343 0.099409 69.945135 -0.045649 0.998915 -0.009240 -4.037628 -0.099730 0.004646 0.995004 154.666787
0.994579 0.048908 0.091769 70.009708 -0.048927 0.998800 -0.002050 -4.052227 -0.091759 -0.002451 0.995778 155.506769
0.995129 0.052172 0.083640 70.066764 -0.052671 0.998605 0.003767 -4.063145 -0.083327 -0.008154 0.996489 156.346800
0.995788 0.051043 0.076169 70.120881 -0.051739 0.998635 0.007189 -4.069612 -0.075698 -0.011099 0.997069 157.170284
0.996085 0.053469 0.070401 70.165180 -0.054265 0.998482 0.009433 -4.072732 -0.069790 -0.013217 0.997474 157.979693
0.996475 0.051815 0.065981 70.214865 -0.052444 0.998593 0.007825 -4.080428 -0.065482 -0.011258 0.997790 158.796170
0.996515 0.056562 0.061309 70.253956 -0.056818 0.998382 0.002428 -4.087191 -0.061073 -0.005903 0.998116 159.615526
0.996388 0.062555 0.057422 70.284187 -0.062421 0.998041 -0.004123 -4.096230 -0.057567 0.000524 0.998341 160.435806
0.996444 0.064139 0.054638 70.310855 -0.063884 0.997937 -0.006402 -4.105159 -0.054936 0.002888 0.998486 161.251730
0.996475 0.066177 0.051550 70.350024 -0.066252 0.997803 -0.000259 -4.112673 -0.051454 -0.003157 0.998670 162.084633
0.996485 0.067570 0.049519 70.374921 -0.068143 0.997626 0.009970 -4.118497 -0.048728 -0.013309 0.998723 162.914652
0.996502 0.069228 0.046809 70.405539 -0.070114 0.997385 0.017541 -4.122584 -0.045473 -0.020762 0.998750 163.759468
0.996957 0.065860 0.041700 70.434982 -0.066508 0.997683 0.014346 -4.124820 -0.040659 -0.017075 0.999027 164.578270
0.997934 0.053395 0.035736 70.472232 -0.053595 0.998552 0.004673 -4.129043 -0.035435 -0.006578 0.999350 165.389448
0.998254 0.051785 0.028403 70.493409 -0.051803 0.998657 -0.000109 -4.128189 -0.028371 -0.001363 0.999597 166.186057
0.998293 0.054221 0.021716 70.496203 -0.054265 0.998526 0.001439 -4.130261 -0.021606 -0.002614 0.999763 167.027587
0.998540 0.052075 0.014342 70.499061 -0.052189 0.998608 0.007681 -4.137597 -0.013922 -0.008418 0.999868 167.863330
0.998812 0.048274 0.006719 70.498301 -0.048348 0.998766 0.011315 -4.141513 -0.006164 -0.011626 0.999913 168.566133
0.999290 0.037662 0.001263 70.516649 -0.037677 0.999169 0.015518 -4.134986 -0.000677 -0.015554 0.999879 169.613074
0.999429 0.033422 -0.005011 70.511859 -0.033340 0.999322 0.015621 -4.137200 0.005529 -0.015445 0.999865 170.446442
0.999482 0.030120 -0.011375 70.496353 -0.030020 0.999509 0.008924 -4.142439 0.011638 -0.008578 0.999895 171.274449
0.999571 0.021937 -0.019410 70.492425 -0.021966 0.999758 -0.001318 -4.148413 0.019377 0.001744 0.999811 171.994696
0.999591 0.012243 -0.025839 70.478226 -0.012381 0.999910 -0.005184 -4.149568 0.025773 0.005502 0.999653 172.842057
0.999354 0.015844 -0.032249 70.442767 -0.015777 0.999873 0.002321 -4.154090 0.032282 -0.001811 0.999477 173.695586
0.998953 0.026543 -0.037264 70.390793 -0.025981 0.999543 0.015466 -4.156725 0.037658 -0.014481 0.999186 174.552930
0.998630 0.031456 -0.041817 70.339252 -0.030494 0.999260 0.023450 -4.162441 0.042524 -0.022143 0.998850 175.404026
0.998469 0.031315 -0.045601 70.279556 -0.030405 0.999327 0.020515 -4.162725 0.046213 -0.019097 0.998749 176.130714
0.998334 0.032397 -0.047745 70.235978 -0.031956 0.999439 0.009983 -4.158684 0.048042 -0.008441 0.998810 176.959136
0.997785 0.043005 -0.050744 70.170382 -0.043021 0.999074 0.000777 -4.158843 0.050731 0.001407 0.998711 177.803108
0.997742 0.041167 -0.053059 70.116003 -0.041370 0.999140 -0.002719 -4.165129 0.052902 0.004908 0.998588 178.658750
0.997818 0.035952 -0.055369 70.096391 -0.035901 0.999354 0.001919 -4.173621 0.055402 0.000073 0.998464 179.575705
0.997843 0.035610 -0.055150 70.026470 -0.035057 0.999325 0.010960 -4.174507 0.055503 -0.009003 0.998418 180.376612
0.997796 0.037233 -0.054921 69.968088 -0.036377 0.999202 0.016511 -4.177601 0.055492 -0.014476 0.998354 181.241722
0.997708 0.037028 -0.056629 69.912830 -0.036191 0.999221 0.015731 -4.178265 0.057168 -0.013646 0.998271 182.096984
0.997690 0.033704 -0.058983 69.860716 -0.033371 0.999421 0.006611 -4.182275 0.059172 -0.004628 0.998237 182.943798
0.997849 0.023480 -0.061204 69.846841 -0.023830 0.999704 -0.004981 -4.194091 0.061069 0.006429 0.998113 183.944027
0.997901 0.013061 -0.063420 69.776020 -0.013644 0.999868 -0.008775 -4.199923 0.063297 0.009621 0.997948 184.640176
0.997808 0.015852 -0.064256 69.712927 -0.016157 0.999861 -0.004220 -4.211142 0.064180 0.005249 0.997925 185.500302
0.997631 0.021772 -0.065261 69.642365 -0.021398 0.999750 0.006425 -4.221233 0.065385 -0.005014 0.997848 186.363596
0.997505 0.022790 -0.066817 69.577826 -0.022173 0.999705 0.009962 -4.233103 0.067024 -0.008456 0.997716 187.218779
0.997464 0.021798 -0.067758 69.534641 -0.021419 0.999751 0.006324 -4.242694 0.067879 -0.004857 0.997682 188.116228
0.997470 0.022029 -0.067582 69.461206 -0.022082 0.999756 -0.000037 -4.243331 0.067565 0.001529 0.997714 188.865932
0.997269 0.028533 -0.068116 69.390294 -0.028631 0.999590 -0.000457 -4.250873 0.068075 0.002406 0.997677 189.705789
0.997175 0.030892 -0.068474 69.322940 -0.030794 0.999523 0.002488 -4.260039 0.068518 -0.000372 0.997650 190.548262
0.997012 0.034765 -0.068987 69.278903 -0.034440 0.999389 0.005903 -4.276761 0.069150 -0.003509 0.997600 191.451308
0.996836 0.038477 -0.069548 69.197355 -0.037956 0.999241 0.008800 -4.277057 0.069834 -0.006132 0.997540 192.252911
0.996663 0.041715 -0.070165 69.127640 -0.041223 0.999114 0.008453 -4.283375 0.070456 -0.005533 0.997500 193.075715
0.996765 0.039087 -0.070224 69.086219 -0.038849 0.999234 0.004749 -4.298723 0.070356 -0.002005 0.997520 193.976845
0.996576 0.040925 -0.071844 69.008272 -0.041061 0.999157 -0.000409 -4.302452 0.071767 0.003357 0.997416 194.760322
0.996427 0.042107 -0.073217 68.941255 -0.042236 0.999108 -0.000216 -4.305362 0.073142 0.003307 0.997316 195.563981
0.996327 0.043041 -0.074032 68.894805 -0.042446 0.999053 0.009592 -4.316669 0.074375 -0.006414 0.997210 196.595457
0.996266 0.040672 -0.076156 68.824229 -0.039352 0.999049 0.018758 -4.320363 0.076847 -0.015691 0.996919 197.193336
0.996445 0.034568 -0.076824 68.769285 -0.033075 0.999240 0.020631 -4.327107 0.077479 -0.018017 0.996831 197.968633
