0.999999892236196 -0.000463946616241951 -1.67670611863745e-05 0.00400220474308252 0.000463944577870203 0.999999885012356 -0.000121370109500194 -7.24522509917968e-05 1.68233685099852e-05 0.000121362317433765 0.999999992494081 0.00414946113328389
0.999050695089425 -0.000837978461133437 0.0435546373355954 0.0428422531985444 0.00095054247702145 0.999996261726749 -0.00256378656029065 -0.0188544025693388 -0.0435523261185432 0.00260275327797804 0.999047756899057 1.04084068956929
0.996060848073695 -0.00566592636632464 0.0884911533042902 0.136478354176754 0.00636746238577593 0.999950484523824 -0.00764747823371262 -0.0414131611333923 -0.0884434415741367 0.00818081774523591 0.99604760521952 2.0808075701029
0.991073097045231 -0.00393414434922126 0.133261542919979 0.277302349126133 0.00553213455436296 0.999917144418117 -0.011623243350796 -0.0622866991002086 -0.133204773940149 0.0122567045717391 0.991012745322983 3.10487238149474
0.98379417608643 -0.00134403743168744 0.179296437950689 0.459263966879153 0.00394859812972777 0.999891797239845 -0.0141704758312216 -0.0905539581358554 -0.179257991931275 0.0146488011746883 0.983693033904841 4.12700762445749
0.974153285612482 -0.0047907799128201 0.22583716381108 0.680255949768112 0.00821763450154443 0.999864888897806 -0.0142363770874568 -0.123943706074511 -0.22573844735358 0.0157242607840291 0.974061035566658 5.16170482674261
0.962572887153874 -0.0043465751821554 0.270988088668932 0.985719784240245 0.00891711533171203 0.999837967948714 -0.0156372280902891 -0.158711676896555 -0.270876211525516 0.0174684038301343 0.962455678406653 6.16825454382799
0.949134848609675 -0.00682416968439952 0.31479591779883 1.32062913268147 0.0132616922097185 0.999744356740079 -0.0183125281187671 -0.195410111943514 -0.314590474544961 0.0215557851743903 0.948982708720813 7.15619696068428
0.933832299863248 -0.00970618380726356 0.357579397795814 1.6862324583624 0.0180203228320243 0.99963903761654 -0.0199264256229715 -0.226672110588957 -0.357256915534391 0.0250516360539148 0.933670130096211 8.17654009755985
0.916723933459057 -0.00880684105533482 0.399424172245472 2.1234363997022 0.0185756795154724 0.999615363588578 -0.0205929358813276 -0.260595279485305 -0.399089180452055 0.0262976125969655 0.916534921112015 9.14602781277604
0.897114669907529 -0.00912600101669586 0.441703503656184 2.59222791543519 0.0196846306443152 0.999619417044035 -0.0193270894068312 -0.29686937196483 -0.441359019793527 0.0260333857572546 0.89695288531389 10.1048021067702
0.87486981819936 -0.00872062860823494 0.484279621541621 3.1195871190912 0.0198886177395203 0.999641440031864 -0.0179285876586187 -0.338053064722224 -0.483949629701511 0.0253168324973479 0.874729566154061 11.0134534334791
0.851430788174403 -0.00942389758364529 0.524382306245212 3.63785227023501 0.021435515082512 0.999628401878413 -0.0168397402342806 -0.371569400098723 -0.524028750777915 0.0255782781348474 0.851316404191646 11.9332207882631
0.825857686969867 -0.00951760554352368 0.563798276032748 4.23248533759513 0.0231105775367591 0.999588734078466 -0.016978336471147 -0.405813844020582 -0.563404811905878 0.0270513934600035 0.825737997208058 12.8118176737466
0.798466860860515 -0.0114497881188155 0.60192987503495 4.87163500924606 0.0265743920408846 0.999514936091761 -0.0162386642659199 -0.445913232154511 -0.601451971312102 0.0289619557612763 0.79838382456264 13.6604133464314
0.76931345730261 -0.00968903686087825 0.638798033010289 5.5356861200589 0.0266352527991939 0.999502062596773 -0.01691715617709 -0.485753126482511 -0.638316040626764 0.0300291430031822 0.769188457303583 14.4046754396899
0.739268048065429 -0.0138880295664657 0.673268056381923 6.28483013889978 0.0327308877540166 0.999346700776912 -0.0153251633966839 -0.511849257332057 -0.672615374561394 0.0333660648123519 0.739239652360838 15.2878800170786
0.707205203590697 -0.0127335077950929 0.706893667954009 7.07139378168765 0.0329111959703887 0.999346848349155 -0.0149241373087005 -0.539411998969759 -0.706241922569058 0.0338191436000763 0.70716236631492 16.0859671964211
0.673103756059412 -0.0114662290681501 0.739459166668227 7.88506350722889 0.0342649110439569 0.999289540194126 -0.0156949268798015 -0.573972469039003 -0.738753849025413 0.0359018168003975 0.673018432214578 16.8301593548459
0.636590391255542 -0.0112909303805445 0.771119438642457 8.64073155555136 0.0372061174273164 0.999178152132209 -0.0160849348040104 -0.622749734425412 -0.770304081896949 0.0389298753248224 0.636487302481435 17.3933588720226
0.601332687208798 -0.0109091949593833 0.798924269727478 9.56631503921184 0.0392142590845246 0.999104742894649 -0.0158730781472475 -0.638763113917876 -0.798035864594254 0.0408742240385676 0.601222135845435 18.1472570289411
0.563579286784348 -0.00954806540437644 0.826006792922843 10.4954582832223 0.0422037445747418 0.998960133422487 -0.0172480658740903 -0.665353934959779 -0.824983170405018 0.0445812323692466 0.563396203633751 18.7852235606642
0.525121584720764 -0.00813630337493546 0.850988320617706 11.463658997987 0.0477558277883018 0.99866037767693 -0.0199206167180211 -0.687532041075825 -0.849686237485701 0.0511003975088575 0.524806676026353 19.3793466466356
0.485645306452464 -0.00553426620304788 0.874138437673511 12.2428532556464 0.0472789220049499 0.998682602563582 -0.0199439933533824 -0.733196058766665 -0.872876474568276 0.051014029780284 0.485267172710904 19.6246083644689
0.447910303346215 -0.00912081677871346 0.894031974180784 13.4355291916444 0.0548565152287973 0.99834439819503 -0.0172981308110663 -0.737741207905395 -0.892394040148887 0.0567914896255872 0.447669078464051 20.4049384707954
0.410556973908522 -0.00969389921821829 0.911783416987294 14.4610223598928 0.0595892499925599 0.998091190044587 -0.0162202848527416 -0.75055873959372 -0.909885757917115 0.0609918410390021 0.410350950853378 20.8911336306827
0.37581542744164 -0.00724369063458755 0.92666622547865 15.5493901803437 0.0608706824360278 0.998002831166543 -0.0168851711077148 -0.789040877697903 -0.92469320561829 0.0627525133325745 0.375505788975105 21.2976623677139
0.342366214966792 -0.00801541748352744 0.939532398553598 16.5985734436964 0.0613917372572357 0.998017556556324 -0.0138568178844595 -0.810533453283535 -0.937558760529627 0.0624236324472496 0.34217957371275 21.6660297467034
0.307511533806911 -0.00716414973315572 0.951517383726815 17.4555575033103 0.0603902548262836 0.998102684262339 -0.0120020327582154 -0.873943115106635 -0.94962607046023 0.0611531407771806 0.307360732162306 21.8172468286506
0.276847595288552 -0.00923225627617531 0.960869488758487 18.9365353579468 0.0650393084548311 0.997840735536515 -0.00915176811684595 -0.86990204454795 -0.958710225948729 0.0650279320599864 0.276850267677924 22.2982615196588
0.244595588133672 -0.00594079834426473 0.969606984907069 20.0463288373359 0.0619140862670843 0.998036235339316 -0.00950362412118922 -0.89317204118449 -0.967646445860912 0.0623568750400274 0.244483079062718 22.5962326936924
0.213563985341217 -0.00427723817732856 0.976919714919681 21.2439019140197 0.0622203399015323 0.998019735870877 -0.00923234069792891 -0.902848999377019 -0.974945666931094 0.0627559721922882 0.213407203455006 22.8745752608596
0.183061206260599 -0.00420456224184145 0.983092526885831 22.4317774840343 0.0647223417385865 0.997872950643515 -0.00778414117792844 -0.915568876287628 -0.980968711653072 0.0650530247594897 0.182943955153903 23.0880709410483
0.152469058816313 -0.00444608504821881 0.988298243665045 23.628737872521 0.0662997951281219 0.997783240057183 -0.00573960163774216 -0.934342011717302 -0.986081904949907 0.0663990827401623 0.152425846042029 23.2578343951946
0.119686899052793 -0.00255133881420815 0.992808408941716 24.2429149792262 0.0608300812225395 0.998136746552094 -0.00476827021674371 -0.982599259526151 -0.990946389777765 0.0609633156304327 0.119619090172758 23.0393590264052
0.091970252931966 -0.00501065671289901 0.99574914807643 26.2883028289511 0.0661731548998894 0.997807558323065 -0.00109092802665677 -0.969927737419009 -0.993560559878574 0.0659921955436367 0.0921001844792125 23.5568235620528
0.0648672173952861 -0.00451942158177995 0.997883670041734 27.6936117891219 0.0680262389507858 0.997683527730653 9.64838280236918e-05 -1.00152451346929 -0.995572536243143 0.0678760143458985 0.0650243935374417 23.614760254972
0.0394825264487644 -0.00412258759434744 0.999211756524487 29.0281365208135 0.0721184659683977 0.997395270471727 0.00126542759371044 -1.00916975586808 -0.99661429699337 0.0720116567796964 0.0396769998393972 23.6557789976367
0.0165353133969525 -0.00374421130604688 0.999856271817385 30.392176073291 0.0763201595496835 0.997080299754673 0.00247165682146162 -1.01544856856412 -0.996946245620683 0.076268320571702 0.016772794042636 23.6782098538442
-0.00282355817201307 -0.00387340843449005 0.999988512047188 31.8054445792461 0.0823029282560585 0.996598955478869 0.00409266892200127 -1.02423212286034 -0.996603359175418 0.0823135386526824 -0.00249516226847191 23.5658800554836
-0.0232640102889039 -0.00211393366370463 0.999727121323486 32.049222655553 0.0813618678172522 0.996676597517189 0.00400080327524591 -1.03995588176883 -0.996413083159071 0.0814327406270027 -0.0230147010280288 23.3154459992943
-0.0354133118139244 -0.00380963831067786 0.99936549070013 34.5489266716936 0.0881375455310603 0.996084274429214 0.00692035422404821 -1.04939561589739 -0.99547861374021 0.0883266941007521 -0.0349388708332441 23.424456259737
-0.0496776367491965 -0.00459158967418507 0.998754749531275 35.9740680006076 0.0905162475924606 0.995853580397728 0.00908049177118735 -1.0557599205464 -0.994655187152209 0.090854629564432 -0.0490560389545935 23.3314066971469
-0.0629416098418611 -0.00571870542114044 0.998000826732534 37.4045851805152 0.0906265568021496 0.99581944617265 0.0114218136293305 -1.05322729159193 -0.99389394854416 0.091164285949612 -0.0621602124722536 23.2300912885161
-0.0752591986629658 -0.00572018194836503 0.997147598169442 38.8551105055181 0.090557934957477 0.995812143337348 0.0125473343030884 -1.05414408814932 -0.993043459991982 0.0912439296630394 -0.0744260160615944 23.1175667484077
-0.0862981027563086 -0.00294116831102661 0.996265018451229 40.3018770979883 0.0905729037458799 0.995831422950893 0.0107854610768238 -1.04989349311806 -0.992143732816824 0.0911653804498523 -0.0856719723114421 22.9720008267084
-0.0961461023976966 0.000398736716248987 0.995367152362767 41.7896855091038 0.0910093766717362 0.995814675309493 0.00839200786883256 -1.04760460106913 -0.991197871442203 0.0913946029439355 -0.0957799885214374 22.7894867678137
-0.105761708408474 0.00288740148804532 0.994387310833746 43.2798251994403 0.0923108853635386 0.995706141110917 0.0069268317004889 -1.04445813067725 -0.990097551495771 0.092525366611833 -0.105574121144461 22.6466655173717
-0.11643177581489 0.0069517350116346 0.993174362818996 42.5711980007572 0.0903206141144298 0.995906170074063 0.00361760617041067 -1.01588943540625 -0.989083327251341 0.0901253226831391 -0.11658300890214 22.244302614995
-0.121124074580499 0.00637892852113822 0.992616878673711 46.0507127663776 0.0900973857511544 0.995922364739201 0.00459396267777491 -1.05212026838398 -0.988540044529217 0.089988625298975 -0.121204899566706 22.1809914301477
-0.126218079687351 0.00789677464348936 0.991971086932612 47.6192503410021 0.0912402638443983 0.995822101329397 0.00368195023173195 -1.0537118268341 -0.987797656716011 0.0909724323854997 -0.126411257142011 21.9731004999548
-0.130973848041963 0.00953759028139577 0.991339944469456 49.2189145185504 0.0902765830667123 0.995913970619768 0.00234556478633807 -1.05355445456158 -0.987266929294646 0.0898019904901453 -0.131299706112117 21.7724972733616
-0.134984475709799 0.0103040973544609 0.990794134467428 50.8341859193954 0.0908491236214402 0.995862618488427 0.00202035506522013 -1.0644534563341 -0.986674023198426 0.0902854953748556 -0.13536211165001 21.5477177340559
-0.139039996067965 0.010533855694218 0.990230739463098 50.972129337048 0.0886513393497229 0.996060997545672 0.00185180987697328 -1.03617084867764 -0.986310711451985 0.0880427569566831 -0.139426157598013 21.3961390772081
-0.140343401819568 0.00809923757718129 0.990069761136244 53.4477127809493 0.0905763541167311 0.995878458541104 0.00469253542508202 -1.03799371644036 -0.985951141609275 0.0903354756696587 -0.140498570081352 21.0668316982835
-0.142652555619784 0.00696733251127168 0.989748303687772 55.1506418515589 0.0903267330223532 0.995894062002284 0.00600820855999119 -1.02955291990403 -0.985642597332651 0.0902578170923117 -0.142696169454816 20.8097786223889
-0.144657319812545 0.0077807516084707 0.989451221500615 56.8528907704002 0.0928887717990851 0.995659884335313 0.00575072161109004 -1.02441162318131 -0.985112143818311 0.092740792695545 -0.144752234773399 20.5366020434843
-0.145770304357396 0.00757590593195966 0.989289454111819 58.5544869833008 0.0930320621497081 0.995644527779799 0.00608356098957136 -1.02205985637167 -0.984934542890909 0.0929224405160082 -0.14584020799774 20.2864064670069
-0.147404663735366 0.00967447446034626 0.989028952889136 58.0036430841428 0.0927461380825854 0.995681415108215 0.0040833171404277 -1.00457222031279 -0.984718243448262 0.0923305158223402 -0.147665354325755 20.087667085862
-0.147175605897981 0.00933153109694853 0.989066359531022 61.5219034994284 0.0944476210892544 0.995518917948958 0.0046616388016461 -1.02242741486123 -0.984590771792598 0.094101044272224 -0.147397440845267 19.7848719131889
-0.146260527707674 0.0109739159287589 0.989185236042199 63.1314814170419 0.0936553403842229 0.995600734129687 0.00280275185200012 -1.01384067707503 -0.984802790030668 0.0930524119494872 -0.146644854591612 19.5249557326638
-0.145053920163579 0.0107082807755975 0.989365803415506 64.9477410677796 0.0944922952382074 0.995520831774705 0.00307890292391385 -1.0219399397228 -0.984901297788663 0.093934052533841 -0.14541604928197 19.2415843851561
-0.144802022178902 0.0101454356974303 0.989408633734015 65.4896544365819 0.0919869001346404 0.995754907058145 0.00325196452082961 -1.02148518780565 -0.985175509529404 0.091483524222312 -0.145120571316906 19.0882519982699
-0.142887777867931 0.0105325021994589 0.989682852904598 68.6014356566416 0.0945200212952947 0.995518282709106 0.00305194466673268 -1.02750492582404 -0.985215229536319 0.0939809299237359 -0.143242927575389 18.7776894200546
-0.141759258275408 0.0113790341530991 0.989835759242385 70.4028765659172 0.0944213292989019 0.995530157399107 0.00207804772266473 -1.02662299015394 -0.985387703021828 0.0937561906790797 -0.14220004023457 18.5028475204489
-0.140802885759088 0.0119635412583982 0.989965363556964 72.3342391833427 0.0958533227572912 0.995394176916285 0.00160408152484338 -1.03196214418859 -0.985386567737911 0.0951173288192556 -0.141301117759167 18.2285504263419
-0.139729589888474 0.0119008957055933 0.990118180012368 74.3109909681196 0.0954688933560228 0.995431271211476 0.00150820942905114 -1.03401419533168 -0.985576649536187 0.0947362284224474 -0.1402273686315 17.9387283502763
-0.139004906075017 0.0102409677964866 0.990238738217036 76.2835163024208 0.0976788131834499 0.995212117093863 0.00341927545305845 -1.04673163182583 -0.98546257439953 0.097200640780514 -0.139339692441562 17.6570184228999
-0.138223155269602 0.00827055177602965 0.990366577243313 78.2846106856741 0.0993517333604833 0.995036861506588 0.00555673657703609 -1.05387478837857 -0.985405293483642 0.0991627057740921 -0.138358828261799 17.3519046896194
-0.137871871002014 0.00981253499728615 0.99040146473202 78.457464275397 0.0999768130215638 0.994981485237875 0.00405966647438372 -1.04076424153854 -0.985391284741475 0.0995768958682635 -0.1381609849588 17.2213218154105
-0.136905946964785 0.0115658670162802 0.99051652808312 81.8307261375487 0.101652617239323 0.994816978647154 0.00243400980768422 -1.050846539778 -0.985354508333966 0.101021827916099 -0.137372061171182 16.8395501048151
-0.136227014844156 0.0111516783361263 0.990614880009854 83.8546972669771 0.101137057946763 0.99486881506968 0.0027085626675434 -1.06484994068443 -0.985501646846175 0.1005568539292 -0.136655856776569 16.5527116499757
-0.136166858900594 0.0109609069697654 0.990625279838722 85.9045011157984 0.101914829836297 0.994788599044804 0.0030017777922726 -1.08353886482725 -0.985429832102004 0.101368149479389 -0.136574317770728 16.2718481150101
-0.136182091363747 0.00999137257536061 0.990633439000449 85.4493580658092 0.101618525111602 0.994815653236261 0.00393591542765534 -1.07027891261007 -0.985458326539453 0.101202710191828 -0.136491384724055 16.1272428622602
-0.136285925457063 0.0101039134563489 0.990618017933844 89.5124004271834 0.102053939223394 0.994771245320744 0.0038939661021505 -1.09632920437915 -0.985398975040719 0.10162716376975 -0.136604463956406 15.6951367050665
-0.136319252971917 0.0101468800081334 0.990612993098354 91.4861477171777 0.103473746549414 0.994623934891088 0.00405116240067915 -1.0914107178389 -0.985246286490949 0.103054689208544 -0.136636327482571 15.4352991609858
-0.135906009889692 0.0111032540534612 0.990659514780576 91.6233542217088 0.103935883806694 0.99457913238017 0.00311150947772524 -1.0757606254403 -0.985254732814405 0.103387945058082 -0.136323307924517 15.2966553876262
-0.13712633407921 0.0116027931906523 0.99048561003791 94.8760433550128 0.103464021132683 0.994629606236691 0.00267258835234687 -1.1004466124878 -0.985135302805179 0.102846106331841 -0.137590383309761 14.8815028997812
-0.138046518650806 0.0120797287192946 0.990352078223932 96.8559166386222 0.102477733737406 0.994732972107921 0.00215134594789036 -1.10960506435978 -0.985109878529516 0.101786022397038 -0.138557327009984 14.6003001286254
-0.139425571028651 0.0126692496414494 0.990151503688631 98.9813458229982 0.101780495869615 0.994805589330941 0.00160315203718221 -1.1222960088212 -0.984987939420514 0.101001631419704 -0.139990819865763 14.2992060522885
-0.140443874100401 0.0118110585463717 0.990018190299393 101.108196472411 0.100320383828542 0.994952382698187 0.00236151470359584 -1.12447709079184 -0.984993065364505 0.0996506651217917 -0.140919857098352 13.9913684368376
-0.140886495947511 0.0118524014297979 0.989954804948175 102.690788956016 0.101025214391477 0.994880809060866 0.00246613453661416 -1.11112205507414 -0.984857807664024 0.100357841461161 -0.141362662469509 13.8023543017067
-0.141634666501974 0.0106770295974356 0.989861415696081 105.015714279146 0.0984098024311597 0.995140345966567 0.00334703077404554 -1.11708083663374 -0.985015295328116 0.0978861219403332 -0.141997095396869 13.3884417833863
-0.143289881348217 0.0117267176295223 0.989611284291389 107.186790476718 0.0984235485622143 0.995141577316281 0.0024588991206857 -1.12019472377561 -0.984774499564055 0.097753389660419 -0.143747903700412 13.0679120888954
-0.145765613724516 0.0122504943426787 0.989243302349768 109.357286382468 0.0972653807631843 0.995256457921839 0.00200715466972787 -1.13305466743624 -0.984526196482607 0.096511700602753 -0.146265717399042 12.7418633597867
-0.149805502426474 0.013407366433853 0.988624576858203 111.611987920449 0.0980570979794956 0.995179858023843 0.00136224795206358 -1.13284110731018 -0.983841001879161 0.0971457292368105 -0.15039810608002 12.377569259671
-0.154539716996247 0.0124132678614591 0.987908592255235 112.789231750829 0.0933715992211349 0.995629123439976 0.00209595253591654 -1.13728509349803 -0.983564548125647 0.0925665130549095 -0.15502328964142 12.2543716061003
-0.158986197325072 0.0120742830299594 0.987206969560804 114.768061731915 0.0948846813304069 0.995483427364857 0.00310533263034916 -1.14037475131778 -0.982710682911782 0.0941645237402623 -0.159413789114458 11.8033559482157
-0.163552081842955 0.0127180180394761 0.986452719871552 116.989331255222 0.0931730517221422 0.995646505122115 0.00261137337435564 -1.15047859621372 -0.982124991514634 0.0923379058418851 -0.164025035244979 11.4425099475624
-0.168103034200848 0.0143677975439093 0.98566471798792 119.235244989836 0.0936497387272497 0.995604136950696 0.00145908292377242 -1.16567901728873 -0.981310907067065 0.0925525195788738 -0.168709616770401 11.0429393497372
-0.172657616024071 0.0160729790303875 0.984850753654569 121.55389913847 0.0931009229650349 0.995656674202966 7.25130813871778e-05 -1.17599126645807 -0.980572060468757 0.0917030340838135 -0.173404116928866 10.6306894325265
-0.177954010573157 0.0162466884088197 0.98390467792194 123.946895212887 0.0898717036153444 0.99595333244741 -0.000190987369836345 -1.20073892568843 -0.979926245699239 0.0883912026315202 -0.178694007418126 10.38370455892
-0.182920985647272 0.0158605524702286 0.98299967237287 127.226816030094 0.0894280338154282 0.995993122848572 0.000570969574928073 -1.21491066636174 -0.979051857552876 0.0880121702589363 -0.183606421752005 9.78969005988091
-0.187873728086552 0.015350560981064 0.982073226685478 129.353010368234 0.0874097617004325 0.996171776925586 0.00115083291326529 -1.21819654135643 -0.978295965367503 0.0860589979867724 -0.188496294422938 9.34218412914948
-0.193856804342874 0.0149527087214826 0.980915876062702 128.980410309695 0.0856381573022659 0.996324790958137 0.00173693295706398 -1.23685159277114 -0.977284833313114 0.084340544366962 -0.194424862484311 9.20344098315255
-0.19921738594948 0.0147855434787137 0.979843773690223 134.221183023887 0.0871032403316482 0.996195692829228 0.00267714628331728 -1.23681537689533 -0.976076563932965 0.0858809017915754 -0.19974737056663 8.50714880241514
-0.204805180340841 0.0164246660130086 0.978664941873324 136.485560225811 0.0873863598752869 0.996173259456963 0.00156883735201344 -1.24325781498953 -0.974894077432673 0.0858432728246736 -0.205456735828851 8.02935999312978
-0.210298490602307 0.0175655864079941 0.977479409002837 137.326324442556 0.0872812161919308 0.996183327204912 0.000876298470317143 -1.27355604807205 -0.973733297238237 0.0854998758659621 -0.211028995819191 7.71684241575485
-0.216226522145536 0.017420912131487 0.976187790817604 140.384347314123 0.0865647609444317 0.996245248540367 0.00139532196156656 -1.27880590367413 -0.972498140503868 0.0848051683640215 -0.216922682389995 7.08670644990561
-0.221759428775835 0.0175273976484518 0.974943868169183 142.765604097183 0.086393994195811 0.996259528729066 0.00174045495010785 -1.29653402180098 -0.971266612993523 0.0846152571833959 -0.222444205894149 6.54836964645801
-0.227197612825799 0.0181838101361529 0.973678896646728 142.714074148371 0.0854008214794305 0.996345801732362 0.00132025033022866 -1.31432593414935 -0.97009687372803 0.0834529353541766 -0.227920300025853 6.30876302906682
-0.232578606682711 0.0186043562407743 0.972399645023791 146.781399858543 0.0846622303766946 0.996409002677197 0.00118580414775133 -1.33790358703172 -0.96888569937902 0.0826013154417028 -0.233318503822838 5.50843535551148
-0.236784586732274 0.0178632116236753 0.971397943767905 149.090713633689 0.0853911521606285 0.996344387051089 0.00249269421922009 -1.32671817842453 -0.96780236134177 0.0835390211953548 -0.237444354152748 4.92939361207122
-0.240455126492287 0.0180037779141028 0.970493274641509 151.354880087794 0.0874734403713525 0.996161734924929 0.00319297681711181 -1.33269688659907 -0.966710778554361 0.0856601532345982 -0.241107048371978 4.50814638595597
-0.244072487822462 0.0187159222564557 0.969576368803533 153.755907443555 0.0869173696784731 0.996212000428165 0.00264972660649527 -1.34443606958078 -0.965854021856476 0.0849197530437049 -0.244774680076732 3.74311338854693
-0.24686938111507 0.0193974602350926 0.968854605812601 156.134692757705 0.0876185377504879 0.996151253226164 0.00238170913595726 -1.3562508960108 -0.965079530665908 0.0854775949145153 -0.247618820482816 3.08967791018055
-0.250330612939875 0.0187960716947948 0.967977939786848 158.465025866044 0.0868891090468638 0.996213084375828 0.00312621935262969 -1.3961028418574 -0.96425352835973 0.0848893291718263 -0.251015805953666 2.52558707742778
-0.254178539217548 0.0191044395873158 0.966968608895495 160.774207064824 0.0873169455121561 0.996175212068739 0.00327076233165619 -1.40483132485608 -0.963207672948913 0.0852641029264814 -0.254874501518849 2.06633202316658
-0.258460491730781 0.0192510802733435 0.965829990279134 162.951205623179 0.0859891706118831 0.996291082982846 0.00315285685513884 -1.43840785127649 -0.962187111092101 0.0838658087493218 -0.259157267640826 1.30881664667955
-0.262703423380866 0.0184798485429512 0.964699645766392 165.303901374736 0.0839930376203514 0.996459155045493 0.00378443619687037 -1.48515285104214 -0.961213858085327 0.0820222379836806 -0.263325409903543 0.668767941231659
-0.267871606106204 0.0209365651150846 0.963227108673372 164.9064540144 0.0873879429195253 0.996170831748028 0.00264979371588203 -1.42281633301697 -0.959483272430727 0.0848842400898115 -0.268675484013706 0.507824080319523
-0.272762776419228 0.020509449125017 0.961862687859688 170.14523327251 0.0846546254227099 0.996406531485885 0.00276014615723506 -1.45822642085653 -0.958349655498772 0.0821789906780131 -0.273518831703647 -0.550535929424135
-0.277025048918856 0.020357027805792 0.960647028668918 172.528542461782 0.083863830333105 0.996472501370756 0.00306789402817711 -1.48317084490756 -0.957195894388064 0.0814134229155252 -0.27775506176452 -1.26888773556542
-0.280640762940515 0.0202638722280991 0.959598946257492 173.72261079142 0.0848859221031233 0.996383488290189 0.00378477098082909 -1.46467053778942 -0.956051851316062 0.0825186024178677 -0.281345939814552 -1.68114166688167
-0.28523658901351 0.0199077604733092 0.958250368828979 177.427268431597 0.084892704084772 0.996379620210852 0.00456959753741637 -1.48812981310508 -0.954690168107493 0.0826518814148594 -0.285893947850372 -2.62862543544143
-0.28913896387813 0.0207486463076443 0.957062251498763 179.840804160745 0.0861381221728505 0.996273379813371 0.00442454334121462 -1.498108927451 -0.953403840707607 0.0837188530239365 -0.28984870220917 -3.35983596979049
-0.292686554674269 0.0219817468309135 0.955955743494001 182.236862588469 0.0865278284427735 0.996242986503849 0.00358423588359586 -1.50739606814293 -0.952285417098196 0.0837658322238425 -0.293488960156874 -4.1018396013591
-0.29563243407781 0.0243460536900233 0.954991483517498 180.101642854768 0.0873158340548638 0.996179339028251 0.0016338961228771 -1.49390985223721 -0.951303005905338 0.0838689105864585 -0.296628718758835 -4.08105049412023
-0.299658563231453 0.0249281163450749 0.953720784348096 187.031530460698 0.0878308524151183 0.996134182075945 0.00155969994617422 -1.51070304988929 -0.949994993063698 0.0842334869002513 -0.300689595494307 -5.546840099934
-0.302868208210837 0.0257436784158264 0.952684686282288 189.454859166949 0.0878749924785932 0.996130989388636 0.00101866407810053 -1.52582926451813 -0.948972514961337 0.08402568060563 -0.303958633446586 -6.32432984722113
-0.306442360684536 0.0256823062104329 0.951542694116141 191.896696518249 0.0877436151495426 0.99614214684587 0.00137159680283166 -1.53616099471021 -0.947836556363268 0.0839121113130527 -0.307513609449091 -7.08907582319445
-0.309992105815213 0.0260436091330487 0.950382357136103 191.294660272462 0.0879226415100538 0.996126348208794 0.00138112783849646 -1.57286416653638 -0.946664937262464 0.083988266011013 -0.311081127248695 -7.31871502230601
-0.31402864089009 0.0265940415803179 0.949040973642944 197.206859384535 0.0899765331013166 0.995942141252592 0.00186407303254327 -1.5791909914549 -0.945140326190662 0.0859767889004195 -0.315147196685267 -8.69225605616285
-0.317209353327674 0.0268551522505604 0.947975224865628 199.632014762574 0.091818285746929 0.995772603582322 0.00251482750473428 -1.58885340879372 -0.94390022172046 0.087839186884229 -0.318334177686882 -9.48620869406049
-0.319867647916072 0.0263502731625231 0.947095745382113 202.051295413009 0.0922738658547143 0.995727651719302 0.00346082097060515 -1.596091433398 -0.942958228924731 0.0884991904246858 -0.320932503491481 -10.2978503186625
-0.322354974885382 0.0254502722924755 0.946276679310488 200.943035012197 0.0901224750794949 0.995922994133951 0.00391525743877796 -1.62045824773732 -0.942319059370122 0.0865428991628137 -0.323334373292269 -10.4815840835599
-0.325228987588517 0.0264790704645499 0.945264494445593 205.4642052062 0.0921807395617239 0.995734952784191 0.00382296451973668 -1.62535008739398 -0.941131668198453 0.0883785190597746 -0.326282730898831 -11.7160354655586
-0.328212876690168 0.0284401349040649 0.944175548455584 207.925844680922 0.0915004281838456 0.995803388393878 0.00181198936103969 -1.6402199840475 -0.940161677168846 0.086987185205122 -0.3294377792439 -12.5655934489401
-0.331290211309265 0.0299919585851157 0.943052107951035 204.397175516615 0.0887773050656484 0.99605137899912 -0.000490407209764963 -1.64604557851523 -0.939343060865381 0.0835591575722212 -0.33264467708033 -12.2661276231443
-0.334616934084435 0.031055012051202 0.941842393211536 211.781949725798 0.0889638104760477 0.996034093553393 -0.00123487037866188 -1.67279419841567 -0.938145483307102 0.0833766796278787 -0.33605264683486 -14.1024878554971
-0.33810321816337 0.0320806295550869 0.940562091025851 214.243523475745 0.0871613402040325 0.996190693850455 -0.00264617829803362 -1.68683136911813 -0.937064093134194 0.0810859710005211 -0.33961147016185 -14.9735099077085
-0.342014127171682 0.0322985720953062 0.939139573788475 216.652936157226 0.0881739747522219 0.996102776979448 -0.00214659503095377 -1.71586141056532 -0.935548869376361 0.0820735032421347 -0.343529115322379 -15.8069699976869
-0.34508024451838 0.0312549534863364 0.938052638568701 217.080865951632 0.0873741937538916 0.996175009344503 -0.00104929659131482 -1.74412105188317 -0.934497391707967 0.0815995014693478 -0.346491192169384 -16.3017716809783
-0.349100012680055 0.0305469248246686 0.936587458025433 220.136550624522 0.0855951064407691 0.996329829136104 -0.000591038928216431 -1.75346736530711 -0.933168076447206 0.0799609714634415 -0.350433423266737 -17.3599964999386
-0.353144210382854 0.030356526895083 0.935076279213594 222.567100610546 0.0856835006012377 0.996322406407018 1.46985189336481e-05 -1.77513453470665 -0.931637002484223 0.0801257996290637 -0.354446542987818 -18.2412222122471
-0.356852635766333 0.0303395214355133 0.933667879808278 225.029987808695 0.0846506385016541 0.996410692838993 -2.44413520465696e-05 -1.79976628663729 -0.930317400540205 0.0790268602133569 -0.358140041906704 -19.187145324989
-0.360486524045062 0.0307655668297278 0.932256909805207 227.536334405339 0.0834919370339885 0.996508271452037 -0.000601147225263825 -1.82453117288918 -0.929020216374338 0.0776192297392824 -0.361796479726461 -20.1451835711728
-0.363381942485164 0.0317853865810785 0.931097875132147 225.307577211087 0.0841489890358767 0.996452490638192 -0.00117539150268001 -1.82250225047616 -0.927832156976653 0.0779238288383988 -0.364767549789198 -19.957882918391
-0.366438516703566 0.0325847891681883 0.929871520690334 231.878207933001 0.0861325593526066 0.99628321401987 -0.000969371758931058 -1.85947773581169 -0.926446974033301 0.0797369987966817 -0.367883154449124 -21.9500593673967
-0.368933737834672 0.0322070766946097 0.928897519265783 234.320968310033 0.0868970778182209 0.996217294110188 -2.79719441357593e-05 -1.88625312534879 -0.925384674043174 0.0807081602228866 -0.370336870861444 -22.9357530280028
-0.371332808505677 0.0316611647185948 0.927959867653741 236.819328380606 0.0881506129783813 0.996106324729259 0.00128812495662595 -1.90525629709753 -0.924305909728388 0.082278554210865 -0.372677910209537 -23.9447586395891
-0.374278363496875 0.0334972477991911 0.926711196116666 235.752320854526 0.0922214471641223 0.995737732726638 0.00125391681099963 -1.93927044879101 -0.922719302551462 0.0859319615410558 -0.375772253745072 -24.007789780051
-0.376645319197758 0.0334474014920609 0.925753517335931 241.877387295777 0.0904595019930649 0.995899795642235 0.000821911748313522 -1.95946869043676 -0.921930247917697 0.0840527713593324 -0.378126631700586 -25.968183884159
-0.378929523344748 0.0337339179713948 0.924810488216922 244.161054529379 0.0900216742519752 0.995939650858273 0.000556788266401846 -1.96678892925923 -0.921036652095124 0.0834639720274655 -0.380427720954724 -26.8985525375652
-0.381549922808216 0.0350391877024583 0.923683880843547 246.584237461976 0.0897628032084227 0.995962923947007 -0.000702341152747169 -1.98642418744678 -0.91997950823114 0.0826444762103358 -0.383154792462144 -27.9229765291104
-0.384495857043595 0.0361114203364377 0.922420132714804 249.010895527962 0.0895616341684069 0.995979900323376 -0.00165886615561041 -2.01898038065907 -0.918771815850593 0.0819756273115546 -0.386184343190504 -28.9502520062994
-0.386766704943883 0.0362014164021932 0.921466751107888 246.000360328754 0.086382056352881 0.996257913798398 -0.00288262628719033 -2.04898115557864 -0.918122898247887 0.0784832889508266 -0.388446543385782 -28.4196622389439
-0.38942425322162 0.0370268275645801 0.92031394917348 253.183492055175 0.0879603029250396 0.996119883844192 -0.00285694234601008 -2.07107065600821 -0.916848807662485 0.0798385311158466 -0.391170132854165 -30.8514615156616
-0.391930150408753 0.0365484044744582 0.919268715518452 255.639641040769 0.0894845824556858 0.995987156621056 -0.00144684091602134 -2.10748759122086 -0.915632713866922 0.0816933165949095 -0.393627914813495 -31.8906762858918
-0.394905882941011 0.0355784525063364 0.918032416277244 258.053413165245 0.0898939247099378 0.995951342813101 7.10564883725775e-05 -2.1423212950687 -0.91431308965738 0.0825535975353883 -0.396505331130794 -32.9282213026084
-0.398236306763752 0.034734636919657 0.916624977279818 256.431325522121 0.0883315569213303 0.99609092881162 0.00063054821997361 -2.17908061120135 -0.913019923127103 0.0812180185504641 -0.399747737249025 -32.7590827413057
-0.400102521474608 0.0352898253565116 0.91579069690403 261.94483199913 0.0867086097299931 0.996233586891459 -0.000507294855400216 -2.1831314865468 -0.912359353165382 0.0792039681814332 -0.401655501787243 -34.8556087285928
-0.403758970495486 0.0347595804728762 0.914204826781053 264.379902594147 0.0852117008814435 0.9963628373959 -0.000249578210376066 -2.20567822621537 -0.910888390406485 0.0778001788027594 -0.405252356440949 -35.9242686146572
-0.408263109271359 0.0345551751038808 0.9122100489918 264.708612045805 0.0864203213099815 0.99625832332297 0.000938762154687423 -2.27139489309361 -0.9087644148363 0.0792167474922044 -0.409721790052707 -36.271541312579
-0.410972183789102 0.0345081720006594 0.910994539070784 267.666010221468 0.0856440056256799 0.996325399708642 0.000895653841671205 -2.26299013009 -0.907616090895267 0.0783893102443726 -0.412417443359767 -37.6358320346934
-0.414640379444013 0.0343752371071108 0.909335855890635 269.848498019209 0.0850455258788984 0.996376444137625 0.0011135958168937 -2.26440738844088 -0.906002546498908 0.0777966878568214 -0.416061366983287 -38.6591176618403
-0.418660893131544 0.033651403676636 0.907518947236305 272.230004777722 0.0839781996995256 0.996465981432362 0.00179159796444833 -2.29546422194602 -0.904251468639961 0.0769618793860423 -0.420007322059799 -39.7289258113432
-0.422077012841338 0.0335462866872266 0.905939093913289 274.593666429613 0.0826315965895028 0.996578884885003 0.00159544552799404 -2.3031800564544 -0.90278625071276 0.0755325946255094 -0.423405022021629 -40.899889575692
-0.426704820784767 0.0342401435675344 0.903742556532288 272.609439260736 0.0812155834054875 0.996696386875033 0.000584296466187171 -2.35181726842943 -0.900736934366049 0.073647301096026 -0.42807598637406 -40.4857754306115
-0.429239567845496 0.0340463125417184 0.9025487477129 277.716204943116 0.0818203241500841 0.996646226521925 0.00131670633911151 -2.36641110681786 -0.899476974664604 0.0744120135591016 -0.430585675895393 -42.7443091308064
-0.433223636376851 0.0339545159093228 0.900646640882972 279.758937192376 0.0817936387840919 0.996647714767871 0.00177011367954478 -2.3875399902125 -0.89756731309628 0.0744340211015404 -0.434548610587791 -43.6670632752199
-0.436969997302272 0.034328429697677 0.898820772107623 282.126897244395 0.0803870102168218 0.996763214068048 0.00101176535571641 -2.41271436414509 -0.895876749361235 0.0726956256952651 -0.438315178791154 -44.8019717327465
-0.440419554228055 0.034314573976032 0.897136068980846 284.490341254501 0.0807203475211672 0.996735655497886 0.00150284904809012 -2.45072992613172 -0.894155938161584 0.0730790193697396 -0.441751757413973 -46.004360574166
-0.443574293095317 0.0345807009489507 0.895570221494032 286.867439473467 0.0806756771738946 0.996739319076317 0.00147136664856852 -2.46484843186348 -0.892599171866927 0.0729033944968286 -0.444917760325789 -47.2418971339055
-0.448311544102709 0.0364774457141581 0.893132775895284 290.18315086187 0.083390060828933 0.996516310206112 0.00115812268023007 -2.53960375331571 -0.889979133002113 0.0749975962772558 -0.449791622169024 -48.2663180463737
-0.450963058813989 0.0386332391248992 0.891706113256969 291.967144579603 0.0861697357645756 0.996280384543487 0.000414743468249067 -2.51326412612518 -0.888373286531847 0.0770251141420744 -0.45261466565723 -49.6774332435899
-0.453208859924417 0.0393540231903562 0.89053522678485 294.324793042594 0.0870873886220262 0.996200631739288 0.000296757881686314 -2.51167598008955 -0.887140076892599 0.0776888806778491 -0.454914191677965 -50.961928280127
-0.45653189985198 0.0412126231817793 0.888752014967066 296.666568312058 0.0890412139183496 0.996027841433111 -0.000448680335524183 -2.56724934436339 -0.885240242330572 0.0789307213990436 -0.45838810475179 -52.1211040378481
-0.458433666058822 0.0432891397049207 0.887673714946813 299.068104385522 0.089959582743649 0.995943181726116 -0.0021100345612062 -2.58544853958455 -0.884163925579672 0.0788874461297156 -0.460468156930177 -53.4733041544789
-0.461247071033844 0.0439388545090993 0.886183116814537 301.344908722533 0.091116256617726 0.99583835114629 -0.00195093982755908 -2.60965015745017 -0.882580855923508 0.0798458230007448 -0.463331066632339 -54.6643883125528
-0.465754118974597 0.0451634677162565 0.883760918937944 303.480222232765 0.0908010188821295 0.99586441823193 -0.00303899153446613 -2.67114309911432 -0.880243304790309 0.0788309690630658 -0.467928843616649 -55.1627026773572
-0.469043439096803 0.0453264686008044 0.882011203718198 306.775490526925 0.0915063827677342 0.995801321214155 -0.00251208696287079 -2.67098444941405 -0.878421786019114 0.0795313769044923 -0.471221737544722 -57.0360845283832
-0.472467527402682 0.046653905171906 0.880112406844834 309.135564293437 0.0923036419714178 0.995725662806702 -0.00323142491254576 -2.69030531751549 -0.876501268241415 0.0797108371575904 -0.474754367237236 -58.3061898746996
-0.475538132666386 0.0464916395619363 0.878465714658808 306.717864772415 0.0887759020826673 0.996040736702414 -0.00465725656600919 -2.72474942342592 -0.875204161090186 0.0757718831767824 -0.47778268923253 -57.7831473291833
-0.478881839823788 0.0465186333347245 0.876645994823254 313.608592150875 0.0892770878465254 0.995998459345418 -0.00408296059221441 -2.75795043383612 -0.873327993982002 0.0763091458098127 -0.481118622787716 -60.5602720660891
-0.480906343478692 0.0465242886202471 0.875536737875878 313.877994828355 0.0889028286201825 0.99603188409362 -0.00409547704713641 -2.78916964228175 -0.872253045775872 0.0758681516665136 -0.483134192225537 -60.9700194014664
-0.483467366619067 0.0470567410612878 0.874096658576794 317.552617738715 0.0916709152580441 0.995785122009908 -0.00290414866459969 -2.80839773868959 -0.870549107581059 0.0787251796085885 -0.485743345178725 -62.7769425849023
-0.48570267856698 0.0473126630851587 0.872842723487256 319.936744113874 0.092662128524868 0.995694695378569 -0.00240905214112203 -2.82296353640577 -0.869198848348352 0.0797093815480215 -0.487995672647956 -64.1068010929531
-0.487500254216593 0.0469848438054589 0.871857744469437 322.35275786071 0.0923545102088097 0.995724140666721 -0.00201993505119199 -2.84391331471528 -0.868224709728333 0.0795352761112753 -0.489755033941516 -65.4517933873583
-0.489829929475628 0.0463021486174217 0.870587589633181 324.779478310573 0.0920667334295254 0.995752165390188 -0.00115832481095323 -2.85905623452609 -0.866943110466608 0.079584773381352 -0.492012100522254 -66.806811204039
