0.999999998966408 4.53849904957563e-05 2.71780308637975e-06 -9.42953028079024e-06 -4.53849729383288e-05 0.999999998949237 -6.45986763492419e-06 0.000127515770551104 -2.71809626455519e-06 6.4597442808278e-06 0.999999999975442 8.66985672766685e-05
0.999996655886009 -0.00222754991768196 -0.00131386382984982 -0.00437594123092881 0.00223146109275281 0.999993061319046 0.00298293398428194 -0.0208931779690789 0.00130721007901675 -0.00298585584502816 0.999994687919232 1.53268519086446
0.999992851546242 -0.00265072928127541 -0.00269638474510945 -0.0164063043711593 0.0026607902922169 0.999989486506265 0.00373457788213779 -0.0389982832494694 0.00268645704173994 -0.00374172570003436 0.999989391162401 3.05957408813072
0.999990252964025 -0.0014884926001239 -0.00415672548107118 -0.0294084776034991 0.00150361397692753 0.999992255449635 0.00363705729398286 -0.0546898070121649 0.00415127955623302 -0.00364327195398616 0.999984746607425 4.55672375459799
0.999983067915695 -0.000898827383319209 -0.00574943399390512 -0.0469093613428813 0.000919163857047651 0.999993327799564 0.00353546236838825 -0.0714479103180141 0.00574621786213971 -0.00354068717756705 0.999977221997877 6.06224304227046
0.999975197947133 -0.00126359012982627 -0.00692869616709794 -0.0641098535529925 0.00128845509556493 0.999992742351811 0.00358540474293743 -0.0889538658423532 0.00692411539901415 -0.00359424313142156 0.99996956855809 7.61891001767765
0.999961465674106 -0.00113480364525002 -0.00870513570148702 -0.0849518232239106 0.00117006246170308 0.999991129070411 0.00404632355611213 -0.104035769141067 0.00870046669611981 -0.00405635318626989 0.999953922877498 9.0489149118398
0.999941681491572 -0.00297242159996218 -0.0103825972492027 -0.104507863580015 0.00300646766404593 0.999990150154307 0.003265079869167 -0.1200190647239 0.0103727897882932 -0.00329610439747767 0.999940768709732 10.5375571122914
0.999922467452796 -0.00432119234564006 -0.0116784579386518 -0.124894374282228 0.0043623413537189 0.999984358736493 0.00350032288207818 -0.140822653790084 0.0116631497043685 -0.00355099691314254 0.999925677918062 12.1103671340715
0.999907299687819 -0.00390851462469411 -0.0130428349848835 -0.151827183591348 0.00395407224010246 0.999986165700204 0.00346896539692669 -0.154077695287043 0.0130290960444077 -0.00352021613449742 0.999908921219644 13.541318003976
0.999895350579789 -0.00336810990463575 -0.0140692474778051 -0.180820241109415 0.00341695723094675 0.999988213201899 0.00344932755116254 -0.170602682792249 0.0140574639321362 -0.00349704059793746 0.999895073702663 15.0228277248891
0.999890098891446 -0.00227261856786621 -0.0146500970542985 -0.207359879785261 0.00233118576927468 0.999989354973566 0.0039818980977876 -0.191791983590852 0.0146408917680757 -0.00401561258054397 0.999884752930976 16.6040327929285
0.999884182279216 -0.0008372973790814 -0.0151960837363268 -0.236233663358788 0.000911164203726909 0.99998780105268 0.00485463959733516 -0.207400136591737 0.0151918335830906 -0.00486792347157915 0.99987274766015 18.0088210368685
0.999873883096824 -0.000339365782181333 -0.0158777432825076 -0.269092751349273 0.000429120761757743 0.99998394759562 0.00564981472716247 -0.219394233985846 0.0158755710527577 -0.00565591565931795 0.999857978345827 19.4937925944437
0.999868341107494 -0.000518390188263219 -0.0162182527591804 -0.304053156667779 0.000609754821492054 0.999983971109603 0.00562900727713538 -0.235182924399971 0.0162150747764424 -0.00563815532608745 0.99985263041836 20.9550887619344
0.999857937886706 -0.00052977435243456 -0.016847058618035 -0.337677434762243 0.000626310524645432 0.99998341368357 0.0057253901945798 -0.253516825527466 0.0168437460225071 -0.00573512832367112 0.999841685729816 22.5519521569676
0.999856420805198 0.000915873460974414 -0.0169203708712875 -0.366252481988012 -0.000809837515267228 0.999979999428262 0.00627255184534928 -0.260991117485181 0.0169257773179638 -0.00625794848630217 0.999837164813814 23.896848876861
0.999855935083778 0.00194877275828383 -0.0168615349977792 -0.401719648659903 -0.00182270395789147 0.999970296998038 0.00748884984083112 -0.272289845852768 0.0168756282261328 -0.00745703737372962 0.999829788396795 25.3302770707902
0.999858131960079 0.00204971557170188 -0.0167186907195864 -0.438370483038012 -0.00194797446726025 0.999979500614914 0.00609948730810821 -0.283057999117082 0.0167308502108221 -0.00606605440315151 0.999841628276799 26.7684916462429
0.999859309743928 0.00294706131024763 -0.0165128903596495 -0.47147369246299 -0.00287616904225358 0.999986553034251 0.00431525228888681 -0.307061336939222 0.016525385624443 -0.00426715131088672 0.999854340916542 28.2967917675189
0.999867996463654 0.000388538086192637 -0.0162431119529078 -0.493932406127326 -0.000321077204816345 0.999991313907781 0.00415560084919788 -0.321378953136724 0.0162445854729404 -0.00414983700220678 0.999859436268752 29.6951479369407
0.999873718911742 -0.000297105496214104 -0.0158889256378738 -0.530751211611378 0.000402243784625826 0.999978044420449 0.00661429338568389 -0.328924178536724 0.0158866116443846 -0.00661984934709931 0.999851885613605 31.128368944613
0.999872394020126 -0.00203678516727082 -0.0158444685188352 -0.557058486888017 0.00216111499110458 0.999966980574227 0.00783373111990449 -0.343018612606167 0.0158279897162336 -0.00786697320741101 0.999843780534788 32.5415313689427
0.999874477030846 -0.00284314650279363 -0.0155867475842464 -0.581723549554029 0.00295588283460308 0.99996960589055 0.00721457218176954 -0.360008821820369 0.0155657617532667 -0.00725973918687968 0.999852490744499 33.9922834109194
0.999883256083021 -0.00275851890847254 -0.0150287982968782 -0.615729833845524 0.00284286916062689 0.999980311848685 0.00559410492775185 -0.375051760781689 0.0150130709634041 -0.00563617675723007 0.999871412338511 35.3356123706696
0.999892442259823 -0.00177953557343419 -0.0145580618500471 -0.642924213816665 0.00184801043785956 0.999987287399723 0.00469147059730751 -0.386625189114053 0.0145495281404064 -0.00471786944358585 0.999883019627199 36.7172772153556
0.999906043612101 -0.00117047392184911 -0.0136577428147126 -0.672450036116828 0.00122124360890235 0.99999237392947 0.0037095346001912 -0.403081594638395 0.0136532967462909 -0.00372586549684388 0.999899847691886 38.071729293229
0.999924148607158 -0.000251859349034397 -0.0123139595223494 -0.695681606072136 0.000313178377086994 0.999987560836166 0.00497796065066955 -0.423269043224178 0.0123125526010605 -0.00498143953127941 0.999911789263754 39.4314352244566
0.99994178297833 -0.000234682452124467 -0.010787751307128 -0.724024427652938 0.00031113115571304 0.999974849205441 0.00708548897108641 -0.441868708774785 0.0107858171466849 -0.00708843288055317 0.999916706664998 40.7555213571258
0.999957462270058 -0.000898045533769481 -0.0091797148455529 -0.740240160012725 0.00097150164055623 0.999967522136025 0.00800067857756972 -0.454718516164144 0.0091722317343591 -0.00800925635489732 0.999925858240326 42.0783292216097
0.999976592479996 -0.000490415823792499 -0.00682451349302809 -0.759415747803724 0.000549860434828351 0.999961904678361 0.00871130561555833 -0.471234095504604 0.00681998134887178 -0.00871485423545464 0.999938767710331 43.3706301963266
0.999993255163101 -0.000801772575461587 -0.00358424176666289 -0.759300332584394 0.000830552440944548 0.999967371611697 0.00803529057582185 -0.48472495924447 0.0035776823430112 -0.00803821327984572 0.999961292909041 44.5721951205747
0.999999033603994 -0.00136784752902471 0.000248564308472867 -0.777900411071126 0.00136621012428629 0.999978120775999 0.00647235963130994 -0.499891104182554 -0.00025741207120733 -0.00647201378537267 0.99997902316828 45.9111179703109
0.999992307362021 -0.00146174568257345 0.00363985114275032 -0.779841197974873 0.0014445475076659 0.999987802630265 0.00472312112825378 -0.512773935001104 -0.00364671074805765 -0.00471782685709627 0.999982221647198 47.137421409925
0.99996888832624 -0.00121821731148599 0.00779347972130294 -0.777302840376987 0.00117699628092883 0.999985306871348 0.00529157076588854 -0.526132704933175 -0.0077998114938147 -0.00528223323961772 0.999955629491961 48.364711006932
0.999912258642391 -0.00076809262185858 0.0132244111549654 -0.775081691606589 0.000697586732794848 0.999985523958724 0.00533528309906843 -0.549777719493085 -0.0132283177094276 -0.00532558980031536 0.999898319682485 49.6519084432533
0.999805058367498 0.000719948317388509 0.0197313693691955 -0.757292710665985 -0.000805251939771969 0.999990363342868 0.00431564487783471 -0.5536633859542 -0.0197280721834859 -0.00433069230243583 0.999796003328731 50.7603101043454
0.999630446761832 0.00198530284841096 0.0271114086564978 -0.732921695715107 -0.00210530789191343 0.999988110190034 0.00439854035392166 -0.571692178953089 -0.0271023538723075 -0.00445399272169608 0.999622741019539 51.9458065780432
0.999361595215517 0.00304470789082004 0.0355967942679798 -0.703907455117052 -0.00324020705448233 0.999979977206297 0.00543564575161817 -0.586060532499262 -0.0355795315672001 -0.00554751659326765 0.999351450688448 53.1231704324766
0.99893608032902 0.00514412671512932 0.045828434156454 -0.667621172742523 -0.00543548160408327 0.999965788528039 0.00623516745794692 -0.60853599859982 -0.0457947918067701 -0.0064776333514379 0.998929866061446 54.4415969789339
0.998223006703072 0.0076707764875291 0.0590930459255299 -0.615690076736227 -0.00804058130394928 0.999949536370732 0.00602277047977924 -0.612902369652875 -0.0590438645497819 -0.00648721049726997 0.998234310249348 55.4539176365008
0.997211505001223 0.00978354331394356 0.0739830830218696 -0.54660381982477 -0.0102931805711732 0.999925829727775 0.00651041296310888 -0.625301537923558 -0.0739139007692455 -0.00725377994187748 0.997238245330387 56.5893053044124
0.995835325008404 0.0121886974577475 0.0903517632350908 -0.461688383279461 -0.0129456533965411 0.999885805296851 0.00779656488493986 -0.637087013908822 -0.0902464155717169 -0.00893375733675102 0.995879396541722 57.7079511851142
0.994084003264041 0.0121632330396493 0.107930765848121 -0.335396270486311 -0.0131663871756365 0.999876450142363 0.0085866582235352 -0.651458522387112 -0.107812989492361 -0.00995691783283129 0.994121330162466 58.6018753723426
0.991799220646946 0.011750817586807 0.127264387045833 -0.226192899378909 -0.0128680610897675 0.999885516889309 0.00796028383845728 -0.667784511982392 -0.127156277579598 -0.009532649214168 0.991836886625548 60.0182179643793
0.989008747460376 0.0108832638388979 0.14745593245126 -0.0714239264819233 -0.0120429202703478 0.999903161675828 0.00697390436166821 -0.67019781401399 -0.147365754224716 -0.00867305245554225 0.989044039789373 61.1090051489006
0.985649676606133 0.00818265796930663 0.168605335368675 0.101373512139917 -0.0094611430736374 0.999932251871096 0.00678074035329553 -0.679425874756141 -0.168538428193591 -0.00827863373727754 0.985660317982558 62.1763563474879
0.981737397427567 0.00310340801879479 0.190215802053393 0.307268063953074 -0.00488124710638276 0.999948670436183 0.00887862149187878 -0.687821011790309 -0.190178484374109 -0.00964496508954294 0.981702153776586 63.2464388888786
0.977163603434023 -0.0029854710204424 0.212467360050013 0.550342637626935 0.000743802330179185 0.999943225472737 0.0106297972356997 -0.708174380764692 -0.212487032267688 -0.0102290172531171 0.977110346032681 64.4955399376983
0.971447354680103 -0.00771426506882968 0.237129768691065 0.781574534494254 0.00548293286897862 0.999934286163334 0.0100678101977461 -0.709320081236897 -0.237191851740705 -0.00848018098105224 0.971425813944814 65.3237655985621
0.964909478456011 -0.0137889613394353 0.262220447202213 1.0558247594166 0.0120402498031883 0.999893276964588 0.00827448280521844 -0.714775719734523 -0.262306558763646 -0.00482692720025815 0.964972522926626 66.3256690377963
0.957282900732392 -0.0171222327861324 0.288645590837267 1.34707031254225 0.0152240609395607 0.999845205955273 0.00881998280982126 -0.71819818643591 -0.288751928017608 -0.00404886066375349 0.957395388955597 67.3154061015352
0.948521033363772 -0.0195497268778942 0.316110198262444 1.66363987908366 0.0169055972709639 0.999795418634199 0.0111050285447217 -0.719712722982083 -0.31626262828136 -0.00518932144570415 0.948657483444631 68.2898757874081
0.93888287135883 -0.0239194013723224 0.343404740950076 1.99925157372552 0.0201914411507376 0.999692022134121 0.0144279792642049 -0.751411021703769 -0.343644088517837 -0.0066123459817046 0.939076683400969 69.3262236092647
0.927553505384137 -0.0276934404074483 0.372662807384906 2.33599147104239 0.0242190417296693 0.999608609912959 0.0140023214353338 -0.731646851907312 -0.372904723310522 -0.00396236624770851 0.927861178725795 70.2314786511162
0.915554153239333 -0.0270710712178912 0.401282630560213 2.76337134595519 0.0250801904211243 0.99963325755377 0.0102144231789817 -0.739230601704973 -0.401411978563979 0.000712387222678955 0.915897328290566 71.1625640448875
0.902177415751761 -0.0280285774841098 0.430453608826423 3.17122544160132 0.0287443859113168 0.999575068778998 0.00484170982628193 -0.742302978855901 -0.430406401887861 0.00800504339013078 0.902599716648674 72.0444717430709
0.887580822444431 -0.0300141939241022 0.459673179326305 3.59517504940276 0.0325276289297724 0.999467827839916 0.00245244147088586 -0.747326709149687 -0.459502162111425 0.0127753385883691 0.888084767203491 72.9135700482025
0.872136944151377 -0.0297730806814019 0.488355110870192 4.02700757694141 0.0309700361274381 0.999504471322332 0.00562749224178926 -0.778578642451813 -0.488280664688418 0.0102164315396792 0.872626848669024 72.9779237120197
0.854626194663326 -0.0292752496348271 0.518417811378141 4.58621853982262 0.0273437441640746 0.999561440119923 0.0113686885996446 -0.763348530563528 -0.518523275321728 0.00445950492819676 0.855051884838238 74.6497398205077
0.834880703079994 -0.0299071767606652 0.549617842143849 5.11696917043875 0.0256423140050159 0.999551955425852 0.0154389163098948 -0.779648631201808 -0.549833323250894 0.00120381998741369 0.835273528528419 75.4643426170409
0.813553971139499 -0.0236145022596963 0.581009717066917 5.65517248968018 0.0215530083376181 0.999713062010861 0.0104528214596658 -0.779796723400311 -0.581089841483011 0.00401857286805708 0.813829495163055 76.2477534019316
0.791252043626155 -0.0166384979371187 0.611263743276035 6.2236384271887 0.0186070939639301 0.999821976909012 0.0031289844955179 -0.777290364602311 -0.611206985817122 0.00889802653132775 0.791420776586132 77.0148620192708
0.7682345683292 -0.013534700498164 0.640025358799535 6.70884267005042 0.0169095926466551 0.999856663695145 0.000847195926265481 -0.8044388404021 -0.639945086472716 0.0101717229041246 0.768353318696932 76.7789962567772
0.744851800374589 -0.0163997588537052 0.667028367753781 7.4258675145013 0.0183308033320417 0.999823519055763 0.00411246789073021 -0.805259858732484 -0.666978093439309 0.00916398671379428 0.745020968979782 78.3413457942926
0.719967711310646 -0.0163973273582582 0.69381382396549 8.07210032141852 0.0183802362195078 0.999820687535045 0.0045562806614243 -0.81257412010036 -0.693764125324036 0.00947208701695107 0.720139998875856 79.0326006272452
0.694418206601284 -0.0145378473761438 0.719424773923114 8.7410737520069 0.0192629601287835 0.999813154991019 0.00161042664563862 -0.818846760237732 -0.719313765131554 0.0127399411526127 0.6945684999996 79.6874521337944
0.668218432369796 -0.0121858319492912 0.743865331992933 9.420400088818 0.018916823238615 0.999820872203075 -0.000614252099421309 -0.835827886490556 -0.743724599861946 0.0144820235735991 0.668329253103141 80.2906528362443
0.640564151974976 -0.00956926785694448 0.767845034051313 9.95692015946619 0.0166714088383451 0.999859975153706 -0.00144713958390299 -0.860202284999874 -0.767723668602138 0.0137280442275147 0.640633990254781 79.9136371590252
0.613400972300629 -0.00855293895595054 0.789725328462915 10.8462315371834 0.017453767363649 0.99984394920261 -0.00272823161485573 -0.856460529952482 -0.78957875679723 0.0154571820893868 0.613454531596594 81.3659353635655
0.58442054917976 -0.00222238230607727 0.811447892789989 11.6026812097251 0.0160636302795122 0.999831972380753 -0.00883101282161866 -0.878619647056151 -0.811291921245781 0.0181958243038915 0.584358049913947 81.9227090356208
0.554222499808408 0.00716742266294176 0.832337701151696 12.3758185198513 0.0149704975975317 0.999715348418414 -0.0185770379321152 -0.892625035048272 -0.832233924391335 0.0227563219571991 0.553957439613531 82.4481586592526
0.523275892056452 0.0155810554095326 0.852020875040541 13.1744437857332 0.0139293111337854 0.999542861044428 -0.0268336211953862 -0.91345683294819 -0.852049479246283 0.0259094509290405 0.522819648893089 82.9455762550017
0.489929899841362 0.0208294870653211 0.871512952118343 13.7640503103342 0.0101614899562547 0.999510140903063 -0.0296010532550312 -0.961625424759267 -0.871702608326545 0.0233583111661327 0.489478244599455 82.4516611944716
0.45916072517416 0.0202208577695529 0.888123046299669 14.8044281559721 0.00955745064603319 0.999570603708359 -0.0276995187549283 -0.971501305612484 -0.888301797586096 0.0212067233011018 0.45877030341135 83.6933741629334
0.425871904601123 0.0188280996787074 0.904587543322315 15.6784137311217 0.00509545215446665 0.999717695110458 -0.0232070345019707 -1.00398270124092 -0.904769118194666 0.0144925065300236 0.425655741199062 84.1155364468652
0.391723723573193 0.0199706934438717 0.919866129278236 16.5710999229627 0.000835073263945966 0.999756283101121 -0.0220607582026409 -1.04042295087557 -0.920082510997028 0.00940987795895608 0.391611576889909 84.4990246441051
0.353579472192378 0.0227985689941342 0.93512661286907 17.277535412969 -0.00779767041741029 0.999740038563472 -0.0214254901733557 -1.09847168542444 -0.935371986527403 0.00028380438125587 0.353665330891865 84.2736646510702
0.319882367614811 0.0247688468409065 0.947133451587111 18.3799469142681 -0.0115182783872608 0.999686016982276 -0.0222530158204722 -1.09747838777675 -0.9473872493084 -0.0037909993780451 0.320067224456955 85.0459536513366
0.284262611254645 0.0239259752548671 0.958447867935859 19.2995748179645 -0.0143185267608147 0.999683015394223 -0.0207086581823485 -1.13094489201196 -0.958639529559516 -0.00783686419539115 0.284515089099845 85.3108653791024
0.247937715411546 0.0234899150532152 0.968491152859589 20.2669281069715 -0.0148804102433678 0.999680401424501 -0.0204369371173471 -1.15673761893408 -0.968661686383586 -0.00934445817273847 0.248208014443462 85.5676488020728
0.208898075001231 0.0232459917390139 0.977661095742717 20.9280826618145 -0.0147157768747146 0.999678972494043 -0.0206251754956745 -1.20554987776818 -0.977826692298668 -0.0100784830864299 0.209173095800877 85.063564250444
0.175999737236248 0.0217190944837607 0.984150584731614 22.1517661068108 -0.0122221475878183 0.999727722399009 -0.0198771269360522 -1.22556576241914 -0.984314335769379 -0.0085300645774707 0.176217270428273 85.7362737941142
0.141772181207797 0.0207192072240302 0.989682455683433 23.1593159955955 -0.00405871681385535 0.999784693473755 -0.0203492877864384 -1.25649477052296 -0.989890991702323 -0.00113187790775144 0.141825750126673 85.8649936971359
0.108108984960622 0.0241829162633 0.993844874178957 24.1584896608572 -0.00156749128340844 0.999706995387129 -0.0241550480255086 -1.28634344348654 -0.994137812550081 0.00105353454637714 0.108115215039786 85.969778316553
0.0725692869381297 0.0295124271141183 0.996926634832837 24.8828519619542 -0.00213391445402701 0.999564413416941 -0.0294351803043547 -1.33140581824547 -0.997361090579733 8.73388990800613e-06 0.0726006537251895 85.6819769331066
0.0449654397877589 0.0331674029980541 0.998437796060956 26.064575631057 0.00528650273945563 0.999426800911658 -0.0334383388982537 -1.36482342068116 -0.998974555288311 0.00678181375838439 0.0447643260718559 85.9164673268228
0.0196472360071648 0.0312511150551899 0.999318444703732 27.0994350039814 0.00723768266604055 0.999480740638896 -0.0313984878863509 -1.40393983407169 -0.999780777004091 0.00784964328685805 0.019410848342219 85.928571651169
-0.00276654192031422 0.028300839446412 0.999595622605677 28.1180798787229 0.00895188661992065 0.99956009565801 -0.0282750578088587 -1.44234941572106 -0.999956104022445 0.0088700425466075 -0.00301867081248397 85.926382779245
-0.0215491074815679 0.0257694690345074 0.999435625957184 29.1612613006556 0.00935576056891167 0.999629183665694 -0.0255727375936934 -1.47798006022895 -0.99972401477154 0.00879941074949135 -0.0217822097027989 85.9051926574772
-0.0396453464840769 0.0293687490314929 0.998782119925303 29.8558711532651 0.0106142502124262 0.999523947001766 -0.0289692433874223 -1.51294303800031 -0.999157437141207 0.00945282763710871 -0.0399382004486633 85.5418606914909
-0.0534107988957944 0.0332281897440413 0.99801962604332 31.170870343492 0.0144162912291742 0.999367709693374 -0.0325015594920644 -1.56038469421693 -0.998468555893729 0.0126518073236417 -0.0538560550257516 85.7166658208956
-0.0653999976990618 0.0384293245374556 0.997118863183602 32.1599613372866 0.0179446611182916 0.999141849985679 -0.0373303193737223 -1.60632752617829 -0.997697764575181 0.0154515572933392 -0.0660334758959291 85.663708249408
-0.0744129375382818 0.0420067190097592 0.996342386072659 33.2068911830005 0.0232562244278352 0.998913783973612 -0.0403782145826487 -1.65081356421528 -0.996956299319226 0.0201665005778246 -0.075309026697725 85.5896018562843
-0.0806437801620745 0.0479503879163145 0.995588941792669 33.9229090263579 0.0275172840512144 0.998568577506414 -0.0458649658809696 -1.68867844105725 -0.996363076292782 0.0236971794839109 -0.0818478092858419 85.2545921092483
-0.0838555770389859 0.0522842590082766 0.995105320284951 35.2228128699281 0.0294443525581289 0.998316509504964 -0.0499717615484716 -1.75694684539168 -0.996042806460592 0.0251098209826382 -0.0852538831275651 85.3967206126496
-0.0866595977471114 0.0563332002658362 0.994643998959486 36.2697458638476 0.0316727000192709 0.998051094973691 -0.0537666429610997 -1.81707667267166 -0.995734379336075 0.0268436653537903 -0.0882749309746294 85.30229753958
-0.0892489437652175 0.0592499812860056 0.994245475601675 37.3119120100382 0.0319659737189246 0.997885216865297 -0.056597442397167 -1.88297856621841 -0.995496259440986 0.0267307627894829 -0.090954184948788 85.2040737385293
-0.0920952939761621 0.0630214236829462 0.99375387143116 38.1006577182228 0.03256673240124 0.99765188385248 -0.0602505318341988 -1.94662566999214 -0.995217496212838 0.0268145259621042 -0.0939314453698938 84.937596289609
-0.0938683553120938 0.0664119381427753 0.993367095460245 39.280243089493 0.0340453274782892 0.997403204881926 -0.0634646560548359 -2.02177398934702 -0.995002335448465 0.0278621851867859 -0.0958856146078164 84.9418849485368
-0.0959990503138028 0.0680325495405273 0.993053752090925 40.3366155066694 0.0367878614147333 0.997222421466984 -0.0647618357989937 -2.09165801907322 -0.994701380109317 0.03031524907602 -0.0982351774166492 84.8349664985091
-0.0980954859417011 0.0667421460935026 0.992936433802636 41.3913370865092 0.0368049053134337 0.997309299665746 -0.0633999979896532 -2.16653487650026 -0.994496191336463 0.0303256778168666 -0.100287978752276 84.7285266001069
-0.100440314329934 0.0666754679109759 0.99270646479015 42.1380704007356 0.0360023178548493 0.997342142334431 -0.0633441728404871 -2.22566415086084 -0.994291494666621 0.0293774250508705 -0.102573829659412 84.4535627163892
-0.102360504842977 0.0681931596360629 0.992407184590651 43.4398347382384 0.0356453167379264 0.997258191668364 -0.0648499078256638 -2.30432481831056 -0.994108514420304 0.028736599123672 -0.104510618732556 84.4381174665736
-0.104728408998448 0.0704249989792937 0.992004173311494 44.501983701135 0.0348734637182818 0.997136101618094 -0.0671076476875737 -2.3793055247657 -0.993889230184604 0.0275665443724146 -0.106884441124142 84.3296884123418
-0.107024959054708 0.0726353696524298 0.991599597223997 45.5901683189095 0.0333086296585357 0.997030032498555 -0.0694380982328894 -2.4592683982883 -0.993698240578904 0.0255972141332755 -0.109126483032336 84.2013018184875
-0.109783675783812 0.0759495324715848 0.99104955125803 46.4292708712268 0.0309050287469349 0.996855115777533 -0.0729709349420204 -2.53977104993087 -0.993474923553456 0.02261739740795 -0.111785641318306 84.0532004070078
-0.112254824479472 0.0800890305593407 0.990446667703591 47.6910353952491 0.0277434841917438 0.996610690234211 -0.0774430835891256 -2.63285549961635 -0.993292078628429 0.0187850817127535 -0.114096306859862 83.9519439336957
-0.114801525722609 0.0824984350663576 0.989956876789774 48.774079354657 0.0255358816370178 0.99646136006816 -0.0800791898069219 -2.71934730991536 -0.993060183695219 0.0160862084629905 -0.116501954732544 83.8286340187996
-0.117680050629797 0.0809031480602552 0.989750517210125 49.8546559404714 0.0236559859281109 0.996621412096856 -0.0786521155458492 -2.8109217817215 -0.992769761834806 0.014157739367887 -0.119196301966351 83.7063398421152
-0.120561747655049 0.0767770948233423 0.989732359131926 50.9561491844779 0.0206220343276323 0.996983234275717 -0.0748275502293199 -2.89785734708074 -0.992491610394038 0.0113889544567943 -0.121781340992086 83.5760642352168
-0.122852701215016 0.0750892701576529 0.98958012071351 51.6631435569139 0.0204588094029351 0.997113211810164 -0.0731209952847598 -2.97004924693078 -0.992214014677271 0.011262519292348 -0.124034288554421 83.4090909076204
-0.124963024911526 0.0755908472002597 0.989277648703592 53.0443958838672 0.0199957970161696 0.99708282640997 -0.0736614239612074 -3.07210303492831 -0.991959883516793 0.0105764406986278 -0.12610998531242 83.3055781632791
-0.125850600923268 0.0783464435259176 0.988950686856576 54.1266058861641 0.0215791946200423 0.996856975229089 -0.0762266967450553 -3.16456003639683 -0.99181448094228 0.0117475837495416 -0.127145702519766 83.1641622079406
-0.126661628335766 0.0809778848406855 0.988635126866359 55.2079951760637 0.0221878234734293 0.996644189364208 -0.078791245047104 -3.25419847646679 -0.991697802960582 0.0119558342782737 -0.128033298910347 83.0267338715106
-0.127083219216988 0.0819544622251843 0.988500541990154 56.0072130675971 0.0209412720828848 0.996580314512458 -0.0799320952421579 -3.32710057857054 -0.991670972912386 0.0105424308217626 -0.128364865268385 82.8682636102128
-0.126914614601803 0.0807025591684964 0.988625195685469 57.3627870733713 0.0179161955753344 0.996708654429824 -0.0790624317915612 -3.43505803756553 -0.991751829106749 0.00767822429629681 -0.127942777580736 82.7291713428371
-0.126965249864637 0.0800868269498258 0.988668764286563 58.4264518150711 0.0135741033050029 0.996782126913099 -0.0790008556033656 -3.52920377413566 -0.991814281529701 0.00338992856965394 -0.127643798666513 82.5995905286969
-0.126989366023089 0.0811369079596515 0.988580043842582 59.5437460299346 0.00988288694484518 0.996702861121755 -0.0805340622180625 -3.62550409659595 -0.991854842939575 -0.000456944695109417 -0.12737253133567 82.4640557547184
-0.127115007602848 0.0811892758133764 0.988559596754301 60.3720508642293 0.00561533704672002 0.996687323855138 -0.0811347425973339 -3.6982925262358 -0.991872089955141 -0.00476234809557015 -0.127149821897779 82.340546643933
-0.127429263802228 0.0805626542809154 0.988570402885923 61.7062704014789 0.00284005254560415 0.996721356288563 -0.0808608188174323 -3.81228576485896 -0.991843594942449 -0.00749644272312562 -0.127240270819181 82.2138701697919
-0.127664453347037 0.0755169873913583 0.988938305440201 62.8120124820344 0.00264375122142605 0.997119504130976 -0.0758004291615543 -3.89987643232876 -0.991813892789914 -0.00706251349945807 -0.127496364544204 82.0736180186976
-0.1278804590024 0.0668510635839121 0.989533993101316 63.9577896333059 0.00598059484566183 0.99775956964037 -0.0666338778427023 -3.98995530640511 -0.991771556705791 -0.00260316898488573 -0.127993760865945 81.9247308945779
-0.128015875463051 0.0614142032023691 0.989868794979641 64.8081849967956 0.0115304415137597 0.998105592877439 -0.0604340498831131 -4.06569446622148 -0.991705089503894 0.00367710644324408 -0.128481494154912 81.7609620431945
-0.127205351502358 0.064036441537291 0.989807118940051 66.0482757935081 0.0201918006443914 0.997874155112359 -0.0619633903650531 -4.14101503398576 -0.991670857561066 0.0121039131703725 -0.128227943717683 81.592613353735
-0.125954608125205 0.0697524464932531 0.989580735918112 67.1827798092253 0.0259929000364911 0.997414594724034 -0.066996234067182 -4.21591035975021 -0.991695419894495 0.0172835887389604 -0.127442032785826 81.4343645870526
-0.125039584401571 0.0757053583958244 0.989259218325936 68.3274021186992 0.0293366970243356 0.996930724062531 -0.0725843621440655 -4.29651634172245 -0.991717933961258 0.019945679490012 -0.126876748576313 81.2896017737829
-0.124073939508121 0.0801796579232342 0.989028250349932 69.4726043042962 0.0302825992560506 0.996571703247585 -0.0769922364170895 -4.3805185272091 -0.991810779189878 0.020397616074451 -0.126076625673622 81.13415517645
-0.12388250780756 0.0771905959071984 0.989290016204956 70.5906156124719 0.0269170151529502 0.996864326624716 -0.0744109440761781 -4.47882506071346 -0.991931750955965 0.0174105199963661 -0.125571793165864 81.0519578532128
-0.123596234021337 0.0727239332877104 0.989664185702862 71.6894495362427 0.0267049174980605 0.997193535657627 -0.0699421176692687 -4.56266160745189 -0.991973194354144 0.0177843180865813 -0.125191452236288 80.8454627147396
-0.123393514339138 0.0706984502692675 0.989836233802623 72.8608243404517 0.0244048065082875 0.997373509974569 -0.0681944793975461 -4.64919649369381 -0.992057682818056 0.0157420052894539 -0.124794804503781 80.7018276879002
-0.12318518731451 0.0713665242373309 0.989814239564461 74.0317359896359 0.0229211152598254 0.997349348800708 -0.0690572148442823 -4.73765892627403 -0.99211896066023 0.0141808203248622 -0.124494466677757 80.5593451269631
-0.122752680121924 0.076436821312666 0.989489359149708 75.1822812564686 0.0240727068727736 0.99696557822259 -0.0740279718965365 -4.83091293043463 -0.992145293949783 0.0147325553422492 -0.124220237909873 80.4124082937114
-0.122172903541565 0.0791686025105257 0.989346306414874 76.3691980770579 0.0233449366739967 0.996767045528483 -0.0768795868882378 -4.92621034219027 -0.9922342443052 0.0137036245186957 -0.123626110118939 80.3576148867828
-0.122112153134487 0.0780522692007271 0.989442502285745 77.4615033802183 0.0240474452288637 0.996843035481388 -0.075668242943905 -5.00933655924761 -0.992224945481026 0.0145535523110426 -0.123603607068344 80.1537442407516
-0.121199963058131 0.0711187270564155 0.990077115994801 78.5946501694761 0.0248153617612111 0.997335408578828 -0.0686023368083179 -5.105060386402 -0.992317875872126 0.0162545211180379 -0.122641851616222 80.0088407485664
-0.121853450633808 0.0696432791449418 0.990101787817078 79.775938185021 0.0241354205210769 0.997448261141769 -0.0671896407307895 -5.19341864128225 -0.992254613516564 0.0157092334377427 -0.123223382277446 79.8688384792381
-0.121567426794994 0.0725681610308416 0.989926877474819 80.9149571191931 0.0209709283636265 0.997289016403631 -0.0705325309644157 -5.28408725289586 -0.992361618013319 0.0121852273380706 -0.122759681201558 79.7847949763308
-0.121049405095741 0.0759212323717835 0.989738858487994 82.2267915156221 0.0208951250667673 0.997044796622768 -0.0739260933358908 -5.37377847941025 -0.992426538981305 0.0117320076121843 -0.122278063130622 79.6176605909885
-0.12094002131481 0.0754352350159597 0.989789390002975 83.4181561884614 0.0200023869834731 0.99709109088788 -0.0735476783248806 -5.46611122568486 -0.992458269026631 0.0109032926267095 -0.122097102547766 79.4745102463845
-0.120864440667421 0.0718819649574264 0.99006301319462 84.6129293647333 0.019630876190197 0.997352778680825 -0.0700147381459256 -5.55919793810547 -0.992474894232674 0.0109735122680338 -0.121955591697743 79.3329648671674
-0.119856295042436 0.0708497259379152 0.990259958229769 85.8027587324643 0.0205610449714498 0.997413536557184 -0.0688729302569049 -5.65596849818938 -0.992578315282166 0.0121059252852796 -0.121003035518142 79.2301360094837
-0.118739918291795 0.0712183516912514 0.990368001394653 86.8743528324843 0.022042107664782 0.997367656011558 -0.0690789709803566 -5.73099594601312 -0.992680702589586 0.0136273667446071 -0.119997156557378 79.0452999232591
-0.117620078952227 0.0715462043644504 0.990477994540167 88.0770926025452 0.0247441753608543 0.997302765507459 -0.0691007937500435 -5.81764071590525 -0.992750342640577 0.0163809203714275 -0.119073181845459 78.8975012255211
-0.116635815617955 0.0712722307033901 0.990614130550184 89.3016377041303 0.0243531162611947 0.997327122402554 -0.0688878555959612 -5.90290442547203 -0.99287613136962 0.0160897498676641 -0.118059763279844 78.7616729563689
-0.115366489466417 0.0716019116790319 0.99073898649044 90.4537554387373 0.0252887852400021 0.997287052620731 -0.0691303986401098 -6.00423222833265 -0.993001032451266 0.0170792540517306 -0.116864231618388 78.6591913116317
-0.11405038944029 0.0699939089849503 0.9910062367985 91.704376334709 0.0254659224628049 0.997393258069125 -0.0675142618368389 -6.08755210651289 -0.993148526385473 0.0175368601312015 -0.115535548966983 78.4747764443523
-0.113054911518702 0.0693558162836756 0.99116515159136 92.9236927420607 0.0239310702973334 0.997461455153622 -0.0670667529946368 -6.17332954715897 -0.993300503803317 0.0161374170933446 -0.114427675470722 78.3516445078855
-0.111521146111546 0.0687940278656567 0.991378038742026 94.1624754541513 0.025202969876498 0.997475930316752 -0.0663820664647742 -6.26081956808381 -0.993442421219958 0.0175826667132325 -0.112973472779586 78.2128875693792
-0.110099472379085 0.0695546557803086 0.991483865749277 95.4058560813736 0.0234600099636122 0.997452329067026 -0.0673682356253422 -6.35123021784153 -0.993643665563443 0.0158430141717788 -0.11145072807119 78.0858533458824
-0.108401442967128 0.0720937211429929 0.99148959779435 96.781592872234 0.0238463462187598 0.99726846832943 -0.0699067510894961 -6.46466192139697 -0.993821150375992 0.0160654115300578 -0.109824512827102 77.9980214297805
-0.107585339583834 0.0710032568115584 0.991657164663667 97.8603240483191 0.0219197087652288 0.997373435013044 -0.0690344660146635 -6.53233386213195 -0.993954184595185 0.0143097397752039 -0.108859130408466 77.8364860008995
-0.10718760656691 0.0696817195870125 0.991793967996304 99.1117933211187 0.0186290655556491 0.997506624756146 -0.0680697545472555 -6.6307818765675 -0.994064271018218 0.0111799607779832 -0.108218452964465 77.7101510141752
-0.10742790169902 0.0706055845229453 0.991702625473342 100.36498696454 0.015472568801844 0.997473066708248 -0.0693403259749697 -6.72501216038045 -0.99409247333999 0.00789510138098863 -0.108248888322079 77.5902685209762
-0.107431449254948 0.0695402718596467 0.99177751249999 101.541714263344 0.0124743854596732 0.997566601768148 -0.0685949323503784 -6.82920447540142 -0.994134233098521 0.00500256198721448 -0.108037497912433 77.4878810641886
-0.108197716627045 0.0672203862607657 0.991854159535386 102.917379647229 0.0106275258033536 0.997732527219644 -0.0664594599978232 -6.9119760756728 -0.994072587798292 0.00335019385359507 -0.108666767639194 77.3283849974593
-0.10985637889058 0.0655945069601344 0.991780689806828 104.168518290662 0.00808697127112185 0.997845982971151 -0.0650998860521082 -7.01032548942618 -0.993914572240849 0.00086886419784725 -0.110150207273052 77.2130913166799
-0.110997072063226 0.065081665758466 0.991687464262554 105.538960754957 0.00605002692007203 0.997879226639281 -0.0648108495242673 -7.11738096891338 -0.993802317952448 -0.00119407868003754 -0.111155418259518 77.1062042259032
-0.112771464093007 0.065109930852006 0.991485397668956 106.609965413877 0.0063907727692747 0.997877624257527 -0.0648028165249362 -7.19024788540078 -0.993600400014881 -0.000971550616311307 -0.112948223446272 76.9509115492001
-0.114965605469709 0.063784936710522 0.991319520340348 107.869523979256 0.00610485648859648 0.997962886059333 -0.0635043996537198 -7.28150290605509 -0.99335071363856 -0.00124895835015813 -0.115120805316861 76.8062778186639
-0.118084522830335 0.0590307368485906 0.991247404826386 109.138174375081 0.00346331139701414 0.998249895396215 -0.0590351743930035 -7.36798284914673 -0.992997508024114 -0.00353814196400753 -0.118082304386996 76.6663880724825
-0.122485878989083 0.0589673950415642 0.990716940286318 110.563375584169 0.00207137959673502 0.998246396535989 -0.0591594556218965 -7.47882572681099 -0.992468094618078 -0.00519404706611483 -0.122393231186358 76.5475114586575
-0.128337552174599 0.0648209968043384 0.989609878222285 111.589022214566 -0.00180828167094431 0.997844697115075 -0.0655948973375474 -7.53906272254397 -0.991728895827499 -0.0102077819636197 -0.127943731257739 76.3781305511825
-0.135512413092152 0.0677887785024819 0.988453877228009 112.825383688442 -0.00159197509089193 0.997640426691104 -0.0686370501034358 -7.63122115528342 -0.990774369628753 -0.010874766238086 -0.135084743572377 76.2226383198982
-0.144624402709994 0.063929215747339 0.9874192815186 114.068591322146 -4.51063509564115e-06 0.997910647668503 -0.0646091266732787 -7.71918250075801 -0.989486625538937 -0.00934851024280258 -0.144321943015636 76.0478591318285
-0.155362252219889 0.0615672192993265 0.985937142059732 115.566541906538 0.00180190279858489 0.998071972438581 -0.0620410426964746 -7.85159206524492 -0.987855922557267 -0.00786227322788834 -0.155173647660361 75.8644275497056
-0.168365066825534 0.0623960066527798 0.983747906034173 116.519384055265 0.00255538728994037 0.998018842502963 -0.0628638211123474 -7.91076584013996 -0.985721397895284 -0.00807021454690357 -0.168190955073497 75.6638194991258
-0.182407193964777 0.0626828654286981 0.981222948147639 117.730751770348 0.00458328409080547 0.998009109711828 -0.0629031830605404 -7.99719314808006 -0.983212392668461 -0.00697676958574754 -0.182331334633705 75.439508301024
-0.19666521309479 0.0605756798142549 0.978597660416896 118.953168528787 0.00547068632081541 0.998141910932716 -0.0606860546646832 -8.08408708592949 -0.980455437819364 -0.00658123503808734 -0.196631182155358 75.1976800052798
-0.212116590963813 0.0631634389394906 0.975200969964257 120.396324913401 0.00886042715605805 0.99799230913081 -0.0627123890978907 -8.20517176595183 -0.977204198040769 -0.00466164102975536 -0.212250381470581 74.9588697980024
-0.227426226542632 0.0657059376570098 0.971576060448791 121.670782206696 0.00925768171947681 0.997821825540627 -0.065313856140579 -8.30262540740457 -0.973751306448294 -0.00585954190910215 -0.227539137202494 74.6479252958987
-0.241650852808107 0.069453106297009 0.967874543193905 122.831183150368 0.00870245472781937 0.997550270669218 -0.0694098319366985 -8.39788586133782 -0.970324240972483 -0.00835006068641677 -0.241663286139431 74.3378361615997
-0.258477436589041 0.0680136952363243 0.963620024716516 124.015565025456 0.00527028304435849 0.997602837363446 -0.0689985724564881 -8.48704381015078 -0.966002918676228 -0.0127560238593884 -0.258216275560445 74.0897194666923
-0.274110040136837 0.0619867704757025 0.959698560060488 125.153277528733 0.000517595979044924 0.9979299452083 -0.0643082930185669 -8.57649760491368 -0.961698194856673 -0.0171308126646683 -0.27357470143795 73.7638923002262
-0.289757053025281 0.0580368893675409 0.955338981563426 126.319925212167 -0.00378512680688084 0.998082514927867 -0.06178160090447 -8.66016664322279 -0.957092745264094 -0.0215177337980372 -0.288981771215827 73.4259936185635
-0.304949992046847 0.0595713061358842 0.950503425472993 127.498746147213 -0.00588144051572599 0.997904957520546 -0.0644290649736408 -8.7429176232525 -0.952350203973354 -0.0252379722082107 -0.303960743765917 73.0671357767482
-0.319806273252212 0.0613372002831487 0.945495476165781 128.600056335977 -0.00651849669861061 0.997736309514177 -0.0669310531653294 -8.84177625978202 -0.94746053046516 -0.0275681798175875 -0.318682504496597 72.7282283574365
-0.33300449371807 0.0636535712045598 0.940774271563843 129.705774393014 -0.00506735765708141 0.997583618480083 -0.0692910241413691 -8.92912297376022 -0.942911623138642 -0.0278414621219974 -0.331877272401956 72.319647398076
