1.000000 -0.000008 -0.000030 0.000342 0.000008 1.000000 -0.000012 0.000051 0.000030 0.000012 1.000000 -0.000403
0.999999 0.000806 0.001397 -0.005530 -0.000800 0.999989 -0.004666 -0.002277 -0.001401 0.004665 0.999988 0.957894
0.999996 -0.001444 0.002273 -0.005065 0.001456 0.999984 -0.005451 -0.001904 -0.002265 0.005454 0.999983 1.917762
0.999993 -0.002822 0.002345 -0.007926 0.002826 0.999995 -0.001528 -0.003555 -0.002340 0.001534 0.999996 2.909450
0.999986 -0.004998 0.001747 -0.009156 0.004990 0.999977 0.004509 -0.006169 -0.001769 -0.004500 0.999988 3.878362
0.999963 -0.008588 0.000465 -0.009195 0.008585 0.999953 0.004488 -0.003505 -0.000504 -0.004484 0.999990 4.838992
0.999934 -0.011474 -0.000610 -0.003036 0.011475 0.999933 0.001675 0.001622 0.000591 -0.001682 0.999998 5.726918
0.999928 -0.011913 -0.001548 -0.012768 0.011911 0.999927 -0.001816 0.000120 0.001569 0.001798 0.999997 6.737705
0.999930 -0.011637 -0.002199 -0.022019 0.011632 0.999929 -0.002482 0.002005 0.002228 0.002456 0.999995 7.666830
0.999932 -0.011228 -0.003024 -0.022270 0.011226 0.999937 -0.000549 0.001596 0.003030 0.000515 0.999995 8.526430
0.999932 -0.011071 -0.003766 -0.034427 0.011080 0.999936 0.002483 0.001010 0.003738 -0.002524 0.999990 9.494219
0.999926 -0.011241 -0.004572 -0.044649 0.011259 0.999929 0.003905 0.002925 0.004527 -0.003956 0.999982 10.424808
0.999906 -0.012719 -0.005207 -0.050566 0.012743 0.999908 0.004721 0.006072 0.005146 -0.004787 0.999975 11.351509
0.999899 -0.012859 -0.006006 -0.060454 0.012887 0.999906 0.004699 0.008482 0.005945 -0.004776 0.999971 12.274982
0.999893 -0.013058 -0.006521 -0.067516 0.013078 0.999910 0.003125 0.013463 0.006480 -0.003210 0.999974 13.137283
0.999874 -0.013619 -0.008113 -0.080265 0.013629 0.999906 0.001176 0.012455 0.008096 -0.001286 0.999966 14.098044
0.999840 -0.014981 -0.009724 -0.089168 0.014981 0.999888 -0.000040 0.013592 0.009724 -0.000106 0.999953 14.998977
0.999828 -0.014670 -0.011328 -0.104693 0.014663 0.999892 -0.000692 0.013356 0.011337 0.000526 0.999936 15.908616
0.999829 -0.013272 -0.012840 -0.122548 0.013253 0.999911 -0.001570 0.011185 0.012859 0.001399 0.999916 16.817031
0.999825 -0.011890 -0.014415 -0.143305 0.011868 0.999928 -0.001600 0.010930 0.014433 0.001428 0.999895 17.719521
0.999791 -0.012976 -0.015773 -0.157038 0.012962 0.999916 -0.000976 0.014468 0.015784 0.000771 0.999875 18.561963
0.999782 -0.011816 -0.017214 -0.183232 0.011826 0.999930 0.000516 0.009586 0.017207 -0.000720 0.999852 19.502237
0.999761 -0.011566 -0.018538 -0.206066 0.011589 0.999932 0.001127 0.009170 0.018524 -0.001341 0.999828 20.392892
0.999721 -0.012505 -0.020029 -0.227314 0.012528 0.999921 0.000996 0.008713 0.020015 -0.001247 0.999799 21.280658
0.999685 -0.012599 -0.021687 -0.249697 0.012614 0.999920 0.000559 0.009125 0.021679 -0.000833 0.999765 22.162161
0.999658 -0.012765 -0.022837 -0.264308 0.012782 0.999918 0.000599 0.014830 0.022827 -0.000890 0.999739 22.981619
0.999641 -0.012209 -0.023837 -0.299141 0.012275 0.999921 0.002640 0.014774 0.023803 -0.002932 0.999712 23.854383
0.999605 -0.013261 -0.024767 -0.316056 0.013399 0.999896 0.005425 0.015175 0.024693 -0.005754 0.999679 24.703369
0.999591 -0.013173 -0.025376 -0.342180 0.013355 0.999886 0.007003 0.016804 0.025281 -0.007339 0.999653 25.550155
0.999586 -0.012479 -0.025933 -0.362166 0.012629 0.999904 0.005647 0.021411 0.025860 -0.005972 0.999648 26.340331
0.999579 -0.010917 -0.026865 -0.391575 0.011008 0.999934 0.003238 0.019708 0.026828 -0.003532 0.999634 27.184366
0.999571 -0.010346 -0.027388 -0.425913 0.010390 0.999945 0.001445 0.023576 0.027371 -0.001729 0.999624 27.996860
0.999544 -0.009859 -0.028543 -0.449557 0.009893 0.999950 0.001063 0.025215 0.028531 -0.001345 0.999592 28.790928
0.999516 -0.010818 -0.029175 -0.475563 0.010835 0.999941 0.000405 0.027091 0.029169 -0.000721 0.999574 29.561734
0.999449 -0.009813 -0.031711 -0.505759 0.009812 0.999952 -0.000181 0.019746 0.031712 -0.000130 0.999497 30.360342
0.999391 -0.009646 -0.033547 -0.536334 0.009638 0.999953 -0.000385 0.022033 0.033549 0.000062 0.999437 31.123329
0.999323 -0.009676 -0.035505 -0.567724 0.009707 0.999953 0.000707 0.023414 0.035496 -0.001051 0.999369 31.890621
0.999241 -0.009905 -0.037676 -0.595686 0.010024 0.999945 0.002951 0.027388 0.037644 -0.003326 0.999286 32.661710
0.999181 -0.008897 -0.039464 -0.629734 0.009088 0.999948 0.004650 0.021483 0.039420 -0.005004 0.999210 33.382418
0.999113 -0.007721 -0.041388 -0.665072 0.007925 0.999957 0.004781 0.026021 0.041350 -0.005104 0.999132 34.123167
0.999056 -0.004919 -0.043167 -0.708503 0.005092 0.999979 0.003905 0.027384 0.043147 -0.004121 0.999060 34.834519
0.998984 -0.003387 -0.044941 -0.747588 0.003536 0.999989 0.003235 0.029376 0.044930 -0.003390 0.998984 35.548983
0.998912 -0.003054 -0.046534 -0.785379 0.003259 0.999985 0.004342 0.032441 0.046520 -0.004489 0.998907 36.254797
0.998872 -0.003344 -0.047370 -0.823385 0.003636 0.999975 0.006064 0.036982 0.047348 -0.006229 0.998859 36.948157
0.998861 0.001134 -0.047695 -0.861410 -0.000803 0.999975 0.006967 0.033615 0.047702 -0.006921 0.998838 37.650087
0.998910 0.004308 -0.046487 -0.905478 -0.004087 0.999980 0.004860 0.034973 0.046507 -0.004665 0.998907 38.326138
0.998979 0.005900 -0.044786 -0.941211 -0.005826 0.999981 0.001781 0.035936 0.044796 -0.001518 0.998995 38.981770
0.999071 0.006476 -0.042600 -0.972284 -0.006487 0.999979 -0.000118 0.039995 0.042598 0.000394 0.999092 39.631462
0.999190 0.007623 -0.039508 -1.000678 -0.007602 0.999971 0.000681 0.042175 0.039512 -0.000380 0.999219 40.279731
0.999268 0.012422 -0.036175 -1.036312 -0.012302 0.999918 0.003525 0.039276 0.036216 -0.003077 0.999339 40.923889
0.999330 0.016480 -0.032672 -1.062803 -0.016260 0.999843 0.006990 0.043076 0.032782 -0.006454 0.999442 41.596013
0.999370 0.021673 -0.028087 -1.092590 -0.021456 0.999738 0.008015 0.042133 0.028254 -0.007408 0.999573 42.162057
0.999426 0.025310 -0.022503 -1.123878 -0.025131 0.999651 0.008167 0.051043 0.022702 -0.007597 0.999713 42.763911
0.999437 0.028944 -0.016951 -1.126431 -0.028775 0.999535 0.010116 0.053587 0.017236 -0.009623 0.999805 43.330221
0.999380 0.033682 -0.010278 -1.141032 -0.033565 0.999372 0.011343 0.056137 0.010653 -0.010991 0.999883 43.886853
0.999314 0.036910 -0.003113 -1.151968 -0.036874 0.999260 0.010939 0.059473 0.003514 -0.010817 0.999935 44.426260
0.999171 0.040496 0.004236 -1.156692 -0.040540 0.999116 0.011101 0.058595 -0.003783 -0.011264 0.999929 44.942007
0.998964 0.043782 0.012438 -1.154924 -0.043910 0.998984 0.010182 0.064868 -0.011979 -0.010718 0.999871 45.384793
0.998598 0.049195 0.019532 -1.156483 -0.049359 0.998749 0.008031 0.063853 -0.019112 -0.008984 0.999777 45.918288
0.998317 0.051106 0.027404 -1.142641 -0.051257 0.998674 0.004816 0.066923 -0.027122 -0.006213 0.999613 46.362174
0.998045 0.051568 0.035325 -1.127699 -0.051762 0.998649 0.004584 0.068345 -0.035040 -0.006404 0.999365 46.790502
0.997765 0.050862 0.043334 -1.106996 -0.051170 0.998672 0.006021 0.068162 -0.042970 -0.008225 0.999043 47.195136
0.997294 0.052603 0.051352 -1.086216 -0.053014 0.998571 0.006683 0.070081 -0.050927 -0.009388 0.998658 47.580002
0.996633 0.055695 0.060167 -1.066633 -0.056202 0.998397 0.006764 0.072410 -0.059694 -0.010122 0.998165 47.937939
0.995789 0.060497 0.068880 -1.044407 -0.061073 0.998113 0.006293 0.070551 -0.068370 -0.010473 0.997605 48.271791
0.994877 0.064175 0.078112 -1.028427 -0.064863 0.997874 0.006305 0.069167 -0.077541 -0.011339 0.996925 48.586656
0.994137 0.063655 0.087409 -0.995999 -0.064518 0.997891 0.007086 0.064946 -0.086773 -0.012684 0.996147 48.868475
0.993225 0.062399 0.098037 -0.959834 -0.063210 0.997987 0.005188 0.063736 -0.097516 -0.011350 0.995169 49.149157
0.992041 0.061254 0.110010 -0.925891 -0.061706 0.998094 0.000699 0.061899 -0.109758 -0.007482 0.993930 49.422060
0.990502 0.061299 0.123074 -0.878948 -0.061298 0.998112 -0.003798 0.065146 -0.123075 -0.003783 0.992390 49.551417
0.988336 0.063525 0.138407 -0.844100 -0.063372 0.997975 -0.005517 0.060654 -0.138477 -0.003318 0.990360 49.951108
0.985840 0.064853 0.154643 -0.797983 -0.064564 0.997890 -0.006894 0.061151 -0.154763 -0.003188 0.987946 50.204299
0.982998 0.065785 0.171427 -0.735570 -0.065358 0.997829 -0.008137 0.056299 -0.171590 -0.003206 0.985163 50.471720
0.979724 0.064915 0.189544 -0.674467 -0.064306 0.997886 -0.009368 0.056011 -0.189751 -0.003011 0.981828 50.730556
0.975841 0.063821 0.208951 -0.608675 -0.063173 0.997955 -0.009778 0.054289 -0.209148 -0.003658 0.977877 50.986152
0.971304 0.063899 0.229098 -0.537267 -0.063036 0.997950 -0.011091 0.052661 -0.229337 -0.003668 0.973340 51.230240
0.965936 0.065989 0.250226 -0.460967 -0.064709 0.997815 -0.013349 0.050950 -0.250560 -0.003298 0.968095 51.481274
0.959690 0.067107 0.272933 -0.377840 -0.065325 0.997742 -0.015620 0.050622 -0.273365 -0.002839 0.961906 51.734748
0.952369 0.068203 0.297223 -0.282758 -0.066223 0.997664 -0.016739 0.044184 -0.297671 -0.003741 0.954661 51.975604
0.943767 0.070978 0.322902 -0.184425 -0.068994 0.997462 -0.017602 0.036811 -0.323331 -0.005667 0.946269 52.220645
0.933846 0.072891 0.350170 -0.074421 -0.070816 0.997313 -0.018745 0.030669 -0.350596 -0.007293 0.936499 52.476987
0.922834 0.073764 0.378069 0.039013 -0.071398 0.997241 -0.020292 0.019124 -0.378523 -0.008267 0.925555 52.499896
0.910081 0.070972 0.408308 0.191570 -0.067775 0.997451 -0.022311 0.025421 -0.408850 -0.007368 0.912572 52.956012
0.895183 0.068833 0.440351 0.343011 -0.064518 0.997609 -0.024782 0.009079 -0.441004 -0.006226 0.897484 53.168665
0.877810 0.068138 0.474138 0.506920 -0.061687 0.997669 -0.029169 0.004085 -0.475021 -0.003643 0.879967 53.418516
0.858288 0.069998 0.508372 0.688438 -0.060992 0.997546 -0.034380 -0.002531 -0.509531 -0.001498 0.860451 53.671582
0.836571 0.072113 0.543091 0.890813 -0.060756 0.997396 -0.038849 -0.014935 -0.544479 -0.000496 0.838774 53.915713
0.812086 0.074901 0.578710 1.110269 -0.061597 0.997190 -0.042627 -0.022630 -0.580277 -0.001030 0.814418 54.173617
0.784842 0.079168 0.614618 1.261993 -0.064621 0.996854 -0.045885 -0.043233 -0.616317 -0.003705 0.787490 54.091874
0.755128 0.083307 0.650263 1.585482 -0.068060 0.996495 -0.048628 -0.055992 -0.652035 -0.007536 0.758151 54.577554
0.722179 0.084621 0.686511 1.865449 -0.067953 0.996367 -0.051331 -0.073788 -0.688360 -0.009580 0.725306 54.831960
0.685323 0.082106 0.723596 2.150499 -0.063962 0.996570 -0.052502 -0.080356 -0.725425 -0.010302 0.688224 55.070230
0.646161 0.080725 0.758920 2.476038 -0.060985 0.996672 -0.054090 -0.099265 -0.760760 -0.011332 0.648934 55.311240
0.603575 0.080149 0.793267 2.683207 -0.059327 0.996691 -0.055562 -0.130153 -0.795096 -0.013526 0.606333 55.140076
0.557534 0.079145 0.826373 3.207272 -0.054669 0.996785 -0.058582 -0.135745 -0.828352 -0.012515 0.560068 55.746268
0.509603 0.078607 0.856811 3.644811 -0.051995 0.996811 -0.060526 -0.163200 -0.858837 -0.013706 0.512065 55.964840
0.460951 0.076938 0.884084 4.115324 -0.050171 0.996901 -0.060597 -0.183746 -0.886006 -0.016423 0.463383 56.173645
0.411499 0.074752 0.908339 4.616551 -0.049729 0.996988 -0.059518 -0.205371 -0.910052 -0.020680 0.413977 56.366811
0.359985 0.074919 0.929945 4.776477 -0.052683 0.996812 -0.059913 -0.233918 -0.931469 -0.027425 0.362784 56.155382
0.312639 0.074009 0.946984 5.609776 -0.049441 0.996877 -0.061586 -0.267308 -0.948584 -0.027565 0.315322 56.597585
0.264710 0.071173 0.961698 6.119482 -0.038349 0.997261 -0.063249 -0.291102 -0.963565 -0.020138 0.266714 56.714924
0.220786 0.065163 0.973143 6.680108 -0.024572 0.997821 -0.061241 -0.320770 -0.975013 -0.010391 0.221906 56.801155
0.179200 0.064277 0.981711 7.273666 -0.015334 0.997925 -0.062540 -0.349119 -0.983693 -0.003846 0.179814 56.848489
0.141319 0.065847 0.987772 7.890988 -0.011454 0.997827 -0.064878 -0.368919 -0.989898 -0.002145 0.141767 56.893423
0.106320 0.067224 0.992057 7.661226 -0.004108 0.997733 -0.067169 -0.394565 -0.994324 0.003066 0.106355 56.487573
0.079603 0.063996 0.994770 9.065254 0.005718 0.997891 -0.064654 -0.439050 -0.996810 0.010835 0.079069 56.851385
0.054051 0.062382 0.996588 9.575283 0.011291 0.997945 -0.063080 -0.492065 -0.998474 0.014661 0.053235 56.880104
0.034235 0.061488 0.997521 10.220328 0.016210 0.997940 -0.062070 -0.519341 -0.999282 0.018294 0.033168 56.881157
0.018498 0.063256 0.997826 10.898197 0.019220 0.997790 -0.063610 -0.546286 -0.999644 0.020355 0.017241 56.883526
0.005257 0.063093 0.997994 11.601902 0.020391 0.997793 -0.063187 -0.575635 -0.999778 0.020682 0.003959 56.877739
-0.008003 0.065269 0.997836 11.289372 0.018727 0.997702 -0.065110 -0.606722 -0.999793 0.018165 -0.009207 56.568993
-0.016093 0.067006 0.997623 12.870666 0.026216 0.997437 -0.066570 -0.662114 -0.999527 0.025082 -0.017808 56.773853
-0.022699 0.069105 0.997351 13.510350 0.029070 0.997232 -0.068435 -0.708497 -0.999320 0.027439 -0.024645 56.767110
-0.027308 0.068441 0.997281 14.234142 0.029707 0.997268 -0.067627 -0.745515 -0.999186 0.027779 -0.029266 56.744714
-0.030970 0.065704 0.997358 14.959221 0.027391 0.997518 -0.064864 -0.782811 -0.999145 0.025310 -0.032693 56.733882
-0.033474 0.058824 0.997707 15.703753 0.025465 0.997993 -0.057986 -0.820927 -0.999115 0.023465 -0.034905 56.714784
-0.035801 0.054517 0.997871 15.079741 0.025362 0.998239 -0.053627 -0.802528 -0.999037 0.023388 -0.037121 56.404146
-0.035418 0.051209 0.998060 17.047920 0.028808 0.998324 -0.050200 -0.902729 -0.998957 0.026974 -0.036833 56.591789
-0.035268 0.053419 0.997949 17.697229 0.031148 0.998144 -0.052329 -0.957454 -0.998892 0.029239 -0.036866 56.578971
-0.034499 0.060830 0.997552 18.454166 0.032102 0.997698 -0.059729 -0.991715 -0.998889 0.029963 -0.036372 56.550885
-0.032190 0.068864 0.997107 19.238931 0.032893 0.997156 -0.067806 -1.026927 -0.998940 0.030615 -0.034363 56.526898
-0.030107 0.069605 0.997120 20.030608 0.033775 0.997074 -0.068582 -1.063901 -0.998976 0.031613 -0.032370 56.507439
-0.028061 0.065283 0.997472 20.870126 0.033088 0.997379 -0.064346 -1.109189 -0.999058 0.031199 -0.030147 56.490964
-0.026232 0.059574 0.997879 20.352893 0.032376 0.997750 -0.058715 -1.084113 -0.999131 0.030767 -0.028101 56.265096
-0.022585 0.057384 0.998097 22.295015 0.030549 0.997925 -0.056683 -1.205309 -0.999278 0.029210 -0.024291 56.412344
-0.019256 0.062794 0.997841 23.001014 0.038191 0.997344 -0.062026 -1.252338 -0.999085 0.036914 -0.021603 56.389276
-0.015895 0.068383 0.997532 23.807323 0.039769 0.996912 -0.067707 -1.298852 -0.999082 0.038595 -0.018565 56.375476
-0.013539 0.068992 0.997525 24.612740 0.033768 0.997079 -0.068503 -1.341766 -0.999338 0.032757 -0.015830 56.377641
-0.010170 0.065376 0.997809 25.430069 0.029419 0.997448 -0.065053 -1.390928 -0.999515 0.028693 -0.012068 56.382672
-0.005442 0.061751 0.998077 26.231662 0.033644 0.997538 -0.061534 -1.443438 -0.999419 0.033244 -0.007506 56.372225
-0.001920 0.062764 0.998027 27.044410 0.038506 0.997293 -0.062644 -1.495792 -0.999257 0.038309 -0.004332 56.366344
-0.000015 0.068195 0.997672 26.131316 0.038147 0.996946 -0.068145 -1.422822 -0.999272 0.038057 -0.002617 56.184869
0.004370 0.068405 0.997648 28.249448 0.034972 0.997037 -0.068516 -1.565657 -0.999379 0.035189 0.001965 56.309878
0.007817 0.067975 0.997656 28.898760 0.033817 0.997098 -0.068202 -1.607881 -0.999397 0.034271 0.005495 56.328613
0.011581 0.064841 0.997828 29.712941 0.038102 0.997142 -0.065239 -1.658759 -0.999207 0.038775 0.009077 56.331583
0.015139 0.065360 0.997747 30.516836 0.042535 0.996916 -0.065951 -1.713170 -0.998980 0.043438 0.012312 56.340065
0.018668 0.066227 0.997630 31.320311 0.045413 0.996718 -0.067016 -1.762460 -0.998794 0.046556 0.015599 56.352702
0.021330 0.066155 0.997581 32.136557 0.045973 0.996688 -0.067079 -1.810933 -0.998715 0.047293 0.018218 56.373632
0.024168 0.065131 0.997584 31.712327 0.046933 0.996701 -0.066210 -1.775327 -0.998606 0.048419 0.021032 56.278421
0.028431 0.063876 0.997553 33.274339 0.049205 0.996657 -0.065221 -1.881040 -0.998384 0.050939 0.025193 56.353068
0.031405 0.064366 0.997432 33.929041 0.047532 0.996699 -0.065815 -1.913976 -0.998376 0.049477 0.028242 56.374474
0.034509 0.066097 0.997216 34.744573 0.044835 0.996704 -0.067614 -1.963810 -0.998398 0.047044 0.031431 56.407790
0.037294 0.066119 0.997115 35.555120 0.046670 0.996605 -0.067831 -2.013492 -0.998214 0.049065 0.034082 56.439258
0.039993 0.065796 0.997031 36.362891 0.044388 0.996728 -0.067557 -2.067255 -0.998214 0.046958 0.036942 56.476167
0.042237 0.066155 0.996915 37.178080 0.042515 0.996783 -0.067948 -2.116442 -0.998203 0.045254 0.039289 56.517778
0.045076 0.066158 0.996790 38.014318 0.039713 0.996897 -0.067961 -2.171439 -0.998194 0.042649 0.042309 56.562101
0.047662 0.068423 0.996517 37.506901 0.038380 0.996789 -0.070278 -2.132618 -0.998126 0.041596 0.044883 56.518016
0.051439 0.071733 0.996097 39.267083 0.036889 0.996600 -0.073674 -2.254689 -0.997995 0.040535 0.048618 56.624724
0.054898 0.074043 0.995743 39.870431 0.037334 0.996397 -0.076150 -2.290900 -0.997794 0.041355 0.051936 56.658181
0.057783 0.076337 0.995406 40.698167 0.031139 0.996449 -0.078225 -2.345765 -0.997843 0.035516 0.055201 56.718259
0.060402 0.075502 0.995315 41.527054 0.027577 0.996628 -0.077275 -2.403776 -0.997793 0.032115 0.058116 56.779839
0.064035 0.076093 0.995042 42.346951 0.029647 0.996504 -0.078113 -2.464485 -0.997507 0.034502 0.061555 56.835071
0.067358 0.077073 0.994748 42.489011 0.028431 0.996459 -0.079130 -2.484175 -0.997324 0.033612 0.064929 56.837455
0.070976 0.077958 0.994427 43.754402 0.024685 0.996499 -0.079883 -2.572805 -0.997173 0.030217 0.068803 56.944111
0.075076 0.076031 0.994275 44.603553 0.023712 0.996671 -0.078004 -2.630959 -0.996896 0.029433 0.073023 57.021306
0.079962 0.075947 0.993900 45.296660 0.024058 0.996656 -0.078093 -2.681989 -0.996508 0.030156 0.077868 57.070388
0.084898 0.079461 0.993216 46.117976 0.020638 0.996461 -0.081484 -2.744595 -0.996176 0.027415 0.082957 57.148870
0.091048 0.088090 0.991943 46.940797 0.019023 0.995744 -0.090173 -2.807699 -0.995665 0.027080 0.088985 57.231552
0.098404 0.092965 0.990795 46.957101 0.017376 0.995315 -0.095115 -2.820112 -0.994995 0.026576 0.096327 57.265811
0.105434 0.095711 0.989810 48.496158 0.012748 0.995146 -0.097585 -2.943364 -0.994345 0.022907 0.103702 57.415035
0.112549 0.094087 0.989182 49.268118 0.008824 0.995373 -0.095680 -3.013046 -0.993607 0.019497 0.111198 57.515319
0.120132 0.092463 0.988443 50.116269 0.008694 0.995517 -0.094181 -3.087141 -0.992720 0.019907 0.118789 57.624180
0.127439 0.089036 0.987842 50.955016 0.008002 0.995838 -0.090789 -3.159611 -0.991814 0.019474 0.126197 57.736751
0.134880 0.083686 0.987322 51.799696 0.005998 0.996340 -0.085270 -3.226684 -0.990844 0.017423 0.133884 57.859475
0.141854 0.076029 0.986964 51.639472 0.003754 0.996998 -0.077342 -3.226331 -0.989880 0.014677 0.141143 57.896429
0.149684 0.073285 0.986014 53.257264 0.003428 0.997205 -0.074637 -3.351686 -0.988728 0.014552 0.149014 58.097428
0.156892 0.075279 0.984743 54.016264 0.003498 0.997042 -0.076776 -3.405956 -0.987610 0.015490 0.156164 58.227359
0.162752 0.081958 0.983257 54.829373 0.004191 0.996478 -0.083753 -3.466958 -0.986658 0.017752 0.161836 58.367076
0.167876 0.085532 0.982090 55.638958 0.002897 0.996182 -0.087255 -3.530171 -0.985804 0.017493 0.166988 58.511666
0.172553 0.088603 0.981007 55.618700 0.001547 0.995920 -0.090222 -3.541387 -0.984999 0.017086 0.171712 58.587887
0.177783 0.088066 0.980121 56.750832 -0.001017 0.996004 -0.089308 -3.638317 -0.984069 0.014881 0.177162 58.773353
0.183109 0.085193 0.979394 57.479377 0.003039 0.996184 -0.087221 -3.700067 -0.983088 0.018947 0.182152 58.909435
0.187681 0.078546 0.979085 58.274124 0.003786 0.996732 -0.080688 -3.762101 -0.982223 0.018851 0.186770 59.062857
0.190769 0.072485 0.978955 59.056467 0.001435 0.997248 -0.074119 -3.824476 -0.981634 0.015544 0.190140 59.221307
0.194231 0.069202 0.978512 59.617128 -0.001855 0.997533 -0.070179 -3.864084 -0.980954 0.011816 0.193880 59.368110
0.197036 0.069189 0.977952 60.331509 -0.004410 0.997559 -0.069688 -3.921119 -0.980386 0.009418 0.196860 59.518449
0.199148 0.071365 0.977367 60.954067 -0.006206 0.997417 -0.071564 -3.965603 -0.979950 0.008186 0.199077 59.660470
0.200502 0.075673 0.976766 61.679889 -0.010397 0.997121 -0.075115 -4.021167 -0.979638 0.004906 0.200712 59.821687
0.202593 0.079732 0.976012 62.393145 -0.011543 0.996805 -0.079035 -4.077318 -0.979195 0.004746 0.202866 59.974590
0.205124 0.085516 0.974993 63.040143 -0.011285 0.996316 -0.085013 -4.123954 -0.978671 0.006436 0.205334 60.125034
0.206555 0.087397 0.974524 63.777968 -0.010730 0.996145 -0.087062 -4.183983 -0.978376 0.007527 0.206696 60.286087
0.207697 0.087240 0.974295 64.382447 -0.013417 0.996175 -0.086339 -4.238727 -0.978101 0.004860 0.208073 60.429408
0.208336 0.084324 0.974415 65.058637 -0.013404 0.996429 -0.083364 -4.296411 -0.977965 0.004306 0.208722 60.578871
0.209030 0.081721 0.974489 65.722834 -0.013393 0.996648 -0.080706 -4.354644 -0.977818 0.003818 0.209423 60.725888
0.208857 0.080591 0.974620 66.533765 -0.012250 0.996736 -0.079795 -4.418111 -0.977869 0.004726 0.209163 60.885844
0.207644 0.079911 0.974935 66.975136 -0.012665 0.996794 -0.079006 -4.453208 -0.978123 0.004058 0.207990 60.991053
0.205576 0.080820 0.975298 67.582864 -0.014370 0.996726 -0.079567 -4.507085 -0.978536 0.002342 0.206064 61.130472
0.203342 0.083643 0.975529 68.202264 -0.015074 0.996494 -0.082298 -4.558257 -0.978992 0.002029 0.203890 61.264568
0.201033 0.087539 0.975665 68.813274 -0.013570 0.996152 -0.086581 -4.612360 -0.979490 0.004166 0.201448 61.393120
0.199795 0.087920 0.975885 69.609694 -0.010825 0.996103 -0.087525 -4.673788 -0.979778 0.006923 0.199968 61.537429
0.197420 0.087113 0.976441 70.087338 -0.011735 0.996183 -0.086502 -4.714678 -0.980249 0.005619 0.197689 61.655568
0.194948 0.084072 0.977204 70.657477 -0.011745 0.996448 -0.083385 -4.762345 -0.980743 0.004779 0.195243 61.773506
0.193087 0.080105 0.977906 71.626852 -0.011608 0.996778 -0.079359 -4.843236 -0.981113 0.003972 0.193395 61.927579
0.190608 0.078906 0.978490 71.956768 -0.007800 0.996855 -0.078867 -4.877095 -0.981635 0.007401 0.190624 62.020849
0.188846 0.080416 0.978709 72.514656 -0.004328 0.996700 -0.081059 -4.920183 -0.981997 0.011072 0.188571 62.123495
0.186344 0.082524 0.979013 73.063643 -0.000221 0.996470 -0.083953 -4.961999 -0.982485 0.015427 0.185704 62.224647
0.184753 0.084280 0.979165 73.605804 -0.000716 0.996327 -0.085622 -5.005715 -0.982785 0.015118 0.184135 62.328005
0.183389 0.086799 0.979201 74.148925 -0.001088 0.996112 -0.088094 -5.050654 -0.983040 0.015090 0.182771 62.435483
0.182758 0.085389 0.979443 74.792740 0.000528 0.996213 -0.086949 -5.100264 -0.983158 0.016408 0.182021 62.535192
0.183166 0.083856 0.979499 75.449773 0.006448 0.996232 -0.086494 -5.153001 -0.983061 0.022159 0.181935 62.654466
0.185595 0.082065 0.979194 76.009652 0.011643 0.996253 -0.085702 -5.195904 -0.982557 0.027307 0.183944 62.754851
0.187486 0.081401 0.978888 76.557922 0.014557 0.996221 -0.085631 -5.239767 -0.982159 0.030304 0.185593 62.858622
0.190751 0.081059 0.978286 77.109413 0.011978 0.996318 -0.084889 -5.287122 -0.981565 0.027911 0.189078 62.976713
0.196033 0.081870 0.977174 77.674991 0.010461 0.996277 -0.085569 -5.332216 -0.980541 0.026996 0.194447 63.097426
0.203185 0.080407 0.975833 78.120689 0.011678 0.996353 -0.084529 -5.370830 -0.979071 0.028571 0.201505 63.182141
0.210358 0.080863 0.974274 78.849450 0.010130 0.996340 -0.084881 -5.421306 -0.977572 0.027725 0.208769 63.346004
0.218756 0.078730 0.972598 79.461318 0.010380 0.996496 -0.082999 -5.469383 -0.975724 0.028252 0.217172 63.489970
0.227680 0.078458 0.970570 80.036168 0.006712 0.996598 -0.082137 -5.517095 -0.973713 0.025216 0.226379 63.634854
0.237317 0.078100 0.968288 80.626386 0.005697 0.996634 -0.081782 -5.562766 -0.971415 0.024925 0.236074 63.790165
0.246789 0.082066 0.965588 81.213402 0.000126 0.996405 -0.084717 -5.607932 -0.969069 0.021029 0.245892 63.957751
0.256224 0.084216 0.962942 81.797933 -0.003174 0.996265 -0.086286 -5.652191 -0.966612 0.019052 0.255535 64.124593
0.267288 0.086772 0.959702 82.194583 -0.007252 0.996090 -0.088043 -5.682019 -0.963589 0.016573 0.266873 64.268580
0.277516 0.088610 0.956626 82.992906 -0.008737 0.995929 -0.089716 -5.753472 -0.960681 0.016540 0.277160 64.485030
0.287252 0.089408 0.953673 83.599846 -0.011890 0.995890 -0.089785 -5.803253 -0.957781 0.014452 0.287135 64.683316
0.297692 0.089812 0.950428 84.277598 -0.012491 0.995846 -0.090191 -5.855883 -0.954580 0.014977 0.297577 64.907917
0.307795 0.090881 0.947102 84.926317 -0.016719 0.995791 -0.090120 -5.905270 -0.951306 0.011904 0.308019 65.135917
0.318402 0.085933 0.944053 85.578011 -0.016198 0.996231 -0.085220 -5.959111 -0.947818 0.011843 0.318593 65.363950
0.329327 0.078915 0.940912 86.256274 -0.012669 0.996781 -0.079166 -6.010654 -0.944131 0.014151 0.329267 65.596817
0.340169 0.074309 0.937424 86.511205 -0.011049 0.997120 -0.075031 -6.028777 -0.940299 0.015165 0.340010 65.762752
0.350225 0.071361 0.933943 87.507909 -0.011898 0.997352 -0.071744 -6.102619 -0.936590 0.014015 0.350147 66.098418
0.359745 0.068875 0.930505 88.204757 -0.005498 0.997411 -0.071702 -6.148268 -0.933034 0.020678 0.359193 66.373581
0.368497 0.063633 0.927448 88.916170 0.000783 0.997633 -0.068760 -6.187154 -0.929629 0.026064 0.367575 66.646975
0.375565 0.054156 0.925212 89.644863 0.010541 0.997977 -0.062694 -6.228886 -0.926736 0.033298 0.374234 66.934582
0.382667 0.049678 0.922550 90.375636 0.016024 0.998046 -0.060390 -6.275024 -0.923748 0.037892 0.381123 67.235851
0.389797 0.049490 0.919570 90.872949 0.017615 0.997972 -0.061176 -6.306202 -0.920732 0.040045 0.388135 67.479399
0.397494 0.055896 0.915901 91.699185 0.019679 0.997394 -0.069410 -6.362344 -0.917394 0.045614 0.395359 67.827429
0.404688 0.060441 0.912455 92.401824 0.022772 0.996838 -0.076130 -6.409619 -0.914171 0.051587 0.402031 68.127899
0.410093 0.062395 0.909907 93.093271 0.021623 0.996712 -0.078093 -6.455471 -0.911788 0.051700 0.407395 68.447077
0.414512 0.064002 0.907791 93.797997 0.014464 0.996935 -0.076892 -6.514197 -0.909929 0.045003 0.412315 68.782715
0.418428 0.067245 0.905757 94.239236 0.008642 0.996916 -0.078004 -6.548396 -0.908209 0.040467 0.416556 69.058602
0.422478 0.070455 0.903631 95.140224 0.006985 0.996692 -0.080977 -6.635290 -0.906346 0.040523 0.420588 69.444653
0.426517 0.074600 0.901398 95.784192 0.003918 0.996431 -0.084319 -6.688282 -0.904471 0.039495 0.424703 69.759904
0.429929 0.077608 0.899521 96.453329 0.000747 0.996268 -0.086312 -6.751011 -0.902862 0.037780 0.428266 70.091973
0.433733 0.076088 0.897823 97.118179 -0.000445 0.996446 -0.084231 -6.812580 -0.901041 0.036134 0.432225 70.424400
0.437869 0.072998 0.896070 97.776977 0.000541 0.996677 -0.081458 -6.871830 -0.899039 0.036153 0.436374 70.748716
0.441309 0.070313 0.894596 98.422121 0.000246 0.996916 -0.078477 -6.928421 -0.897355 0.034853 0.439931 71.071455
0.444724 0.069228 0.892988 98.985809 -0.000567 0.997030 -0.077011 -6.977733 -0.895668 0.033742 0.443442 71.363579
0.448079 0.070901 0.891178 99.499483 -0.002283 0.996938 -0.078167 -7.026201 -0.893991 0.032991 0.446869 71.677233
0.450916 0.071610 0.889689 100.116951 -0.001441 0.996834 -0.079504 -7.077721 -0.892565 0.034568 0.449592 71.992211
0.453176 0.069694 0.888692 100.704633 0.000722 0.996910 -0.078549 -7.127614 -0.891421 0.036238 0.451725 72.291939
0.454854 0.068542 0.887924 101.304808 0.002713 0.996923 -0.078346 -7.180328 -0.890562 0.038045 0.453268 72.602650
0.456593 0.068517 0.887033 101.891954 0.001298 0.996978 -0.077678 -7.233867 -0.889675 0.036618 0.455124 72.915755
0.458470 0.067911 0.886112 102.471159 0.002873 0.996958 -0.077892 -7.281892 -0.888705 0.038257 0.456880 73.220600
0.461239 0.069631 0.884540 103.041675 0.002378 0.996815 -0.079710 -7.330825 -0.887273 0.038869 0.459604 73.516175
0.464064 0.069522 0.883069 103.557631 0.004937 0.996697 -0.081062 -7.373908 -0.885788 0.041978 0.462188 73.767143
0.467017 0.068911 0.881559 104.143109 0.006620 0.996658 -0.081416 -7.430544 -0.884223 0.043858 0.465000 74.102334
0.470411 0.066883 0.879909 104.696738 0.010346 0.996637 -0.081287 -7.475732 -0.882387 0.047342 0.468138 74.388740
0.473711 0.065922 0.878210 105.159006 0.011566 0.996643 -0.081050 -7.520797 -0.880604 0.048551 0.471358 74.644927
0.476890 0.065418 0.876525 105.677648 0.012537 0.996619 -0.081202 -7.570767 -0.878873 0.049714 0.474458 74.932094
0.480188 0.064639 0.874781 106.190104 0.013234 0.996634 -0.080907 -7.618011 -0.877066 0.050427 0.477716 75.221289
0.483569 0.064408 0.872934 106.791138 0.013992 0.996593 -0.081283 -7.669384 -0.875195 0.051520 0.481020 75.508436
0.487495 0.065368 0.870675 107.195153 0.014294 0.996462 -0.082815 -7.710983 -0.873009 0.052817 0.484836 75.780902
0.491796 0.065883 0.868215 107.679176 0.015757 0.996297 -0.084528 -7.755895 -0.870568 0.055251 0.488936 76.054390
0.496497 0.069201 0.865276 108.172884 0.013609 0.996074 -0.087470 -7.804296 -0.867932 0.055204 0.493606 76.347135
0.501861 0.075010 0.861690 108.657702 0.010086 0.995657 -0.092546 -7.855142 -0.864890 0.055136 0.498925 76.638979
0.507760 0.081978 0.857589 109.138060 0.005079 0.995160 -0.098136 -7.905223 -0.861484 0.054185 0.504886 76.935215
0.513881 0.088233 0.853312 109.616454 -0.000118 0.994704 -0.102782 -7.957488 -0.857862 0.052717 0.511169 77.237290
0.520210 0.092732 0.848989 110.112056 -0.003853 0.994332 -0.106246 -8.010042 -0.854030 0.051999 0.517619 77.551308
0.525264 0.093358 0.845803 110.681069 -0.008823 0.994508 -0.104292 -8.062183 -0.850894 0.047318 0.523202 77.891975
0.531091 0.092230 0.842280 111.106668 -0.014207 0.994888 -0.099982 -8.113638 -0.847196 0.041133 0.529686 78.209196
0.536757 0.089852 0.838939 111.612304 -0.020487 0.995408 -0.093503 -8.167455 -0.843488 0.033001 0.536133 78.552579
0.542437 0.088084 0.835466 112.092307 -0.027143 0.995806 -0.087366 -8.222177 -0.839658 0.024713 0.542553 78.889769
0.548489 0.086100 0.831713 112.605536 -0.029726 0.996063 -0.083511 -8.273695 -0.835629 0.021081 0.548889 79.244094
0.554839 0.089691 0.827109 113.116513 -0.034759 0.995803 -0.084667 -8.320078 -0.831231 0.018227 0.555628 79.599847
0.560503 0.093955 0.822805 113.846825 -0.039448 0.995445 -0.086796 -8.379713 -0.827212 0.016192 0.561656 80.038399
0.566939 0.097021 0.818026 114.200871 -0.041657 0.995146 -0.089158 -8.416054 -0.822706 0.016470 0.568229 80.356542
0.573186 0.099283 0.813389 114.730727 -0.044090 0.994932 -0.090373 -8.462909 -0.818239 0.015939 0.574658 80.749524
0.579522 0.100349 0.808755 115.275830 -0.047260 0.994858 -0.089575 -8.511393 -0.813585 0.013689 0.581285 81.155310
0.585655 0.102547 0.804048 115.827989 -0.053488 0.994692 -0.087902 -8.565270 -0.808794 0.008474 0.588031 81.582365
0.592799 0.100435 0.799063 116.390597 -0.053779 0.994915 -0.085155 -8.619582 -0.803553 0.007507 0.595186 82.011673
0.600395 0.098708 0.793588 117.074432 -0.054257 0.995094 -0.082723 -8.676327 -0.797861 0.006609 0.602806 82.473939
0.607470 0.098392 0.788225 117.604923 -0.054814 0.995126 -0.081975 -8.734394 -0.792449 0.006592 0.609902 82.939559
0.614879 0.101141 0.782109 118.173948 -0.059703 0.994866 -0.081717 -8.777888 -0.786358 0.003552 0.617761 83.414423
0.622619 0.101852 0.775869 118.756465 -0.060543 0.994791 -0.082006 -8.827073 -0.780180 0.004085 0.625542 83.899989
0.629505 0.102566 0.770197 119.349587 -0.062479 0.994721 -0.081400 -8.880173 -0.774480 0.003121 0.632591 84.397771
0.635040 0.101597 0.765769 119.974090 -0.062287 0.994820 -0.080332 -8.935348 -0.769964 0.003317 0.638079 84.885621
0.638309 0.100218 0.763229 120.682079 -0.061413 0.994959 -0.079284 -9.001503 -0.767327 0.003736 0.641245 85.471367
0.642035 0.097607 0.760436 121.303318 -0.057673 0.995201 -0.079048 -9.054885 -0.764503 0.006895 0.644584 85.998550
0.645562 0.093897 0.757913 121.922245 -0.052367 0.995520 -0.078729 -9.109522 -0.761910 0.011135 0.647587 86.528504
0.649462 0.087592 0.755332 122.558171 -0.044643 0.996022 -0.077119 -9.166665 -0.759083 0.016366 0.650789 87.066179
0.653307 0.081816 0.752659 123.195824 -0.038852 0.996457 -0.074595 -9.221904 -0.756095 0.019491 0.654171 87.615256
0.657157 0.076312 0.749881 123.749734 -0.033190 0.996826 -0.072357 -9.269440 -0.753023 0.022661 0.657604 88.117429
0.659951 0.074767 0.747579 124.577075 -0.032968 0.996959 -0.070604 -9.339763 -0.750585 0.021949 0.660409 88.784474
0.662925 0.076385 0.744779 125.242439 -0.033767 0.996820 -0.072178 -9.397301 -0.747924 0.022700 0.663396 89.385721
0.666082 0.081129 0.741454 125.880269 -0.039385 0.996506 -0.073654 -9.450571 -0.744838 0.019857 0.666950 89.977574
0.668972 0.084790 0.738435 126.526949 -0.045816 0.996287 -0.072891 -9.504627 -0.741874 0.014930 0.670373 90.580855
0.672464 0.081561 0.735622 126.989096 -0.045751 0.996590 -0.068673 -9.543795 -0.738714 0.012525 0.673902 91.082063
0.675634 0.078713 0.733024 127.771724 -0.048936 0.996879 -0.061941 -9.605412 -0.735612 0.005978 0.677377 91.765042
0.679017 0.073429 0.730441 128.433637 -0.048555 0.997299 -0.055119 -9.652889 -0.732515 0.001960 0.680748 92.402441
0.683618 0.069477 0.726526 129.093464 -0.046579 0.997583 -0.051569 -9.697891 -0.728352 0.001413 0.685201 93.026862
0.688584 0.066383 0.722112 129.575043 -0.040707 0.997769 -0.052907 -9.727391 -0.724013 0.007035 0.689751 93.555014
0.693874 0.063368 0.717303 130.366380 -0.030463 0.997812 -0.058681 -9.781621 -0.719452 0.018866 0.694286 94.247855
0.699036 0.065160 0.712112 131.014814 -0.024959 0.997456 -0.066770 -9.830153 -0.714651 0.028901 0.698884 94.890160
0.704634 0.065593 0.706533 131.665658 -0.022063 0.997262 -0.070580 -9.881394 -0.709228 0.034145 0.704152 95.540058
0.710513 0.061252 0.701013 132.322874 -0.019785 0.997549 -0.067109 -9.936385 -0.703406 0.033812 0.709984 96.208940
0.716615 0.055329 0.695271 132.751761 -0.014654 0.997823 -0.064301 -9.975786 -0.697315 0.035890 0.715865 96.729847
0.721972 0.052208 0.689949 133.584205 -0.010371 0.997854 -0.064655 -10.047774 -0.691844 0.039524 0.720964 97.535331
0.726516 0.054292 0.685002 134.208435 -0.008196 0.997487 -0.070367 -10.104053 -0.687101 0.045509 0.725135 98.201519
0.730173 0.055720 0.680987 134.846703 -0.009006 0.997368 -0.071951 -10.159707 -0.683203 0.046404 0.728752 98.893034
0.733307 0.053004 0.677828 135.486414 -0.006817 0.997480 -0.070624 -10.221822 -0.679863 0.047168 0.731820 99.589165
0.735841 0.047315 0.675500 136.132272 -0.003312 0.997795 -0.066281 -10.282969 -0.677147 0.046535 0.734375 100.288428
0.737321 0.042706 0.674192 136.618672 0.000421 0.997971 -0.063675 -10.322947 -0.675543 0.047232 0.735807 100.867264
0.737873 0.038294 0.673853 137.354937 0.003500 0.998159 -0.060556 -10.392955 -0.674931 0.047041 0.736380 101.651438
0.738220 0.037242 0.673532 138.002679 0.003764 0.998232 -0.059321 -10.449486 -0.674550 0.046327 0.736774 102.360972
0.738134 0.037865 0.673591 138.614602 0.002408 0.998270 -0.058755 -10.490632 -0.674650 0.044991 0.736765 103.030600
0.737573 0.039808 0.674093 139.121428 0.001153 0.998185 -0.060209 -10.529718 -0.675266 0.045185 0.736189 103.649260
0.736333 0.044299 0.675168 139.808813 -0.003641 0.998099 -0.061516 -10.587457 -0.676610 0.042838 0.735094 104.385658
0.734340 0.048048 0.677079 140.432813 -0.006921 0.997970 -0.063313 -10.642278 -0.678747 0.041807 0.733182 105.079475
0.732323 0.050796 0.679061 141.072876 -0.011055 0.997969 -0.062729 -10.697011 -0.680868 0.038431 0.731397 105.783339
0.729983 0.051946 0.681488 141.647914 -0.012941 0.997979 -0.062209 -10.744024 -0.683342 0.036593 0.729180 106.424185
0.727696 0.051546 0.683960 142.289143 -0.014003 0.998081 -0.060322 -10.796478 -0.685757 0.034319 0.727021 107.121550
0.725139 0.050177 0.686772 142.926472 -0.015004 0.998256 -0.057093 -10.849938 -0.688439 0.031097 0.724628 107.808497
0.722451 0.046230 0.689875 143.559047 -0.010991 0.998404 -0.055396 -10.901860 -0.691335 0.032438 0.721806 108.470502
0.719699 0.050398 0.692454 144.201221 -0.011520 0.998091 -0.060669 -10.956533 -0.694190 0.035687 0.718906 109.140736
0.716210 0.060259 0.695278 144.972539 -0.016706 0.997460 -0.069239 -11.021920 -0.697685 0.037974 0.715398 109.914022
0.712734 0.067125 0.698215 145.492632 -0.019374 0.996915 -0.076065 -11.067791 -0.701167 0.040687 0.711836 110.501805
0.709141 0.065586 0.702010 146.130916 -0.020841 0.997179 -0.072111 -11.126343 -0.704759 0.036506 0.708507 111.156304
0.705442 0.063789 0.705891 146.759874 -0.023708 0.997508 -0.066449 -11.189021 -0.708371 0.030141 0.705197 111.793432
0.701911 0.062047 0.709557 147.404857 -0.025668 0.997755 -0.061858 -11.244999 -0.711802 0.025206 0.701928 112.444207
0.698634 0.061789 0.712806 148.210027 -0.024857 0.997759 -0.062127 -11.311272 -0.715047 0.025686 0.698604 113.194946
0.695672 0.060369 0.715819 148.751969 -0.023290 0.997834 -0.061518 -11.355780 -0.717982 0.026125 0.695571 113.749203
0.692748 0.059729 0.718702 149.407240 -0.019496 0.997751 -0.064127 -11.407587 -0.720916 0.030412 0.692355 114.378674
0.689368 0.058894 0.722013 150.058664 -0.015876 0.997679 -0.066222 -11.462177 -0.724237 0.034188 0.688703 114.997117
0.685397 0.059500 0.725734 150.764546 -0.012762 0.997484 -0.069727 -11.522711 -0.728058 0.038529 0.684432 115.645904
0.681613 0.059803 0.729265 151.452594 -0.013238 0.997499 -0.069427 -11.581735 -0.731593 0.037668 0.680701 116.293769
0.677695 0.060972 0.732811 152.113699 -0.014462 0.997469 -0.069618 -11.632489 -0.735201 0.036582 0.676862 116.911320
0.672562 0.060992 0.737523 152.785113 -0.014324 0.997484 -0.069428 -11.697182 -0.739902 0.036130 0.671744 117.534399
0.666784 0.063972 0.742500 153.300584 -0.017082 0.997359 -0.070590 -11.742914 -0.745055 0.034385 0.666116 118.022823
0.660713 0.070942 0.747279 154.145418 -0.020819 0.996873 -0.076229 -11.818581 -0.750350 0.034808 0.660124 118.760465
0.654472 0.076714 0.752185 154.813875 -0.023802 0.996437 -0.080916 -11.879108 -0.755712 0.035054 0.653966 119.355620
0.647973 0.079314 0.757523 155.523485 -0.023861 0.996189 -0.083892 -11.947484 -0.761290 0.036285 0.647396 119.974989
0.641358 0.073857 0.763678 156.231583 -0.024601 0.996824 -0.075744 -12.010578 -0.766847 0.029792 0.641138 120.577292
0.634281 0.070124 0.769916 156.758633 -0.030562 0.997374 -0.065663 -12.057481 -0.772498 0.018119 0.634758 121.037355
0.627114 0.065285 0.776187 157.589606 -0.029810 0.997763 -0.059837 -12.126759 -0.778357 0.014386 0.627657 121.705198
0.619975 0.066370 0.781809 158.311617 -0.034388 0.997757 -0.057432 -12.172588 -0.783867 0.008721 0.620867 122.286414
0.612023 0.067924 0.787917 159.070436 -0.032933 0.997629 -0.060422 -12.217242 -0.790154 0.011032 0.612809 122.885311
0.605524 0.067704 0.792942 159.723458 -0.027228 0.997554 -0.064382 -12.272900 -0.795361 0.017395 0.605886 123.388321
0.598683 0.076039 0.797369 160.503860 -0.025547 0.996790 -0.075875 -12.321054 -0.800578 0.025055 0.598704 123.971762
0.591383 0.077120 0.802695 161.269582 -0.021582 0.996573 -0.079847 -12.380988 -0.806102 0.029896 0.591021 124.535307
0.584480 0.072936 0.808123 162.019946 -0.018957 0.996907 -0.076264 -12.451744 -0.811186 0.029256 0.584056 125.073963
0.577406 0.067128 0.813693 162.799650 -0.014910 0.997315 -0.071696 -12.521441 -0.816321 0.029265 0.576856 125.622500
0.570310 0.066357 0.818745 163.425795 -0.014333 0.997384 -0.070851 -12.575459 -0.821305 0.028672 0.569769 126.060234
0.563415 0.068154 0.823358 164.332933 -0.016083 0.997307 -0.071548 -12.650266 -0.826018 0.027069 0.562994 126.697420
0.557558 0.065657 0.827537 165.086247 -0.010921 0.997361 -0.071773 -12.709344 -0.830066 0.030980 0.556804 127.200703
0.552505 0.059617 0.831375 165.850338 -0.005810 0.997690 -0.067682 -12.772517 -0.833489 0.032564 0.551575 127.702544
0.547616 0.057081 0.834781 166.608291 -0.005417 0.997891 -0.064680 -12.833277 -0.836713 0.030898 0.546770 128.200494
0.543172 0.055991 0.837752 167.358374 -0.007036 0.998043 -0.062142 -12.893536 -0.839592 0.027859 0.542503 128.697888
0.538036 0.058472 0.840891 167.990838 -0.007769 0.997893 -0.064418 -12.944391 -0.842886 0.028126 0.537357 129.101987
0.534603 0.061078 0.842893 168.850177 -0.006615 0.997657 -0.068097 -13.010665 -0.845077 0.030829 0.533755 129.661363
0.531438 0.067073 0.844438 169.569450 -0.007323 0.997187 -0.074597 -13.066429 -0.847065 0.033459 0.530434 130.120678
