1.000000 0.000000 -0.000019 0.000051 -0.000000 1.000000 0.000005 -0.000036 0.000019 -0.000005 1.000000 -0.000250
1.000000 -0.000495 -0.000218 -0.005835 0.000496 0.999999 0.001616 -0.021206 0.000217 -0.001616 0.999999 1.324185
0.999999 -0.001595 -0.000654 -0.010728 0.001596 0.999997 0.001684 -0.042311 0.000652 -0.001685 0.999998 2.640416
0.999994 -0.003226 -0.000932 -0.012910 0.003226 0.999995 0.000693 -0.062943 0.000929 -0.000696 0.999999 3.998337
0.999993 -0.003642 -0.000909 -0.017304 0.003642 0.999993 0.000751 -0.083166 0.000906 -0.000754 0.999999 5.336610
0.999993 -0.003682 -0.000546 -0.028012 0.003683 0.999992 0.001553 -0.104041 0.000540 -0.001555 0.999999 6.618740
0.999985 -0.005483 -0.000590 -0.030835 0.005485 0.999981 0.002964 -0.127315 0.000574 -0.002968 0.999995 8.014977
0.999986 -0.005165 -0.000777 -0.037796 0.005168 0.999981 0.003397 -0.146017 0.000760 -0.003401 0.999994 9.362218
0.999990 -0.004292 -0.001224 -0.045042 0.004294 0.999990 0.001513 -0.163314 0.001217 -0.001519 0.999998 10.713302
0.999998 -0.001593 -0.001270 -0.057162 0.001592 0.999999 -0.000643 -0.185495 0.001271 0.000641 0.999999 12.068716
0.999997 0.002493 -0.000804 -0.076135 -0.002494 0.999995 -0.001668 -0.207594 0.000800 0.001670 0.999998 13.317047
0.999991 0.004188 -0.001016 -0.082237 -0.004189 0.999990 -0.001675 -0.231187 0.001009 0.001680 0.999998 14.795347
0.999985 0.005443 -0.000746 -0.092969 -0.005444 0.999985 -0.000884 -0.254575 0.000741 0.000888 0.999999 16.165739
0.999995 0.003096 -0.000316 -0.097560 -0.003095 0.999994 0.001826 -0.274990 0.000322 -0.001825 0.999998 17.540129
1.000000 -0.000765 -0.000095 -0.108478 0.000765 0.999993 0.003726 -0.300070 0.000092 -0.003727 0.999993 18.740498
0.999994 -0.003287 -0.000473 -0.101360 0.003288 0.999994 0.001466 -0.318387 0.000468 -0.001468 0.999999 20.264379
0.999991 -0.004212 -0.000333 -0.115000 0.004212 0.999991 -0.000764 -0.336660 0.000337 0.000763 1.000000 21.625865
0.999998 -0.001862 0.000142 -0.127418 0.001862 0.999996 -0.002177 -0.365995 -0.000138 0.002177 0.999998 22.873353
0.999999 0.000813 0.001005 -0.135897 -0.000813 1.000000 -0.000427 -0.381834 -0.001005 0.000426 0.999999 24.368047
0.999998 0.001418 0.001494 -0.146733 -0.001422 0.999994 0.003142 -0.402366 -0.001490 -0.003144 0.999994 25.746622
0.999998 -0.001015 0.001881 -0.146922 0.001005 0.999986 0.005244 -0.421008 -0.001886 -0.005242 0.999984 26.993433
0.999988 -0.004741 0.001434 -0.142431 0.004736 0.999983 0.003287 -0.436534 -0.001449 -0.003280 0.999994 28.507329
0.999985 -0.005282 0.001325 -0.146308 0.005281 0.999986 0.000860 -0.453852 -0.001330 -0.000853 0.999999 29.884513
0.999983 -0.005408 0.002073 -0.151863 0.005412 0.999984 -0.001558 -0.476917 -0.002065 0.001569 0.999997 31.283549
0.999994 -0.002009 0.002857 -0.162565 0.002015 0.999996 -0.002042 -0.507213 -0.002853 0.002047 0.999994 32.562922
0.999995 -0.001189 0.002982 -0.165581 0.001202 0.999989 -0.004452 -0.529670 -0.002977 0.004456 0.999986 34.017663
0.999996 -0.000205 0.002917 -0.164643 0.000217 0.999992 -0.003988 -0.554819 -0.002916 0.003989 0.999988 35.413082
0.999996 -0.000043 0.002962 -0.173712 0.000051 0.999997 -0.002555 -0.587238 -0.002962 0.002555 0.999992 36.726166
0.999997 0.001040 0.002339 -0.172303 -0.001037 0.999999 -0.001262 -0.605205 -0.002340 0.001260 0.999996 38.211073
0.999989 0.003899 0.002492 -0.182287 -0.003897 0.999992 -0.000955 -0.631209 -0.002496 0.000945 0.999996 39.607296
0.999976 0.006356 0.002712 -0.188546 -0.006352 0.999979 -0.001399 -0.654528 -0.002721 0.001381 0.999995 41.026711
0.999961 0.008386 0.002908 -0.205872 -0.008385 0.999965 -0.000382 -0.689124 -0.002911 0.000358 0.999996 42.361573
0.999953 0.009382 0.002411 -0.206125 -0.009380 0.999956 -0.000972 -0.700291 -0.002420 0.000949 0.999997 43.897838
0.999962 0.008496 0.001904 -0.207207 -0.008494 0.999963 -0.001037 -0.730681 -0.001913 0.001021 0.999998 45.323874
0.999969 0.007756 0.001282 -0.210792 -0.007755 0.999969 -0.001434 -0.755960 -0.001293 0.001424 0.999998 46.750612
0.999972 0.007476 0.000382 -0.217127 -0.007476 0.999971 -0.001477 -0.774422 -0.000393 0.001474 0.999999 48.188569
0.999974 0.007262 -0.000437 -0.237321 -0.007262 0.999974 0.000264 -0.811204 0.000438 -0.000261 1.000000 49.500063
0.999966 0.008061 -0.001518 -0.237809 -0.008062 0.999967 -0.000796 -0.813961 0.001511 0.000808 0.999999 51.016822
0.999959 0.008616 -0.002613 -0.252766 -0.008616 0.999963 -0.000047 -0.847561 0.002612 0.000069 0.999997 52.446168
0.999954 0.008794 -0.003722 -0.265079 -0.008791 0.999961 0.000801 -0.871361 0.003729 -0.000768 0.999993 53.890882
0.999968 0.006724 -0.004337 -0.284531 -0.006714 0.999975 0.002353 -0.906957 0.004353 -0.002324 0.999988 55.256132
0.999973 0.005430 -0.004919 -0.291698 -0.005420 0.999983 0.002003 -0.919563 0.004929 -0.001977 0.999986 56.720001
0.999982 0.002705 -0.005387 -0.305981 -0.002698 0.999996 0.001288 -0.939245 0.005391 -0.001274 0.999985 58.162182
0.999984 0.002024 -0.005319 -0.323492 -0.002013 0.999996 0.002091 -0.979092 0.005323 -0.002081 0.999984 59.609375
0.999987 0.000188 -0.005042 -0.325588 -0.000176 0.999997 0.002446 -0.985046 0.005043 -0.002445 0.999984 61.018407
0.999989 -0.000851 -0.004580 -0.343195 0.000865 0.999995 0.003089 -1.008651 0.004578 -0.003093 0.999985 62.459201
0.999990 -0.002200 -0.004012 -0.362296 0.002212 0.999993 0.002921 -1.049718 0.004006 -0.002930 0.999988 63.868738
0.999987 -0.003703 -0.003641 -0.364664 0.003710 0.999991 0.001967 -1.063536 0.003634 -0.001981 0.999991 65.346702
0.999991 -0.002995 -0.003007 -0.377272 0.002999 0.999995 0.001352 -1.085757 0.003003 -0.001361 0.999995 66.773798
0.999996 -0.001920 -0.002085 -0.400836 0.001923 0.999997 0.001695 -1.128175 0.002081 -0.001699 0.999996 68.187090
0.999997 0.001793 -0.001595 -0.406779 -0.001789 0.999995 0.002556 -1.141074 0.001599 -0.002553 0.999995 69.648775
0.999988 0.004875 -0.000910 -0.417180 -0.004872 0.999981 0.003831 -1.166927 0.000928 -0.003826 0.999992 71.077301
0.999959 0.009039 -0.000088 -0.433408 -0.009038 0.999950 0.004233 -1.187332 0.000126 -0.004232 0.999991 72.494442
0.999915 0.013009 0.000638 -0.458922 -0.013012 0.999905 0.004531 -1.223552 -0.000579 -0.004538 0.999990 73.857969
0.999865 0.016376 0.001230 -0.468829 -0.016380 0.999860 0.003311 -1.236613 -0.001176 -0.003330 0.999994 75.345766
0.999828 0.018432 0.001985 -0.481203 -0.018438 0.999825 0.003069 -1.258124 -0.001928 -0.003105 0.999993 76.760383
0.999827 0.018434 0.002368 -0.488644 -0.018443 0.999821 0.004200 -1.294915 -0.002290 -0.004243 0.999988 78.095906
0.999848 0.017267 0.002417 -0.498412 -0.017275 0.999845 0.003442 -1.307951 -0.002357 -0.003483 0.999991 79.527261
0.999870 0.015943 0.002386 -0.506734 -0.015949 0.999869 0.002694 -1.329945 -0.002343 -0.002731 0.999994 80.936602
0.999880 0.015372 0.001977 -0.511228 -0.015377 0.999879 0.002317 -1.350056 -0.001941 -0.002347 0.999995 82.338940
0.999876 0.015659 0.001474 -0.509439 -0.015663 0.999873 0.002891 -1.383201 -0.001428 -0.002914 0.999995 83.606505
0.999889 0.014885 0.001030 -0.522120 -0.014887 0.999887 0.002141 -1.391909 -0.000998 -0.002156 0.999997 85.113569
0.999881 0.015456 0.000262 -0.527523 -0.015457 0.999877 0.002592 -1.424911 -0.000222 -0.002596 0.999997 86.493978
0.999889 0.014903 -0.000799 -0.531191 -0.014901 0.999883 0.003331 -1.444522 0.000849 -0.003319 0.999994 87.882318
0.999911 0.013178 -0.001847 -0.537958 -0.013169 0.999901 0.004868 -1.482039 0.001911 -0.004843 0.999986 89.144917
0.999939 0.010592 -0.003030 -0.549725 -0.010576 0.999930 0.005254 -1.499668 0.003086 -0.005222 0.999982 90.654644
0.999954 0.008864 -0.003738 -0.558160 -0.008845 0.999949 0.004969 -1.511481 0.003781 -0.004935 0.999981 92.014849
0.999964 0.007311 -0.004224 -0.572287 -0.007292 0.999964 0.004398 -1.528164 0.004256 -0.004367 0.999981 93.389747
0.999970 0.006424 -0.004416 -0.582595 -0.006407 0.999972 0.003933 -1.549400 0.004442 -0.003904 0.999983 94.767676
0.999963 0.007123 -0.004752 -0.588688 -0.007104 0.999967 0.003976 -1.588598 0.004780 -0.003942 0.999981 96.009164
0.999966 0.007043 -0.004370 -0.616812 -0.007032 0.999972 0.002426 -1.581860 0.004387 -0.002395 0.999988 97.491190
0.999958 0.008053 -0.004377 -0.624518 -0.008043 0.999965 0.002168 -1.621144 0.004394 -0.002133 0.999988 98.842326
0.999947 0.009444 -0.004038 -0.642629 -0.009435 0.999953 0.002349 -1.643835 0.004060 -0.002311 0.999989 100.209760
0.999942 0.010085 -0.003749 -0.660152 -0.010071 0.999942 0.003779 -1.667492 0.003787 -0.003741 0.999986 101.571089
0.999936 0.010600 -0.003835 -0.669920 -0.010577 0.999926 0.005957 -1.700601 0.003898 -0.005916 0.999975 102.820477
0.999936 0.010694 -0.003558 -0.689086 -0.010681 0.999937 0.003532 -1.712472 0.003595 -0.003493 0.999987 104.191480
0.999935 0.010773 -0.003634 -0.691549 -0.010768 0.999941 0.001346 -1.732579 0.003649 -0.001306 0.999992 105.535438
0.999946 0.009733 -0.003669 -0.717180 -0.009731 0.999952 0.000557 -1.760812 0.003674 -0.000522 0.999993 106.836713
0.999964 0.007604 -0.003699 -0.715438 -0.007598 0.999969 0.001846 -1.787358 0.003713 -0.001818 0.999991 108.237124
0.999981 0.005324 -0.003059 -0.730590 -0.005314 0.999980 0.003491 -1.799402 0.003077 -0.003475 0.999989 109.575106
0.999991 0.003762 -0.002147 -0.738688 -0.003753 0.999985 0.004100 -1.820399 0.002162 -0.004092 0.999989 110.920467
0.999995 0.002833 -0.001302 -0.763237 -0.002829 0.999991 0.003028 -1.851869 0.001311 -0.003024 0.999995 112.324269
0.999988 0.004756 -0.000651 -0.768176 -0.004756 0.999989 0.000369 -1.858244 0.000653 -0.000366 1.000000 113.626766
0.999975 0.006987 0.000474 -0.771624 -0.006986 0.999974 -0.001723 -1.886948 -0.000486 0.001720 0.999998 114.950033
0.999947 0.010159 0.001936 -0.792529 -0.010156 0.999947 -0.001511 -1.919149 -0.001951 0.001491 0.999997 116.120968
0.999933 0.011117 0.003215 -0.788097 -0.011118 0.999938 0.000347 -1.937597 -0.003210 -0.000383 0.999995 117.632278
0.999929 0.011085 0.004303 -0.798101 -0.011096 0.999935 0.002531 -1.957284 -0.004275 -0.002579 0.999988 118.999124
0.999932 0.010520 0.005110 -0.805257 -0.010535 0.999940 0.002901 -1.973067 -0.005079 -0.002955 0.999983 120.354118
0.999915 0.011476 0.006188 -0.803869 -0.011492 0.999931 0.002596 -2.011760 -0.006158 -0.002667 0.999977 121.691338
0.999882 0.013473 0.007424 -0.818153 -0.013487 0.999907 0.001891 -2.027100 -0.007398 -0.001991 0.999971 123.174392
0.999844 0.015375 0.008645 -0.813473 -0.015388 0.999881 0.001397 -2.042764 -0.008623 -0.001530 0.999962 124.520247
0.999823 0.016128 0.009720 -0.804978 -0.016135 0.999870 0.000633 -2.070258 -0.009708 -0.000790 0.999953 125.768581
0.999794 0.017313 0.010617 -0.807412 -0.017310 0.999850 -0.000390 -2.090144 -0.010622 0.000207 0.999944 127.195357
0.999793 0.016632 0.011688 -0.799410 -0.016625 0.999862 -0.000709 -2.115730 -0.011698 0.000515 0.999931 128.544195
0.999790 0.016150 0.012641 -0.794755 -0.016156 0.999869 0.000357 -2.138474 -0.012634 -0.000561 0.999920 129.899622
0.999808 0.014348 0.013356 -0.770290 -0.014370 0.999895 0.001579 -2.157059 -0.013332 -0.001771 0.999910 131.176722
0.999810 0.013932 0.013646 -0.772674 -0.013952 0.999902 0.001359 -2.180260 -0.013626 -0.001549 0.999906 132.550388
0.999836 0.011905 0.013664 -0.754328 -0.011929 0.999927 0.001678 -2.207940 -0.013643 -0.001841 0.999905 133.902995
0.999855 0.010439 0.013418 -0.741374 -0.010472 0.999942 0.002391 -2.231715 -0.013392 -0.002531 0.999907 135.255251
0.999884 0.008321 0.012751 -0.722486 -0.008351 0.999963 0.002281 -2.245022 -0.012731 -0.002387 0.999916 136.402018
0.999907 0.007171 0.011638 -0.721317 -0.007196 0.999972 0.002073 -2.268182 -0.011623 -0.002156 0.999930 138.000861
0.999928 0.005819 0.010454 -0.710910 -0.005849 0.999979 0.002825 -2.284531 -0.010437 -0.002886 0.999941 139.346139
0.999949 0.003996 0.009307 -0.701134 -0.004023 0.999988 0.002937 -2.303114 -0.009295 -0.002975 0.999952 140.710740
0.999960 0.003384 0.008254 -0.690155 -0.003413 0.999988 0.003588 -2.327550 -0.008242 -0.003616 0.999959 141.943295
0.999973 0.002890 0.006713 -0.682000 -0.002907 0.999993 0.002481 -2.338177 -0.006706 -0.002500 0.999974 143.391408
0.999980 0.002623 0.005699 -0.682240 -0.002635 0.999994 0.002102 -2.359160 -0.005693 -0.002117 0.999982 144.748808
0.999988 0.000310 0.004842 -0.681048 -0.000308 1.000000 -0.000325 -2.382142 -0.004842 0.000324 0.999988 146.105473
0.999981 -0.004647 0.004019 -0.685096 0.004648 0.999989 -0.000308 -2.417654 -0.004018 0.000327 0.999992 147.186017
0.999911 -0.013122 0.002582 -0.653732 0.013118 0.999912 0.001903 -2.426788 -0.002607 -0.001869 0.999995 148.809383
0.999810 -0.019457 0.000776 -0.643210 0.019455 0.999806 0.003125 -2.446767 -0.000837 -0.003109 0.999995 150.173941
0.999741 -0.022769 -0.000157 -0.641475 0.022769 0.999741 -0.000255 -2.467401 0.000162 0.000251 1.000000 151.521909
0.999769 -0.021490 0.000935 -0.669000 0.021492 0.999765 -0.002810 -2.507243 -0.000874 0.002830 0.999996 152.719101
0.999822 -0.018801 0.001347 -0.659268 0.018808 0.999808 -0.005424 -2.522151 -0.001245 0.005449 0.999984 154.128760
0.999822 -0.018734 0.002050 -0.657609 0.018745 0.999809 -0.005477 -2.552125 -0.001947 0.005515 0.999983 155.492391
0.999753 -0.022061 0.002552 -0.652240 0.022066 0.999754 -0.002029 -2.581204 -0.002507 0.002085 0.999995 156.860796
0.999639 -0.026634 0.003612 -0.674726 0.026630 0.999644 0.001348 -2.628795 -0.003647 -0.001251 0.999993 158.141750
0.999525 -0.030633 0.003396 -0.647840 0.030625 0.999529 0.002188 -2.633412 -0.003461 -0.002083 0.999992 159.568758
0.999478 -0.032144 0.003295 -0.638018 0.032138 0.999481 0.002006 -2.651989 -0.003358 -0.001899 0.999993 160.939848
0.999535 -0.030160 0.004402 -0.644982 0.030149 0.999542 0.002540 -2.671588 -0.004476 -0.002406 0.999987 162.287491
0.999651 -0.025787 0.005697 -0.659029 0.025774 0.999665 0.002271 -2.710898 -0.005754 -0.002124 0.999981 163.657685
0.999722 -0.022636 0.006609 -0.658036 0.022637 0.999744 -0.000108 -2.718408 -0.006605 0.000257 0.999978 164.974531
0.999780 -0.019677 0.007234 -0.659270 0.019683 0.999806 -0.000748 -2.743948 -0.007218 0.000890 0.999974 166.349793
0.999817 -0.017537 0.007663 -0.674790 0.017534 0.999846 0.000478 -2.776257 -0.007670 -0.000344 0.999971 167.337305
0.999851 -0.015619 0.007283 -0.657652 0.015620 0.999878 -0.000118 -2.788771 -0.007281 0.000232 0.999973 169.123154
0.999888 -0.013308 0.006829 -0.655943 0.013327 0.999908 -0.002655 -2.814821 -0.006793 0.002746 0.999973 170.492264
0.999929 -0.009902 0.006630 -0.678232 0.009934 0.999939 -0.004836 -2.858415 -0.006582 0.004901 0.999966 171.876071
0.999972 -0.004294 0.006141 -0.657767 0.004335 0.999968 -0.006727 -2.870464 -0.006112 0.006753 0.999959 173.283538
0.999979 0.000283 0.006514 -0.671606 -0.000248 0.999985 -0.005455 -2.905786 -0.006515 0.005453 0.999964 174.677748
0.999971 0.003053 0.007006 -0.673823 -0.003028 0.999989 -0.003557 -2.934251 -0.007017 0.003536 0.999969 176.071569
0.999965 0.003527 0.007545 -0.695764 -0.003522 0.999994 -0.000664 -2.978162 -0.007548 0.000637 0.999971 177.498657
0.999981 0.000393 0.006166 -0.665994 -0.000391 1.000000 -0.000302 -2.984711 -0.006166 0.000300 0.999981 178.794467
0.999988 -0.001850 0.004595 -0.673498 0.001850 0.999998 -0.000118 -3.011514 -0.004595 0.000126 0.999989 180.208945
0.999995 -0.002180 0.002469 -0.672831 0.002192 0.999987 -0.004577 -3.032385 -0.002459 0.004582 0.999986 181.617326
0.999998 -0.000357 0.001719 -0.705265 0.000371 0.999967 -0.008056 -3.080535 -0.001716 0.008057 0.999966 182.976346
0.999991 0.004129 0.000739 -0.710383 -0.004122 0.999949 -0.009248 -3.098494 -0.000777 0.009245 0.999957 184.443215
0.999971 0.007584 0.000564 -0.719833 -0.007579 0.999937 -0.008333 -3.132313 -0.000627 0.008328 0.999965 185.842173
0.999945 0.010385 0.001146 -0.744956 -0.010380 0.999937 -0.004261 -3.181234 -0.001190 0.004249 0.999990 187.120584
0.999944 0.010476 0.001316 -0.742118 -0.010472 0.999942 -0.002609 -3.200582 -0.001343 0.002595 0.999996 188.749565
0.999949 0.009957 0.001380 -0.749169 -0.009954 0.999949 -0.001776 -3.224644 -0.001397 0.001762 0.999997 190.168320
0.999960 0.008813 0.001434 -0.765917 -0.008811 0.999961 -0.001069 -3.259741 -0.001443 0.001056 0.999998 190.995563
0.999981 0.005881 0.001720 -0.760430 -0.005880 0.999983 -0.000497 -3.274952 -0.001723 0.000487 0.999998 192.909034
0.999993 0.003120 0.001869 -0.760977 -0.003119 0.999995 -0.000448 -3.301487 -0.001871 0.000442 0.999998 194.343422
0.999997 0.000204 0.002386 -0.765770 -0.000205 1.000000 0.000564 -3.328431 -0.002386 -0.000564 0.999997 195.781222
0.999990 -0.003473 0.002752 -0.766363 0.003467 0.999992 0.002214 -3.356699 -0.002760 -0.002204 0.999994 196.912762
0.999974 -0.006542 0.003090 -0.768390 0.006536 0.999977 0.001974 -3.374160 -0.003103 -0.001954 0.999993 198.566199
0.999986 -0.004226 0.003268 -0.768384 0.004235 0.999988 -0.002538 -3.400309 -0.003257 0.002552 0.999991 200.011968
0.999988 0.003243 0.003736 -0.783262 -0.003214 0.999965 -0.007683 -3.427612 -0.003761 0.007671 0.999964 201.458058
0.999918 0.011892 0.004853 -0.806668 -0.011855 0.999902 -0.007501 -3.467293 -0.004942 0.007443 0.999960 202.363449
0.999776 0.020182 0.006405 -0.818094 -0.020153 0.999787 -0.004450 -3.477707 -0.006494 0.004320 0.999970 204.416972
0.999754 0.021042 0.007040 -0.815137 -0.021029 0.999777 -0.001836 -3.519113 -0.007077 0.001688 0.999974 205.874581
0.999797 0.019080 0.006519 -0.814888 -0.019073 0.999817 -0.001106 -3.555051 -0.006539 0.000981 0.999978 206.961410
0.999859 0.015886 0.005396 -0.811076 -0.015879 0.999873 -0.001306 -3.567370 -0.005416 0.001220 0.999985 208.528653
0.999896 0.013771 0.004294 -0.801991 -0.013764 0.999904 -0.001757 -3.600593 -0.004317 0.001697 0.999989 210.009439
0.999892 0.014235 0.003704 -0.801552 -0.014227 0.999896 -0.002285 -3.627330 -0.003736 0.002233 0.999991 211.483638
0.999878 0.015202 0.003482 -0.828207 -0.015194 0.999882 -0.002251 -3.657517 -0.003516 0.002198 0.999991 212.404608
0.999851 0.016860 0.003740 -0.823341 -0.016856 0.999857 -0.001267 -3.679338 -0.003761 0.001204 0.999992 214.348959
0.999861 0.016302 0.003423 -0.827357 -0.016296 0.999866 -0.001771 -3.710828 -0.003451 0.001715 0.999993 215.782134
0.999877 0.015458 0.002697 -0.834626 -0.015451 0.999877 -0.002669 -3.750707 -0.002738 0.002627 0.999993 217.312555
0.999879 0.015316 0.002639 -0.836421 -0.015307 0.999878 -0.003114 -3.772942 -0.002687 0.003073 0.999992 218.757308
0.999878 0.015493 0.002203 -0.840899 -0.015486 0.999875 -0.003142 -3.801520 -0.002252 0.003108 0.999993 220.240401
0.999867 0.016164 0.002075 -0.849208 -0.016157 0.999864 -0.003444 -3.831065 -0.002130 0.003410 0.999992 221.723059
0.999881 0.015377 0.001476 -0.869676 -0.015372 0.999876 -0.003496 -3.861525 -0.001530 0.003473 0.999993 222.648417
0.999862 0.016528 0.001460 -0.874042 -0.016522 0.999856 -0.003918 -3.886126 -0.001524 0.003894 0.999991 224.844451
0.999869 0.016177 0.000839 -0.868950 -0.016173 0.999861 -0.003967 -3.922103 -0.000903 0.003953 0.999992 226.349286
0.999863 0.016533 0.000484 -0.871898 -0.016531 0.999856 -0.003946 -3.953328 -0.000549 0.003937 0.999992 227.855790
0.999877 0.015652 0.000376 -0.894910 -0.015650 0.999870 -0.003846 -3.994861 -0.000436 0.003839 0.999993 229.206365
0.999895 0.014443 0.000651 -0.899529 -0.014440 0.999887 -0.004186 -4.017118 -0.000711 0.004177 0.999991 230.845024
0.999912 0.013282 0.000610 -0.903978 -0.013280 0.999904 -0.003905 -4.051129 -0.000662 0.003897 0.999992 232.367494
0.999928 0.012006 0.000816 -0.909222 -0.012004 0.999923 -0.003135 -4.082559 -0.000853 0.003125 0.999995 233.887685
0.999931 0.011714 0.000641 -0.931436 -0.011712 0.999928 -0.002792 -4.118096 -0.000674 0.002785 0.999996 235.094183
0.999922 0.012504 0.000558 -0.917591 -0.012502 0.999917 -0.003058 -4.152257 -0.000596 0.003051 0.999995 236.879281
0.999912 0.013229 0.000922 -0.925652 -0.013225 0.999905 -0.003769 -4.180809 -0.000971 0.003757 0.999992 238.401365
0.999896 0.014362 0.001399 -0.960461 -0.014357 0.999892 -0.003285 -4.201105 -0.001446 0.003265 0.999994 239.234671
0.999893 0.014439 0.002197 -0.956327 -0.014437 0.999895 -0.001019 -4.241306 -0.002211 0.000987 0.999997 241.386922
0.999895 0.014215 0.002641 -0.955973 -0.014213 0.999899 -0.000635 -4.265860 -0.002650 0.000597 0.999996 242.921531
0.999890 0.014444 0.003230 -0.965265 -0.014436 0.999893 -0.002329 -4.295797 -0.003263 0.002282 0.999992 244.452516
0.999881 0.014983 0.003632 -0.980870 -0.014969 0.999881 -0.003746 -4.317330 -0.003687 0.003691 0.999986 245.385491
0.999876 0.015241 0.004017 -0.979339 -0.015229 0.999879 -0.003167 -4.351637 -0.004065 0.003106 0.999987 247.354154
0.999889 0.014425 0.003748 -0.979505 -0.014417 0.999894 -0.002119 -4.380106 -0.003779 0.002065 0.999991 248.886283
0.999886 0.014692 0.003591 -0.985341 -0.014686 0.999891 -0.001635 -4.409646 -0.003615 0.001582 0.999992 250.428499
0.999868 0.015907 0.003452 -0.998141 -0.015902 0.999872 -0.001631 -4.441765 -0.003478 0.001576 0.999993 251.573786
0.999852 0.016819 0.003677 -1.002157 -0.016813 0.999857 -0.001738 -4.464729 -0.003705 0.001675 0.999992 253.454178
0.999835 0.017773 0.003629 -0.999849 -0.017768 0.999841 -0.001246 -4.499836 -0.003650 0.001181 0.999993 254.959258
0.999826 0.018273 0.003680 -1.007098 -0.018269 0.999832 -0.001137 -4.526357 -0.003700 0.001070 0.999993 256.516038
0.999840 0.017484 0.003762 -1.019635 -0.017481 0.999847 -0.000913 -4.556564 -0.003778 0.000847 0.999993 257.709144
0.999862 0.016173 0.003922 -1.007973 -0.016171 0.999869 -0.000358 -4.587177 -0.003927 0.000295 0.999992 259.731075
0.999908 0.013080 0.003662 -0.999457 -0.013081 0.999914 0.000235 -4.605288 -0.003659 -0.000283 0.999993 261.245973
0.999928 0.011478 0.003436 -1.026476 -0.011478 0.999934 0.000072 -4.637098 -0.003435 -0.000111 0.999994 262.175244
0.999937 0.010723 0.003441 -1.018491 -0.010720 0.999942 -0.000942 -4.669864 -0.003451 0.000905 0.999994 264.153436
0.999955 0.008786 0.003661 -1.019527 -0.008789 0.999961 0.000720 -4.697455 -0.003655 -0.000752 0.999993 265.635527
0.999964 0.007354 0.004168 -1.024844 -0.007363 0.999970 0.002280 -4.717424 -0.004151 -0.002311 0.999989 267.024276
0.999974 0.005971 0.003939 -1.024239 -0.005975 0.999982 0.001017 -4.728668 -0.003933 -0.001040 0.999992 268.571228
0.999977 0.004993 0.004504 -1.031746 -0.004997 0.999987 0.000833 -4.771601 -0.004500 -0.000856 0.999990 270.001345
0.999969 0.006247 0.004887 -1.033687 -0.006247 0.999980 -0.000032 -4.779593 -0.004887 0.000002 0.999988 271.587601
0.999950 0.008010 0.006005 -1.038336 -0.008011 0.999968 0.000183 -4.811493 -0.006003 -0.000231 0.999982 273.102056
0.999931 0.009328 0.007080 -1.035947 -0.009331 0.999956 0.000265 -4.853764 -0.007078 -0.000331 0.999975 274.861119
0.999903 0.011355 0.008022 -1.048153 -0.011354 0.999936 -0.000174 -4.872743 -0.008024 0.000083 0.999968 276.202438
0.999897 0.011396 0.008756 -1.034438 -0.011395 0.999935 -0.000194 -4.905447 -0.008757 0.000094 0.999962 277.723776
0.999877 0.012480 0.009537 -1.030867 -0.012471 0.999922 -0.001041 -4.935502 -0.009550 0.000922 0.999954 279.294629
0.999888 0.010745 0.010425 -1.022152 -0.010730 0.999941 -0.001476 -4.964342 -0.010440 0.001364 0.999945 280.967217
0.999867 0.011815 0.011242 -1.003369 -0.011802 0.999930 -0.001211 -4.999671 -0.011255 0.001078 0.999936 282.508666
0.999878 0.009980 0.012001 -1.003831 -0.009976 0.999950 -0.000399 -5.022613 -0.012005 0.000280 0.999928 284.064753
0.999880 0.008951 0.012647 -0.990708 -0.008949 0.999960 -0.000213 -5.049374 -0.012648 0.000100 0.999920 285.608521
0.999893 0.007706 0.012402 -0.970809 -0.007680 0.999968 -0.002157 -5.086766 -0.012418 0.002062 0.999921 287.489469
0.999915 0.005487 0.011829 -0.966038 -0.005438 0.999976 -0.004201 -5.108729 -0.011852 0.004136 0.999921 288.714394
0.999918 0.006398 0.011096 -0.952279 -0.006347 0.999969 -0.004586 -5.140321 -0.011125 0.004515 0.999928 290.283656
0.999932 0.005147 0.010462 -0.949106 -0.005099 0.999976 -0.004613 -5.169527 -0.010485 0.004559 0.999935 291.842241
0.999944 0.005044 0.009342 -0.941009 -0.004999 0.999975 -0.004901 -5.205715 -0.009367 0.004854 0.999944 293.447308
0.999948 0.004767 0.008973 -0.963713 -0.004717 0.999974 -0.005535 -5.230920 -0.009000 0.005493 0.999944 295.072015
0.999951 0.005398 0.008314 -0.926225 -0.005358 0.999974 -0.004819 -5.274253 -0.008339 0.004774 0.999954 296.917484
0.999966 0.004301 0.006999 -0.911511 -0.004268 0.999980 -0.004710 -5.295070 -0.007019 0.004680 0.999964 298.318488
0.999975 0.003724 0.005929 -0.909688 -0.003703 0.999987 -0.003469 -5.327068 -0.005942 0.003447 0.999976 299.915775
0.999970 0.005473 0.005416 -0.912062 -0.005461 0.999983 -0.002175 -5.358788 -0.005427 0.002145 0.999983 301.518709
0.999957 0.006723 0.006445 -0.919997 -0.006710 0.999975 -0.002088 -5.396183 -0.006459 0.002045 0.999977 303.002452
0.999955 0.006419 0.006927 -0.902403 -0.006402 0.999976 -0.002502 -5.409926 -0.006943 0.002458 0.999973 304.633745
0.999959 0.005060 0.007520 -0.907686 -0.005042 0.999984 -0.002417 -5.449897 -0.007532 0.002379 0.999969 306.235311
0.999966 0.003080 0.007653 -0.896725 -0.003053 0.999989 -0.003505 -5.474838 -0.007664 0.003482 0.999965 307.852977
0.999962 0.002591 0.008306 -0.900293 -0.002545 0.999981 -0.005645 -5.514236 -0.008320 0.005624 0.999950 309.518648
0.999968 0.001558 0.007849 -0.895980 -0.001506 0.999977 -0.006555 -5.541165 -0.007859 0.006543 0.999948 311.015577
0.999981 0.002267 0.005651 -0.897091 -0.002225 0.999969 -0.007573 -5.572412 -0.005668 0.007560 0.999955 312.632012
0.999985 0.003944 0.003827 -0.889944 -0.003917 0.999968 -0.006918 -5.622803 -0.003854 0.006903 0.999969 314.241443
0.999986 0.004223 0.003271 -0.897073 -0.004211 0.999985 -0.003564 -5.656047 -0.003286 0.003550 0.999988 315.917232
0.999989 0.002589 0.003813 -0.893529 -0.002587 0.999996 -0.000566 -5.688091 -0.003814 0.000556 0.999993 317.552564
0.999991 0.001787 0.003805 -0.890465 -0.001788 0.999998 0.000173 -5.715802 -0.003805 -0.000180 0.999993 319.205206
0.999988 0.001913 0.004520 -0.890688 -0.001908 0.999997 -0.001195 -5.749205 -0.004522 0.001186 0.999989 320.961185
0.999990 -0.000079 0.004552 -0.889859 0.000084 0.999999 -0.001047 -5.775959 -0.004552 0.001048 0.999989 322.632313
0.999988 -0.000155 0.004799 -0.886063 0.000158 1.000000 -0.000765 -5.809087 -0.004799 0.000765 0.999988 324.269052
0.999984 0.001121 0.005622 -0.884586 -0.001117 0.999999 -0.000806 -5.849473 -0.005623 0.000800 0.999984 325.929471
0.999982 0.001718 0.005802 -0.879142 -0.001709 0.999997 -0.001539 -5.882386 -0.005805 0.001529 0.999982 327.802562
0.999976 0.002448 0.006478 -0.875406 -0.002435 0.999995 -0.002042 -5.919345 -0.006483 0.002026 0.999977 329.441320
0.999970 0.002000 0.007434 -0.881230 -0.001997 0.999998 -0.000461 -5.943510 -0.007435 0.000446 0.999972 330.605836
0.999972 0.000761 0.007504 -0.852639 -0.000764 1.000000 0.000423 -5.982687 -0.007503 -0.000428 0.999972 332.746808
0.999973 -0.000411 0.007334 -0.844782 0.000417 1.000000 -0.000729 -6.007987 -0.007333 0.000732 0.999973 334.413414
0.999971 0.001468 0.007468 -0.861683 -0.001463 0.999999 -0.000618 -6.044571 -0.007469 0.000607 0.999972 335.835929
0.999971 0.002875 0.007044 -0.847548 -0.002857 0.999993 -0.002516 -6.071655 -0.007051 0.002496 0.999972 337.492669
0.999969 0.004584 0.006412 -0.842761 -0.004549 0.999975 -0.005469 -6.104661 -0.006437 0.005440 0.999964 339.106330
0.999965 0.006145 0.005740 -0.852072 -0.006117 0.999969 -0.004949 -6.148538 -0.005770 0.004914 0.999971 340.768141
0.999964 0.006971 0.004738 -0.867325 -0.006963 0.999974 -0.001760 -6.175116 -0.004750 0.001727 0.999987 341.995710
0.999963 0.007827 0.003640 -0.863733 -0.007832 0.999969 0.001159 -6.206121 -0.003631 -0.001188 0.999993 343.934616
0.999961 0.008475 0.002488 -0.868699 -0.008474 0.999964 -0.000160 -6.234568 -0.002489 0.000139 0.999997 345.552009
0.999967 0.008092 0.000645 -0.873449 -0.008091 0.999966 -0.001630 -6.274571 -0.000658 0.001625 0.999998 347.192448
0.999977 0.006618 -0.001238 -0.881208 -0.006618 0.999978 -0.000140 -6.299523 0.001237 0.000149 0.999999 348.842462
0.999985 0.004980 -0.002181 -0.887509 -0.004980 0.999988 0.000219 -6.319853 0.002182 -0.000208 0.999998 350.459525
0.999985 0.004959 -0.002506 -0.910245 -0.004961 0.999987 -0.000765 -6.352155 0.002502 0.000777 0.999997 352.062887
0.999986 0.004500 -0.002802 -0.925074 -0.004504 0.999989 -0.001505 -6.395002 0.002795 0.001517 0.999995 353.281728
0.999987 0.003982 -0.003048 -0.928341 -0.003986 0.999991 -0.001390 -6.428446 0.003043 0.001402 0.999994 355.319849
0.999991 0.003179 -0.002864 -0.949995 -0.003184 0.999994 -0.001533 -6.460578 0.002859 0.001542 0.999995 356.936056
0.999992 0.002773 -0.002887 -0.960022 -0.002780 0.999993 -0.002391 -6.489311 0.002880 0.002399 0.999993 358.564371
0.999991 0.002833 -0.003029 -0.969185 -0.002842 0.999992 -0.002800 -6.533068 0.003021 0.002808 0.999991 359.754613
0.999993 0.002159 -0.003059 -0.971737 -0.002167 0.999994 -0.002679 -6.565844 0.003053 0.002685 0.999992 361.760109
0.999992 0.002724 -0.002973 -0.989224 -0.002735 0.999989 -0.003714 -6.593977 0.002963 0.003722 0.999989 363.373596
0.999995 0.001550 -0.002783 -1.011604 -0.001564 0.999987 -0.004876 -6.630591 0.002775 0.004880 0.999984 364.523773
0.999995 -0.000799 -0.003039 -1.006375 0.000789 0.999995 -0.003104 -6.661379 0.003041 0.003102 0.999991 366.445647
0.999993 -0.002165 -0.003081 -1.014149 0.002158 0.999995 -0.002306 -6.694715 0.003086 0.002300 0.999993 368.060139
0.999994 -0.001779 -0.002810 -1.037644 0.001770 0.999993 -0.003217 -6.733954 0.002816 0.003212 0.999991 369.312735
0.999994 -0.002035 -0.002719 -1.046152 0.002025 0.999991 -0.003743 -6.763540 0.002726 0.003738 0.999989 371.075792
0.999997 -0.000519 -0.002297 -1.064886 0.000512 0.999995 -0.003035 -6.791742 0.002299 0.003034 0.999993 372.673101
0.999996 0.002235 -0.001618 -1.081564 -0.002238 0.999996 -0.001991 -6.839929 0.001613 0.001994 0.999997 374.197137
0.999998 0.000875 -0.001592 -1.087734 -0.000879 0.999997 -0.002316 -6.865771 0.001590 0.002318 0.999996 375.891040
0.999999 0.000688 -0.001394 -1.098000 -0.000692 0.999995 -0.003107 -6.900822 0.001392 0.003108 0.999994 377.522319
0.999996 0.002748 -0.000803 -1.114277 -0.002750 0.999991 -0.003288 -6.938801 0.000794 0.003290 0.999994 379.059195
0.999996 0.002761 -0.000779 -1.105589 -0.002763 0.999990 -0.003607 -6.960083 0.000769 0.003609 0.999993 380.687258
0.999994 0.003528 -0.000458 -1.131041 -0.003530 0.999988 -0.003512 -6.989336 0.000445 0.003514 0.999994 382.350480
0.999978 0.006598 0.000329 -1.153308 -0.006597 0.999974 -0.002924 -7.035837 -0.000348 0.002922 0.999996 383.960263
0.999972 0.007427 0.000463 -1.164634 -0.007425 0.999965 -0.003757 -7.058726 -0.000491 0.003753 0.999993 385.614567
0.999956 0.009342 0.001161 -1.182808 -0.009336 0.999945 -0.004728 -7.086096 -0.001205 0.004717 0.999988 387.237815
0.999949 0.010024 0.001315 -1.185016 -0.010018 0.999940 -0.004511 -7.130077 -0.001360 0.004498 0.999989 388.866636
0.999938 0.010994 0.001593 -1.198699 -0.010988 0.999931 -0.004139 -7.155787 -0.001638 0.004121 0.999990 390.511783
0.999921 0.012384 0.001966 -1.206015 -0.012377 0.999917 -0.003593 -7.191932 -0.002010 0.003569 0.999992 392.188477
0.999911 0.013187 0.002232 -1.210500 -0.013178 0.999905 -0.004048 -7.226738 -0.002285 0.004018 0.999989 393.804541
0.999906 0.013450 0.002548 -1.221615 -0.013440 0.999902 -0.003979 -7.260830 -0.002601 0.003945 0.999989 395.483602
