1.000000 -0.000015 0.000016 -0.000049 0.000015 1.000000 0.000013 0.000074 -0.000016 -0.000013 1.000000 -0.003334
0.999997 -0.001742 -0.001614 -0.001262 0.001741 0.999998 -0.000868 -0.010561 0.001615 0.000865 0.999998 0.570261
0.999994 -0.002332 -0.002660 -0.008633 0.002326 0.999994 -0.002390 -0.023013 0.002666 0.002384 0.999994 1.131936
0.999987 -0.002668 -0.004351 -0.009559 0.002652 0.999990 -0.003714 -0.036854 0.004361 0.003702 0.999984 1.702662
0.999969 -0.004802 -0.006261 -0.014123 0.004768 0.999974 -0.005461 -0.048477 0.006287 0.005430 0.999965 2.267858
0.999943 -0.007219 -0.007844 -0.018711 0.007161 0.999947 -0.007447 -0.059767 0.007897 0.007391 0.999942 2.838249
0.999920 -0.008509 -0.009343 -0.024086 0.008433 0.999931 -0.008167 -0.071856 0.009412 0.008087 0.999923 3.417970
0.999905 -0.008671 -0.010739 -0.034378 0.008590 0.999935 -0.007560 -0.085105 0.010804 0.007467 0.999914 4.006566
0.999889 -0.009051 -0.011849 -0.043267 0.008957 0.999928 -0.007925 -0.101468 0.011919 0.007818 0.999898 4.597572
0.999878 -0.008132 -0.013362 -0.061341 0.007990 0.999911 -0.010652 -0.119111 0.013448 0.010544 0.999854 5.158603
0.999872 -0.006811 -0.014510 -0.071733 0.006602 0.999874 -0.014430 -0.135107 0.014606 0.014333 0.999791 5.807993
0.999859 -0.005244 -0.015952 -0.087099 0.004952 0.999820 -0.018297 -0.148233 0.016046 0.018216 0.999705 6.433113
0.999845 -0.003475 -0.017235 -0.101628 0.003160 0.999827 -0.018311 -0.160972 0.017296 0.018254 0.999684 7.068735
0.999831 -0.001023 -0.018344 -0.123754 0.000815 0.999935 -0.011391 -0.174495 0.018355 0.011374 0.999767 7.727334
0.999817 -0.000193 -0.019144 -0.141163 0.000175 1.000000 -0.000951 -0.186626 0.019144 0.000948 0.999816 8.403666
0.999802 0.000869 -0.019880 -0.161877 -0.000755 0.999983 0.005756 -0.201599 0.019885 -0.005740 0.999786 9.090746
0.999773 0.003473 -0.021021 -0.189751 -0.003369 0.999982 0.005001 -0.220438 0.021038 -0.004930 0.999767 9.691366
0.999744 0.005358 -0.021998 -0.209963 -0.005411 0.999983 -0.002354 -0.223590 0.021985 0.002472 0.999755 10.449447
0.999721 0.004978 -0.023079 -0.231242 -0.005174 0.999951 -0.008454 -0.223317 0.023036 0.008571 0.999698 11.168421
0.999701 0.002861 -0.024298 -0.249227 -0.003027 0.999972 -0.006799 -0.227383 0.024278 0.006870 0.999682 11.913083
0.999693 0.002006 -0.024703 -0.270283 -0.001944 0.999995 0.002506 -0.237239 0.024707 -0.002457 0.999692 12.686461
0.999685 0.001720 -0.025048 -0.295664 -0.001471 0.999949 0.009955 -0.244444 0.025064 -0.009915 0.999637 13.477321
0.999679 0.000991 -0.025303 -0.325230 -0.000673 0.999921 0.012586 -0.253568 0.025314 -0.012565 0.999601 14.189849
0.999670 -0.001078 -0.025657 -0.341366 0.001377 0.999931 0.011632 -0.252114 0.025642 -0.011663 0.999603 15.062254
0.999683 -0.001314 -0.025143 -0.366332 0.001543 0.999957 0.009097 -0.251929 0.025129 -0.009133 0.999642 15.878831
0.999697 0.001102 -0.024608 -0.394717 -0.000962 0.999983 0.005727 -0.254065 0.024614 -0.005701 0.999681 16.729314
0.999717 -0.002228 -0.023694 -0.416054 0.002233 0.999997 0.000226 -0.261010 0.023693 -0.000279 0.999719 17.596397
0.999724 -0.004795 -0.022982 -0.438012 0.004651 0.999969 -0.006304 -0.273697 0.023012 0.006195 0.999716 18.405850
0.999755 -0.004078 -0.021751 -0.460932 0.003832 0.999928 -0.011337 -0.287003 0.021796 0.011251 0.999699 19.349128
0.999762 -0.002726 -0.021643 -0.489068 0.002462 0.999922 -0.012238 -0.303733 0.021675 0.012182 0.999691 20.258869
0.999756 -0.002839 -0.021921 -0.513540 0.002585 0.999930 -0.011578 -0.324971 0.021952 0.011519 0.999693 21.197845
0.999757 -0.001318 -0.022007 -0.541503 0.001032 0.999915 -0.012997 -0.348078 0.022023 0.012971 0.999673 22.146327
0.999759 0.001891 -0.021859 -0.568753 -0.002222 0.999883 -0.015133 -0.372759 0.021828 0.015178 0.999647 23.074098
0.999743 0.004967 -0.022124 -0.600238 -0.005319 0.999860 -0.015869 -0.395963 0.022042 0.015983 0.999629 24.029370
0.999734 0.006672 -0.022086 -0.630967 -0.007023 0.999850 -0.015862 -0.422870 0.021977 0.016013 0.999630 25.010643
0.999723 0.007234 -0.022377 -0.657081 -0.007591 0.999844 -0.015933 -0.453111 0.022259 0.016098 0.999623 26.007011
0.999716 0.008061 -0.022424 -0.689319 -0.008420 0.999837 -0.015946 -0.484763 0.022292 0.016131 0.999621 27.004725
0.999705 0.008251 -0.022864 -0.711220 -0.008588 0.999855 -0.014671 -0.511088 0.022740 0.014863 0.999631 28.006392
0.999691 0.009134 -0.023111 -0.744052 -0.009432 0.999873 -0.012848 -0.537442 0.022991 0.013062 0.999650 29.012041
0.999678 0.009881 -0.023387 -0.774745 -0.010156 0.999880 -0.011657 -0.566860 0.023270 0.011891 0.999659 30.041282
0.999676 0.010185 -0.023341 -0.809248 -0.010481 0.999866 -0.012598 -0.600953 0.023209 0.012838 0.999648 31.090841
0.999656 0.011152 -0.023730 -0.835361 -0.011479 0.999840 -0.013689 -0.622645 0.023573 0.013957 0.999625 32.124248
0.999648 0.010815 -0.024217 -0.865041 -0.011126 0.999857 -0.012751 -0.650440 0.024075 0.013016 0.999625 33.169675
0.999643 0.010136 -0.024726 -0.895939 -0.010388 0.999895 -0.010082 -0.677625 0.024621 0.010335 0.999643 34.230137
0.999628 0.010768 -0.025046 -0.934834 -0.010934 0.999919 -0.006502 -0.707227 0.024974 0.006774 0.999665 35.279654
0.999611 0.010656 -0.025756 -0.959151 -0.010762 0.999934 -0.003961 -0.728751 0.025713 0.004237 0.999660 36.384019
0.999603 0.010489 -0.026156 -0.995999 -0.010589 0.999937 -0.003663 -0.748875 0.026116 0.003939 0.999651 37.461383
0.999593 0.010109 -0.026678 -1.029233 -0.010248 0.999934 -0.005115 -0.768576 0.026624 0.005386 0.999631 38.546584
0.999566 0.010919 -0.027348 -1.074053 -0.011074 0.999923 -0.005516 -0.798840 0.027286 0.005816 0.999611 39.594852
0.999551 0.010518 -0.028067 -1.104786 -0.010647 0.999933 -0.004438 -0.815145 0.028019 0.004735 0.999596 40.724278
0.999528 0.010564 -0.028857 -1.142216 -0.010638 0.999940 -0.002437 -0.837663 0.028830 0.002743 0.999581 41.817808
0.999512 0.010513 -0.029410 -1.180167 -0.010514 0.999945 0.000100 -0.860518 0.029410 0.000209 0.999567 42.915283
0.999484 0.011648 -0.029921 -1.218285 -0.011655 0.999932 -0.000038 -0.884829 0.029919 0.000387 0.999552 44.011033
0.999456 0.013322 -0.030170 -1.269767 -0.013441 0.999903 -0.003757 -0.912781 0.030117 0.004160 0.999538 45.057867
0.999440 0.014384 -0.030216 -1.307241 -0.014624 0.999863 -0.007739 -0.930899 0.030100 0.008177 0.999513 46.176113
0.999437 0.014692 -0.030170 -1.346448 -0.014942 0.999856 -0.008076 -0.956058 0.030047 0.008522 0.999512 47.274774
0.999432 0.015141 -0.030094 -1.386143 -0.015309 0.999869 -0.005341 -0.983922 0.030010 0.005799 0.999533 48.376025
0.999428 0.016020 -0.029794 -1.433347 -0.016118 0.999865 -0.003048 -1.017158 0.029741 0.003526 0.999551 49.472277
0.999440 0.014566 -0.030141 -1.466369 -0.014630 0.999891 -0.001906 -1.035533 0.030110 0.002346 0.999544 50.539849
0.999453 0.014412 -0.029757 -1.503787 -0.014505 0.999891 -0.002901 -1.057118 0.029712 0.003331 0.999553 51.628931
0.999482 0.013839 -0.029058 -1.549962 -0.013976 0.999892 -0.004509 -1.086297 0.028992 0.004913 0.999568 52.801032
0.999483 0.013699 -0.029089 -1.579967 -0.013906 0.999879 -0.006930 -1.106469 0.028991 0.007331 0.999553 53.802318
0.999503 0.012522 -0.028922 -1.615812 -0.012797 0.999875 -0.009333 -1.136039 0.028801 0.009699 0.999538 54.899004
0.999529 0.011379 -0.028517 -1.660558 -0.011739 0.999853 -0.012507 -1.172842 0.028371 0.012836 0.999515 56.051692
0.999548 0.009265 -0.028608 -1.685779 -0.009678 0.999851 -0.014329 -1.200960 0.028471 0.014599 0.999488 57.148671
0.999567 0.007705 -0.028397 -1.719521 -0.008051 0.999895 -0.012090 -1.233147 0.028301 0.012313 0.999524 58.253633
0.999586 0.006601 -0.028012 -1.758420 -0.006775 0.999958 -0.006150 -1.264154 0.027970 0.006337 0.999589 59.362277
0.999603 0.005676 -0.027601 -1.793410 -0.005679 0.999984 -0.000059 -1.291796 0.027600 0.000215 0.999619 60.403798
0.999610 0.003640 -0.027686 -1.826640 -0.003623 0.999993 0.000682 -1.313757 0.027689 -0.000581 0.999616 61.611319
0.999623 0.000377 -0.027450 -1.856504 -0.000443 0.999997 -0.002377 -1.332225 0.027449 0.002388 0.999620 62.713339
0.999623 -0.001020 -0.027452 -1.890380 0.000866 0.999984 -0.005605 -1.354696 0.027457 0.005579 0.999607 63.819992
0.999626 0.000592 -0.027358 -1.925475 -0.000859 0.999952 -0.009727 -1.382795 0.027351 0.009747 0.999578 64.781124
0.999627 0.000922 -0.027296 -1.964944 -0.001304 0.999901 -0.014008 -1.412685 0.027280 0.014039 0.999529 65.978384
0.999636 0.003970 -0.026671 -2.004770 -0.004363 0.999883 -0.014673 -1.442579 0.026609 0.014784 0.999537 67.089097
0.999638 0.007854 -0.025714 -2.047623 -0.008139 0.999906 -0.011014 -1.475419 0.025625 0.011220 0.999609 68.207203
0.999626 0.009855 -0.025506 -2.077106 -0.010080 0.999911 -0.008724 -1.506571 0.025418 0.008978 0.999637 69.193964
0.999628 0.008919 -0.025760 -2.112876 -0.009132 0.999925 -0.008137 -1.532690 0.025686 0.008370 0.999635 70.361961
0.999641 0.007455 -0.025733 -2.145264 -0.007645 0.999944 -0.007292 -1.562260 0.025677 0.007486 0.999642 71.478892
0.999641 0.006342 -0.026039 -2.178427 -0.006498 0.999961 -0.005924 -1.589781 0.026001 0.006091 0.999643 72.590648
0.999647 0.004829 -0.026118 -2.210636 -0.004932 0.999980 -0.003857 -1.619634 0.026099 0.003984 0.999651 73.598283
0.999628 0.003604 -0.027036 -2.236815 -0.003662 0.999991 -0.002084 -1.640622 0.027028 0.002182 0.999632 74.802332
0.999616 0.003073 -0.027529 -2.275380 -0.003165 0.999990 -0.003297 -1.671190 0.027518 0.003383 0.999616 75.896036
0.999600 0.003296 -0.028090 -2.312385 -0.003498 0.999968 -0.007142 -1.695688 0.028065 0.007237 0.999580 76.996048
0.999583 0.004177 -0.028582 -2.352507 -0.004436 0.999950 -0.009005 -1.730388 0.028543 0.009128 0.999551 78.041899
0.999550 0.005763 -0.029432 -2.386560 -0.005978 0.999956 -0.007235 -1.754781 0.029389 0.007407 0.999541 79.162888
0.999526 0.006623 -0.030056 -2.426308 -0.006719 0.999973 -0.003080 -1.778695 0.030035 0.003281 0.999543 80.246977
0.999501 0.007973 -0.030561 -2.467135 -0.007949 0.999968 0.000908 -1.802440 0.030567 -0.000665 0.999532 81.344520
0.999492 0.009562 -0.030415 -2.516296 -0.009523 0.999954 0.001447 -1.831756 0.030428 -0.001156 0.999536 82.303725
0.999460 0.009110 -0.031578 -2.548085 -0.009131 0.999958 -0.000503 -1.848701 0.031572 0.000791 0.999501 83.480518
0.999443 0.009052 -0.032124 -2.588738 -0.009098 0.999958 -0.001292 -1.868417 0.032111 0.001584 0.999483 84.552554
0.999431 0.008386 -0.032682 -2.628413 -0.008438 0.999963 -0.001457 -1.892905 0.032669 0.001732 0.999465 85.623959
0.999414 0.007712 -0.033346 -2.675230 -0.007748 0.999970 -0.000946 -1.929174 0.033338 0.001203 0.999443 86.599092
0.999403 0.006057 -0.034018 -2.707083 -0.006047 0.999982 0.000390 -1.942222 0.034019 -0.000184 0.999421 87.727661
0.999384 0.006201 -0.034548 -2.750015 -0.006097 0.999977 0.003118 -1.967378 0.034567 -0.002905 0.999398 88.740267
0.999356 0.005305 -0.035484 -2.790018 -0.005167 0.999979 0.003973 -1.989263 0.035504 -0.003787 0.999362 89.741011
0.999280 0.004916 -0.037618 -2.834277 -0.004751 0.999979 0.004460 -2.017281 0.037639 -0.004278 0.999282 90.633308
0.999155 0.003607 -0.040952 -2.876013 -0.003465 0.999988 0.003546 -2.032934 0.040964 -0.003401 0.999155 91.650559
0.999011 0.003515 -0.044335 -2.923356 -0.003397 0.999990 0.002737 -2.053352 0.044344 -0.002584 0.999013 92.579393
0.998872 0.003237 -0.047366 -2.973495 -0.003098 0.999991 0.003003 -2.071455 0.047375 -0.002853 0.998873 93.485241
0.998716 0.004356 -0.050474 -3.026560 -0.004155 0.999983 0.004082 -2.089620 0.050491 -0.003867 0.998717 94.369792
0.998577 0.006301 -0.052950 -3.079551 -0.006033 0.999968 0.005221 -2.110763 0.052982 -0.004894 0.998583 95.057049
0.998380 0.006022 -0.056587 -3.133704 -0.005645 0.999961 0.006827 -2.126995 0.056626 -0.006496 0.998374 95.971245
0.998208 0.007811 -0.059334 -3.186753 -0.007373 0.999944 0.007602 -2.142805 0.059390 -0.007151 0.998209 96.769143
0.998040 0.009799 -0.061803 -3.245369 -0.009313 0.999923 0.008144 -2.160149 0.061878 -0.007553 0.998055 97.542105
0.997849 0.011659 -0.064516 -3.302270 -0.011230 0.999912 0.007011 -2.177054 0.064593 -0.006272 0.997892 98.284420
0.997684 0.013543 -0.066662 -3.369596 -0.013344 0.999905 0.003426 -2.200361 0.066702 -0.002528 0.997770 99.164969
0.997458 0.015351 -0.069587 -3.415764 -0.015405 0.999881 -0.000243 -2.211258 0.069575 0.001315 0.997576 99.680985
0.997281 0.017344 -0.071616 -3.468567 -0.017596 0.999841 -0.002890 -2.223755 0.071555 0.004142 0.997428 100.312903
0.997187 0.019324 -0.072418 -3.523226 -0.019653 0.999799 -0.003840 -2.240322 0.072329 0.005252 0.997367 100.933512
0.997197 0.021689 -0.071606 -3.571653 -0.021982 0.999753 -0.003303 -2.258336 0.071516 0.004868 0.997428 101.528355
0.997317 0.025526 -0.068607 -3.619655 -0.025705 0.999668 -0.001733 -2.274814 0.068540 0.003492 0.997642 102.098701
0.997618 0.028114 -0.062992 -3.661001 -0.028187 0.999603 -0.000265 -2.290518 0.062960 0.002040 0.998014 102.649094
0.998069 0.029335 -0.054750 -3.684032 -0.029304 0.999570 0.001383 -2.300015 0.054767 0.000224 0.998499 103.068830
0.998526 0.029002 -0.045881 -3.710052 -0.028848 0.999576 0.004015 -2.315662 0.045978 -0.002685 0.998939 103.806209
0.999010 0.028532 -0.034118 -3.719101 -0.028373 0.999584 0.005147 -2.327061 0.034250 -0.004173 0.999405 104.288048
0.999397 0.027802 -0.020804 -3.717775 -0.027698 0.999602 0.005286 -2.339107 0.020943 -0.004706 0.999770 104.746834
0.999603 0.027604 -0.005706 -3.710584 -0.027579 0.999610 0.004434 -2.350944 0.005826 -0.004275 0.999974 105.186226
0.999581 0.026252 0.012228 -3.691005 -0.026270 0.999654 0.001347 -2.362114 -0.012188 -0.001667 0.999924 105.612249
0.999111 0.025728 0.033383 -3.660810 -0.025633 0.999666 -0.003261 -2.375332 -0.033455 0.002402 0.999437 106.029013
0.998063 0.023315 0.057672 -3.619906 -0.022890 0.999706 -0.008021 -2.388187 -0.057842 0.006685 0.998303 106.424097
0.996163 0.021444 0.084850 -3.572214 -0.020589 0.999728 -0.010942 -2.398502 -0.085062 0.009153 0.996334 106.782069
0.993217 0.018534 0.114792 -3.507928 -0.017259 0.999778 -0.012090 -2.412268 -0.114991 0.010027 0.993316 107.296069
0.988965 0.016365 0.147241 -3.422288 -0.014453 0.999797 -0.014044 -2.425103 -0.147441 0.011761 0.989001 107.678638
0.983026 0.013953 0.182935 -3.328199 -0.011274 0.999814 -0.015675 -2.438691 -0.183119 0.013347 0.983000 108.044311
0.975137 0.010892 0.221334 -3.214100 -0.007480 0.999840 -0.016249 -2.452445 -0.221475 0.014189 0.975063 108.407328
0.965197 0.008447 0.261387 -3.093789 -0.004152 0.999847 -0.016979 -2.469854 -0.261491 0.015303 0.965085 108.744278
0.953007 0.008633 0.302825 -2.953101 -0.003395 0.999835 -0.017820 -2.490271 -0.302929 0.015954 0.952880 109.087669
0.937816 0.011084 0.346955 -2.772772 -0.004965 0.999816 -0.018521 -2.498463 -0.347097 0.015647 0.937699 109.071306
0.919942 0.011370 0.391889 -2.639046 -0.004898 0.999835 -0.017512 -2.513553 -0.392024 0.014190 0.919846 109.716069
0.899581 0.010085 0.436637 -2.455780 -0.003396 0.999865 -0.016096 -2.529410 -0.436740 0.012996 0.899494 110.026982
0.876155 0.008863 0.481948 -2.259430 -0.000963 0.999861 -0.016636 -2.543746 -0.482028 0.014112 0.876042 110.329199
0.850523 0.009310 0.525856 -2.054273 0.000533 0.999828 -0.018564 -2.561072 -0.525938 0.016069 0.850371 110.612355
0.822391 0.011301 0.568810 -1.834038 0.001333 0.999762 -0.021791 -2.578539 -0.568921 0.018679 0.822180 110.887580
0.791043 0.016229 0.611545 -1.576950 -0.000384 0.999661 -0.026031 -2.590960 -0.611760 0.020357 0.790781 110.802059
0.757215 0.022241 0.652787 -1.326878 -0.003771 0.999552 -0.029681 -2.612088 -0.653155 0.020013 0.756960 111.328967
0.719197 0.026542 0.694299 -1.057474 -0.005274 0.999450 -0.032744 -2.618075 -0.694786 0.019888 0.718942 111.573318
0.679488 0.026632 0.733203 -0.757060 -0.002555 0.999421 -0.033934 -2.629214 -0.733682 0.021185 0.679163 111.807084
0.637673 0.025259 0.769893 -0.449280 0.000457 0.999450 -0.033169 -2.634646 -0.770307 0.021503 0.637311 111.753736
0.594898 0.022127 0.803496 -0.090797 0.001980 0.999578 -0.028992 -2.659968 -0.803799 0.018838 0.594603 112.096773
0.548000 0.020431 0.836229 0.251808 0.003655 0.999634 -0.026819 -2.666717 -0.836470 0.017753 0.547725 112.277419
0.499977 0.017323 0.865865 0.605756 0.005676 0.999713 -0.023279 -2.687270 -0.866020 0.016554 0.499735 112.434542
0.447682 0.015209 0.894063 0.914658 0.006106 0.999780 -0.020065 -2.698259 -0.894172 0.014442 0.447491 112.416353
0.397868 0.014047 0.917335 1.341863 0.003685 0.999850 -0.016909 -2.729135 -0.917435 0.010108 0.397757 112.606645
0.346871 0.018893 0.937722 1.748241 0.000222 0.999795 -0.020225 -2.742114 -0.937913 0.007224 0.346796 112.725243
0.296622 0.024108 0.954690 2.170725 0.000259 0.999679 -0.025325 -2.748556 -0.954995 0.007760 0.296521 112.823217
0.249421 0.025777 0.968052 2.594550 0.001670 0.999633 -0.027048 -2.767815 -0.968394 0.008363 0.249286 112.909803
0.208451 0.025260 0.977707 3.019388 0.008697 0.999579 -0.027679 -2.788889 -0.977994 0.014273 0.208144 112.956372
0.170631 0.026639 0.984975 3.281506 0.016006 0.999428 -0.029802 -2.789698 -0.985205 0.020851 0.170107 112.890532
0.140861 0.026971 0.989662 3.861332 0.018839 0.999375 -0.029917 -2.825869 -0.989850 0.022858 0.140265 112.978920
0.112689 0.025264 0.993309 4.345437 0.016469 0.999492 -0.027289 -2.847508 -0.993494 0.019434 0.112216 113.021488
0.087142 0.021866 0.995956 4.892370 0.010592 0.999682 -0.022875 -2.858253 -0.996140 0.012543 0.086883 113.073921
0.063321 0.017996 0.997831 5.447860 0.006060 0.999812 -0.018416 -2.869390 -0.997975 0.007213 0.063200 113.108660
0.040696 0.015499 0.999051 6.020223 0.010800 0.999814 -0.015950 -2.884790 -0.999113 0.011438 0.040521 113.121451
0.020665 0.015832 0.999661 6.562957 0.016780 0.999728 -0.016180 -2.917851 -0.999646 0.017109 0.020394 113.093912
0.003489 0.018300 0.999826 7.147654 0.021412 0.999602 -0.018371 -2.938706 -0.999765 0.021472 0.003095 113.070480
-0.011825 0.024794 0.999623 7.468491 0.024185 0.999407 -0.024503 -2.928588 -0.999638 0.023886 -0.012418 113.014633
-0.022353 0.029336 0.999320 8.321835 0.020821 0.999366 -0.028871 -2.965553 -0.999533 0.020161 -0.022950 113.059175
-0.028779 0.029229 0.999158 8.998768 0.023166 0.999323 -0.028566 -2.981140 -0.999317 0.022324 -0.029437 113.035954
-0.031088 0.025880 0.999182 9.661737 0.029230 0.999261 -0.024972 -3.009967 -0.999089 0.028430 -0.031821 112.991368
-0.030456 0.024283 0.999241 10.377241 0.031129 0.999243 -0.023334 -3.031721 -0.999051 0.030395 -0.031189 112.971163
-0.029400 0.024003 0.999280 10.752731 0.030309 0.999273 -0.023111 -3.034764 -0.999108 0.029608 -0.030106 112.925712
-0.027780 0.023349 0.999341 11.714069 0.025679 0.999414 -0.022637 -3.088533 -0.999284 0.025033 -0.028363 112.943919
-0.026259 0.024841 0.999346 12.511439 0.025948 0.999371 -0.024160 -3.100869 -0.999318 0.025297 -0.026887 112.935985
-0.025338 0.025660 0.999350 13.284592 0.025379 0.999365 -0.025017 -3.126942 -0.999357 0.024729 -0.025973 112.919043
-0.024773 0.025859 0.999359 13.660691 0.025054 0.999367 -0.025238 -3.131003 -0.999379 0.024413 -0.025406 112.856128
-0.023603 0.024004 0.999433 14.766688 0.024397 0.999428 -0.023428 -3.181734 -0.999424 0.023830 -0.024175 112.879045
-0.023018 0.022645 0.999479 15.581524 0.025247 0.999438 -0.022062 -3.211027 -0.999416 0.024726 -0.023577 112.858586
-0.023452 0.020365 0.999518 16.407720 0.025745 0.999473 -0.019760 -3.241358 -0.999393 0.025269 -0.023964 112.833266
-0.024750 0.018572 0.999521 17.236726 0.023256 0.999568 -0.017997 -3.271564 -0.999423 0.022800 -0.025171 112.824366
-0.026777 0.018186 0.999476 17.675468 0.021996 0.999603 -0.017599 -3.271410 -0.999399 0.021513 -0.027167 112.792183
-0.027660 0.015404 0.999499 18.838557 0.024831 0.999583 -0.014718 -3.319940 -0.999309 0.024411 -0.028031 112.758618
-0.028947 0.014001 0.999483 19.661421 0.025888 0.999577 -0.013253 -3.339131 -0.999246 0.025491 -0.029297 112.740990
-0.030771 0.013089 0.999441 20.526570 0.023126 0.999656 -0.012380 -3.367034 -0.999259 0.022732 -0.031063 112.721608
-0.031662 0.017730 0.999341 21.390001 0.020342 0.999647 -0.017091 -3.392394 -0.999292 0.019787 -0.032011 112.701357
-0.032476 0.022397 0.999222 22.267769 0.021679 0.999529 -0.021700 -3.419954 -0.999237 0.020957 -0.032947 112.677533
-0.033462 0.024255 0.999146 22.670279 0.021592 0.999490 -0.023540 -3.422235 -0.999207 0.020786 -0.033969 112.648825
-0.034599 0.021719 0.999165 23.892419 0.018463 0.999607 -0.021089 -3.474177 -0.999231 0.017718 -0.034986 112.626953
-0.035587 0.017611 0.999211 24.686856 0.015561 0.999733 -0.017066 -3.500484 -0.999245 0.014942 -0.035852 112.612067
-0.035857 0.012254 0.999282 25.572442 0.014209 0.999830 -0.011750 -3.530382 -0.999256 0.013777 -0.036025 112.587128
-0.036198 0.006673 0.999322 26.462785 0.010771 0.999922 -0.006287 -3.554637 -0.999287 0.010536 -0.036267 112.565313
-0.036166 0.005195 0.999332 27.344792 0.007963 0.999956 -0.004910 -3.585501 -0.999314 0.007780 -0.036205 112.541424
-0.035911 0.012216 0.999280 27.846450 0.010285 0.999877 -0.011854 -3.598560 -0.999302 0.009852 -0.036033 112.521654
-0.034284 0.023298 0.999141 28.926503 0.013597 0.999647 -0.022843 -3.635236 -0.999320 0.012802 -0.034589 112.486366
-0.033788 0.028587 0.999020 29.694866 0.015545 0.999485 -0.028075 -3.654692 -0.999308 0.014581 -0.034215 112.467001
-0.032382 0.023028 0.999210 30.562814 0.017172 0.999600 -0.022480 -3.688749 -0.999328 0.016431 -0.032765 112.438119
-0.031456 0.015110 0.999391 31.435907 0.020078 0.999694 -0.014482 -3.726726 -0.999303 0.019611 -0.031750 112.409965
-0.031077 0.012194 0.999443 32.304780 0.021312 0.999706 -0.011535 -3.755117 -0.999290 0.020941 -0.031328 112.384808
-0.031307 0.012814 0.999428 33.165168 0.019730 0.999731 -0.012200 -3.781584 -0.999315 0.019337 -0.031552 112.362443
-0.032836 0.013970 0.999363 33.726650 0.016216 0.999778 -0.013443 -3.795867 -0.999329 0.015765 -0.033055 112.340568
-0.034624 0.013996 0.999302 34.807552 0.015254 0.999793 -0.013474 -3.832243 -0.999284 0.014776 -0.034830 112.318420
-0.036809 0.013940 0.999225 35.612061 0.014617 0.999803 -0.013409 -3.860519 -0.999215 0.014112 -0.037006 112.291698
-0.039012 0.014253 0.999137 36.447764 0.013430 0.999815 -0.013739 -3.888424 -0.999148 0.012882 -0.039196 112.267376
-0.041164 0.014565 0.999046 37.282613 0.011864 0.999830 -0.014088 -3.916355 -0.999082 0.011272 -0.041330 112.241457
-0.043221 0.013581 0.998973 37.897832 0.009516 0.999868 -0.013181 -3.936937 -0.999020 0.008936 -0.043345 112.221290
-0.045399 0.012469 0.998891 38.858352 0.010886 0.999869 -0.011986 -3.966919 -0.998910 0.010329 -0.045529 112.185708
-0.047288 0.012444 0.998804 39.635535 0.010748 0.999871 -0.011948 -3.997078 -0.998823 0.010170 -0.047415 112.153222
-0.049078 0.013432 0.998705 40.444179 0.010584 0.999860 -0.012927 -4.022884 -0.998739 0.009936 -0.049214 112.117249
-0.050074 0.013703 0.998651 41.235087 0.011259 0.999850 -0.013155 -4.046182 -0.998682 0.010585 -0.050221 112.083607
-0.051341 0.012548 0.998602 41.794917 0.012122 0.999855 -0.011941 -4.064712 -0.998608 0.011492 -0.051486 112.043338
-0.052730 0.011620 0.998541 42.730141 0.012858 0.999857 -0.010957 -4.100076 -0.998526 0.012262 -0.052871 112.006066
-0.053949 0.011350 0.998479 43.492304 0.011654 0.999874 -0.010736 -4.123457 -0.998476 0.011057 -0.054074 111.970313
-0.055085 0.010340 0.998428 44.266057 0.010178 0.999900 -0.009794 -4.150370 -0.998430 0.009623 -0.055185 111.932485
-0.056005 0.009210 0.998388 45.025945 0.008892 0.999922 -0.008726 -4.171322 -0.998391 0.008389 -0.056083 111.896024
-0.056784 0.008930 0.998347 45.756663 0.009390 0.999921 -0.008410 -4.195032 -0.998342 0.008897 -0.056863 111.861499
-0.056970 0.011397 0.998311 46.478295 0.009590 0.999895 -0.010867 -4.220300 -0.998330 0.008955 -0.057074 111.824858
-0.057491 0.014351 0.998243 46.989574 0.009227 0.999862 -0.013843 -4.234101 -0.998303 0.008415 -0.057615 111.794666
-0.057247 0.015877 0.998234 47.853024 0.007366 0.999853 -0.015481 -4.265989 -0.998333 0.006467 -0.057356 111.755473
-0.057303 0.016724 0.998217 48.567655 0.008125 0.999834 -0.016285 -4.292259 -0.998324 0.007177 -0.057430 111.715820
-0.057299 0.016586 0.998219 49.277649 0.009494 0.999826 -0.016068 -4.314097 -0.998312 0.008556 -0.057446 111.677549
-0.057776 0.016137 0.998199 49.877856 0.010055 0.999828 -0.015581 -4.339176 -0.998279 0.009137 -0.057928 111.646702
-0.058001 0.016198 0.998185 50.699087 0.006716 0.999852 -0.015834 -4.364986 -0.998294 0.005785 -0.058101 111.610259
-0.057754 0.016456 0.998195 51.398092 0.004579 0.999858 -0.016218 -4.389626 -0.998320 0.003634 -0.057821 111.579937
-0.057917 0.014999 0.998209 51.988550 0.005671 0.999876 -0.014695 -4.413368 -0.998305 0.004809 -0.057995 111.547969
-0.058530 0.014358 0.998182 52.721245 0.006544 0.999881 -0.013999 -4.438236 -0.998264 0.005713 -0.058617 111.504646
-0.062118 0.013770 0.997974 53.409628 0.003420 0.999902 -0.013583 -4.463396 -0.998063 0.002569 -0.062159 111.470938
-0.067368 0.013294 0.997640 54.091348 -0.000402 0.999911 -0.013352 -4.487910 -0.997728 -0.001300 -0.067356 111.435148
-0.073926 0.017253 0.997114 54.564855 0.002468 0.999850 -0.017117 -4.500469 -0.997261 0.001195 -0.073958 111.395588
-0.079723 0.020146 0.996613 55.369286 0.005986 0.999787 -0.019731 -4.529943 -0.996799 0.004393 -0.079826 111.325595
-0.087259 0.021755 0.995948 56.041887 0.004954 0.999759 -0.021404 -4.555421 -0.996173 0.003067 -0.087345 111.271293
-0.093524 0.020721 0.995401 56.733965 0.001071 0.999785 -0.020711 -4.583830 -0.995616 -0.000871 -0.093526 111.214403
-0.098849 0.019447 0.994912 57.431147 0.000784 0.999810 -0.019465 -4.610720 -0.995102 -0.001144 -0.098845 111.148787
-0.103437 0.020175 0.994431 58.130940 -0.001397 0.999790 -0.020429 -4.631752 -0.994635 -0.003502 -0.103387 111.080916
-0.107456 0.019492 0.994019 58.847896 -0.003521 0.999794 -0.019986 -4.656217 -0.994204 -0.005648 -0.107365 111.009765
-0.110545 0.016317 0.993737 59.590829 -0.004069 0.999849 -0.016870 -4.672690 -0.993863 -0.005908 -0.110462 110.940121
-0.112028 0.013204 0.993617 60.277771 -0.001611 0.999908 -0.013470 -4.696350 -0.993704 -0.003110 -0.111997 110.853734
-0.113538 0.010230 0.993481 61.014425 -0.002052 0.999942 -0.010531 -4.720969 -0.993532 -0.003234 -0.113510 110.775821
-0.114940 0.010015 0.993322 61.749818 -0.002974 0.999941 -0.010426 -4.740182 -0.993368 -0.004152 -0.114903 110.698846
-0.115300 0.013826 0.993235 62.494007 -0.001225 0.999900 -0.014061 -4.758683 -0.993330 -0.002838 -0.115271 110.613974
-0.115371 0.017909 0.993161 63.239181 0.004614 0.999836 -0.017493 -4.781300 -0.993312 0.002564 -0.115435 110.521039
-0.116565 0.022878 0.992919 63.775766 0.011548 0.999698 -0.021679 -4.796821 -0.993116 0.008939 -0.116794 110.439186
-0.116801 0.024052 0.992864 64.782916 0.012704 0.999661 -0.022722 -4.829711 -0.993074 0.009960 -0.117067 110.343822
-0.117145 0.021670 0.992878 65.537964 0.010367 0.999734 -0.020596 -4.855240 -0.993061 0.007880 -0.117339 110.261015
-0.117341 0.016816 0.992949 66.245818 0.010732 0.999820 -0.015664 -4.882041 -0.993034 0.008819 -0.117500 110.183737
-0.117166 0.014930 0.993000 67.069410 0.013121 0.999823 -0.013485 -4.909466 -0.993026 0.011449 -0.117342 110.086324
-0.118243 0.014613 0.992877 67.825158 0.013286 0.999825 -0.013133 -4.933792 -0.992896 0.011638 -0.118416 110.001129
-0.120248 0.015391 0.992625 68.526252 0.011394 0.999835 -0.014123 -4.957271 -0.992678 0.009611 -0.120404 109.923010
-0.122256 0.016179 0.992367 69.302098 0.011410 0.999824 -0.014895 -4.979444 -0.992433 0.009502 -0.122419 109.833279
-0.124391 0.016346 0.992099 70.050879 0.012801 0.999808 -0.014868 -5.004417 -0.992151 0.010851 -0.124576 109.743431
-0.126163 0.016724 0.991869 70.812152 0.013447 0.999795 -0.015147 -5.026175 -0.991918 0.011427 -0.126362 109.648642
-0.128329 0.015898 0.991604 71.470127 0.011822 0.999825 -0.014499 -5.052328 -0.991661 0.009862 -0.128495 109.558850
-0.129751 0.016508 0.991409 72.294612 0.010709 0.999826 -0.015247 -5.076661 -0.991489 0.008639 -0.129905 109.463594
-0.130865 0.018124 0.991235 73.063849 0.011096 0.999797 -0.016816 -5.100397 -0.991338 0.008798 -0.131039 109.367617
-0.131706 0.018429 0.991117 73.835379 0.010014 0.999801 -0.017260 -5.126194 -0.991238 0.007651 -0.131865 109.271021
-0.133286 0.018415 0.990907 74.450480 0.008563 0.999811 -0.017429 -5.147587 -0.991041 0.006162 -0.133418 109.178021
-0.134191 0.016885 0.990812 75.419106 0.009965 0.999827 -0.015689 -5.175549 -0.990905 0.007768 -0.134336 109.066962
-0.135236 0.014728 0.990704 76.198225 0.007647 0.999875 -0.013820 -5.197087 -0.990784 0.005707 -0.135332 108.970716
-0.137033 0.012576 0.990487 76.996385 0.004690 0.999916 -0.012047 -5.220303 -0.990555 0.002995 -0.137081 108.871276
-0.139323 0.011801 0.990177 77.554830 0.005416 0.999923 -0.011155 -5.240162 -0.990232 0.003808 -0.139376 108.757160
-0.140921 0.012440 0.989943 78.510161 0.006510 0.999911 -0.011639 -5.263556 -0.990000 0.004805 -0.140989 108.653492
-0.143186 0.013864 0.989599 79.322657 0.006138 0.999895 -0.013120 -5.282889 -0.989677 0.004195 -0.143256 108.543046
-0.144666 0.017461 0.989327 80.135564 0.007679 0.999834 -0.016523 -5.307388 -0.989451 0.005207 -0.144776 108.428339
-0.145104 0.021249 0.989188 80.953957 0.009516 0.999753 -0.020080 -5.335341 -0.989371 0.006500 -0.145270 108.309307
-0.146151 0.025134 0.988943 81.780933 0.010503 0.999660 -0.023854 -5.364124 -0.989207 0.006900 -0.146365 108.191372
-0.145958 0.026241 0.988943 82.395454 0.012706 0.999615 -0.024649 -5.394098 -0.989209 0.008968 -0.146235 108.067047
-0.145342 0.025754 0.989046 83.381548 0.016568 0.999584 -0.023594 -5.424814 -0.989243 0.012957 -0.145708 107.938587
-0.145163 0.023697 0.989124 84.200163 0.016992 0.999625 -0.021455 -5.459497 -0.989262 0.013692 -0.145512 107.818495
-0.144372 0.022090 0.989277 85.057120 0.016403 0.999667 -0.019928 -5.490073 -0.989388 0.013350 -0.144686 107.697371
-0.142667 0.019609 0.989576 85.921651 0.015315 0.999728 -0.017602 -5.519597 -0.989652 0.012644 -0.142929 107.581142
-0.141140 0.016482 0.989852 86.751054 0.015697 0.999773 -0.014409 -5.548817 -0.989865 0.013504 -0.141366 107.454595
-0.139518 0.013110 0.990133 87.594525 0.017020 0.999796 -0.010840 -5.573567 -0.990073 0.015339 -0.139712 107.342664
-0.137767 0.012949 0.990380 88.422975 0.015600 0.999819 -0.010902 -5.601358 -0.990342 0.013948 -0.137944 107.235392
-0.136360 0.017178 0.990510 89.280908 0.016491 0.999750 -0.015068 -5.629737 -0.990522 0.014280 -0.136609 107.121012
-0.134456 0.023450 0.990642 90.145824 0.017186 0.999625 -0.021330 -5.656290 -0.990771 0.014157 -0.134808 107.007958
-0.133075 0.027002 0.990738 91.003788 0.014661 0.999573 -0.025273 -5.685184 -0.990998 0.011162 -0.133414 106.893846
-0.131572 0.024339 0.991008 91.854831 0.013578 0.999649 -0.022749 -5.721692 -0.991214 0.010462 -0.131856 106.784571
-0.130369 0.021811 0.991226 92.711583 0.013891 0.999700 -0.020170 -5.755832 -0.991368 0.011140 -0.130633 106.679410
-0.129715 0.020256 0.991344 93.598548 0.014907 0.999718 -0.018477 -5.787436 -0.991439 0.012382 -0.129980 106.566936
-0.129239 0.019706 0.991418 94.372007 0.013442 0.999745 -0.018119 -5.817151 -0.991522 0.010985 -0.129471 106.464934
-0.128479 0.019817 0.991514 95.445269 0.013461 0.999743 -0.018237 -5.855013 -0.991621 0.011004 -0.128713 106.345000
-0.127898 0.018064 0.991623 96.310186 0.015802 0.999744 -0.016174 -5.884932 -0.991661 0.013601 -0.128151 106.238578
-0.126732 0.017311 0.991786 97.180200 0.018421 0.999716 -0.015096 -5.916879 -0.991766 0.016357 -0.127015 106.126990
-0.126346 0.018602 0.991812 97.983425 0.020719 0.999656 -0.016110 -5.943777 -0.991770 0.018514 -0.126688 106.018560
-0.125204 0.020708 0.991915 98.971896 0.021147 0.999611 -0.018199 -5.980844 -0.991906 0.018697 -0.125593 105.905048
-0.124448 0.022112 0.991980 99.831411 0.018279 0.999633 -0.019989 -6.011812 -0.992058 0.015645 -0.124806 105.806289
-0.123984 0.017812 0.992124 100.693738 0.013380 0.999778 -0.016277 -6.043324 -0.992194 0.011256 -0.124195 105.711174
-0.124172 0.015641 0.992137 101.551130 0.008826 0.999854 -0.014658 -6.076537 -0.992221 0.006936 -0.124292 105.617075
-0.125267 0.015928 0.991995 102.406587 0.005435 0.999867 -0.015368 -6.110727 -0.992108 0.003466 -0.125337 105.517383
-0.127098 0.020547 0.991677 103.115378 0.001574 0.999788 -0.020514 -6.132599 -0.991889 -0.001046 -0.127103 105.431880
-0.127520 0.022972 0.991570 104.098429 0.001821 0.999735 -0.022927 -6.170662 -0.991834 -0.001118 -0.127528 105.323623
-0.127986 0.023281 0.991503 104.953938 0.002299 0.999729 -0.023177 -6.208755 -0.991773 -0.000687 -0.128004 105.211089
-0.128359 0.022632 0.991469 105.790677 0.003773 0.999743 -0.022333 -6.245740 -0.991721 0.000874 -0.128411 105.106195
-0.128971 0.023321 0.991374 106.623219 0.004906 0.999726 -0.022879 -6.282583 -0.991636 0.001913 -0.129050 105.001159
-0.130070 0.026450 0.991152 107.158686 0.005120 0.999649 -0.026004 -6.309795 -0.991492 0.001692 -0.130160 104.922544
-0.130175 0.027848 0.991100 108.161662 0.005756 0.999610 -0.027331 -6.353040 -0.991474 0.002147 -0.130285 104.800095
-0.131492 0.028166 0.990917 108.989603 0.003934 0.999603 -0.027891 -6.387156 -0.991309 0.000230 -0.131550 104.700759
-0.133661 0.026938 0.990661 109.805908 0.002277 0.999636 -0.026875 -6.426231 -0.991024 -0.001337 -0.133674 104.596716
-0.136753 0.027917 0.990212 110.612258 0.002128 0.999609 -0.027888 -6.469532 -0.990603 -0.001706 -0.136759 104.490380
-0.140503 0.030589 0.989608 111.300451 0.000820 0.999526 -0.030779 -6.503590 -0.990080 -0.003513 -0.140461 104.402321
-0.143436 0.031849 0.989147 112.093395 0.000153 0.999483 -0.032159 -6.542090 -0.989660 -0.004462 -0.143366 104.281159
-0.146757 0.031993 0.988655 112.862607 0.000611 0.999480 -0.032252 -6.579920 -0.989172 -0.004129 -0.146700 104.174538
-0.149557 0.030563 0.988281 113.653849 0.001929 0.999529 -0.030619 -6.621370 -0.988751 -0.002672 -0.149546 104.055921
-0.152093 0.031402 0.987867 114.436915 0.003402 0.999506 -0.031248 -6.662157 -0.988360 -0.001392 -0.152124 103.936720
-0.154472 0.035364 0.987364 115.217931 -0.002321 0.999343 -0.036156 -6.709510 -0.987994 -0.007876 -0.154288 103.832034
-0.155964 0.042365 0.986854 115.898838 -0.003819 0.999046 -0.043492 -6.750037 -0.987755 -0.010552 -0.155654 103.726029
-0.158635 0.045427 0.986292 116.645533 0.000259 0.998943 -0.045968 -6.789570 -0.987337 -0.007036 -0.158479 103.605103
-0.161225 0.043639 0.985952 117.418780 0.002510 0.999037 -0.043808 -6.834080 -0.986915 -0.004588 -0.161179 103.473872
-0.165024 0.035660 0.985645 118.315615 0.000411 0.999349 -0.036087 -6.887124 -0.986289 -0.005550 -0.164931 103.349694
-0.166933 0.033442 0.985401 118.959754 -0.000223 0.999423 -0.033956 -6.928924 -0.985968 -0.005888 -0.166829 103.228215
-0.168675 0.036352 0.985001 119.688825 -0.001000 0.999313 -0.037052 -6.968572 -0.985671 -0.007235 -0.168522 103.107415
-0.171483 0.039550 0.984393 120.443981 -0.003291 0.999165 -0.040717 -7.012358 -0.985181 -0.010222 -0.171210 102.986000
-0.174173 0.042113 0.983814 121.197059 -0.003979 0.999047 -0.043469 -7.054526 -0.984707 -0.011486 -0.173840 102.861487
-0.176352 0.046463 0.983230 121.994545 0.000178 0.998887 -0.047171 -7.104594 -0.984327 -0.008144 -0.176164 102.737744
-0.178157 0.050851 0.982687 122.824952 0.000280 0.998666 -0.051627 -7.153624 -0.984002 -0.008923 -0.177934 102.584035
-0.181113 0.053106 0.982027 123.566350 -0.000268 0.998538 -0.054048 -7.200293 -0.983462 -0.010052 -0.180834 102.454315
-0.183393 0.050686 0.981732 124.286936 0.000288 0.998673 -0.051507 -7.250481 -0.983040 -0.009163 -0.183164 102.339475
-0.187201 0.047236 0.981185 125.061455 0.004843 0.998875 -0.047164 -7.302226 -0.982310 -0.004077 -0.187219 102.178695
-0.192865 0.045746 0.980158 125.794409 0.007042 0.998951 -0.045237 -7.351500 -0.981200 -0.001822 -0.192985 102.033886
-0.199164 0.044400 0.978960 126.467949 0.005407 0.999008 -0.044209 -7.395236 -0.979951 -0.003512 -0.199206 101.905294
-0.207686 0.044665 0.977175 127.147117 0.005273 0.998994 -0.044542 -7.439629 -0.978181 -0.004098 -0.207712 101.760415
-0.218330 0.045047 0.974835 127.869003 0.004513 0.998970 -0.045151 -7.483420 -0.975864 -0.005458 -0.218309 101.603314
-0.230196 0.046016 0.972056 128.589354 0.005227 0.998925 -0.046050 -7.527093 -0.973130 -0.005520 -0.230190 101.434564
-0.242748 0.046650 0.968967 129.291017 0.005995 0.998896 -0.046589 -7.575166 -0.970071 -0.005500 -0.242760 101.259877
-0.253817 0.046631 0.966128 130.044594 0.008191 0.998905 -0.046061 -7.626138 -0.967218 -0.003778 -0.253921 101.060224
-0.264788 0.046629 0.963179 130.757167 0.012640 0.998912 -0.044885 -7.673404 -0.964224 0.000289 -0.265089 100.849926
-0.274999 0.046559 0.960317 131.454016 0.016919 0.998906 -0.043585 -7.720767 -0.961296 0.004262 -0.275486 100.647109
-0.283705 0.047504 0.957734 132.163025 0.022860 0.998823 -0.042770 -7.758784 -0.958639 0.009760 -0.284457 100.429658
-0.291048 0.047885 0.955509 132.862520 0.028001 0.998745 -0.041522 -7.800954 -0.956299 0.014670 -0.292024 100.208574
-0.297416 0.047664 0.953557 133.558532 0.026936 0.998774 -0.041523 -7.852620 -0.954368 0.013335 -0.298336 100.003001
-0.302032 0.046018 0.952186 134.247416 0.031831 0.998764 -0.038172 -7.890791 -0.952766 0.018779 -0.303123 99.765907
-0.303982 0.043618 0.951679 134.931590 0.037879 0.998715 -0.033675 -7.926269 -0.951925 0.025812 -0.305243 99.537985
-0.304895 0.042323 0.951445 135.601703 0.044177 0.998565 -0.030262 -7.963684 -0.951361 0.032805 -0.306327 99.312981
-0.305469 0.041046 0.951317 136.280819 0.046827 0.998509 -0.028045 -7.997327 -0.951050 0.035981 -0.306936 99.088996
-0.305459 0.046352 0.951077 136.936146 0.048750 0.998266 -0.032995 -8.033733 -0.950957 0.036287 -0.307189 98.879616
-0.304382 0.049329 0.951272 137.548802 0.047264 0.998210 -0.036640 -8.075767 -0.951377 0.033809 -0.306169 98.697806
-0.303459 0.049401 0.951563 138.284254 0.049996 0.998105 -0.035873 -8.107892 -0.951532 0.036688 -0.305354 98.461007
-0.301609 0.047763 0.952235 138.940477 0.051336 0.998109 -0.033804 -8.143576 -0.952049 0.038689 -0.303491 98.252050
-0.299667 0.044998 0.952982 139.594673 0.053187 0.998122 -0.030405 -8.183477 -0.952560 0.041574 -0.301498 98.043579
-0.298312 0.045627 0.953377 140.244240 0.053786 0.998073 -0.030936 -8.220178 -0.952952 0.042050 -0.300191 97.845130
-0.296388 0.047759 0.953873 140.847589 0.054480 0.997968 -0.033039 -8.257408 -0.953513 0.042174 -0.298388 97.671172
-0.291648 0.049395 0.955249 141.460200 0.055394 0.997862 -0.034686 -8.289556 -0.954920 0.042799 -0.293761 97.473943
-0.286367 0.048502 0.956892 142.098823 0.056427 0.997838 -0.033690 -8.324447 -0.956457 0.044347 -0.288485 97.287543
-0.280990 0.046647 0.958576 142.732109 0.057704 0.997832 -0.031642 -8.360643 -0.957974 0.046423 -0.283072 97.105781
-0.276217 0.044937 0.960044 143.363352 0.057999 0.997865 -0.030020 -8.392674 -0.959344 0.047389 -0.278234 96.926989
-0.272465 0.043772 0.961170 143.961870 0.057634 0.997913 -0.029108 -8.431507 -0.960438 0.047466 -0.274419 96.760976
-0.268314 0.042360 0.962400 144.552638 0.058358 0.997913 -0.027653 -8.461304 -0.961562 0.048744 -0.270226 96.593731
-0.264306 0.041013 0.963567 145.165753 0.061755 0.997765 -0.025529 -8.488437 -0.962460 0.052758 -0.266248 96.420630
-0.260934 0.039449 0.964550 145.824988 0.063653 0.997693 -0.023585 -8.515164 -0.963256 0.055242 -0.262843 96.249237
-0.257535 0.037831 0.965528 146.385797 0.061926 0.997825 -0.022578 -8.551664 -0.964282 0.053976 -0.259318 96.099472
-0.253823 0.038887 0.966469 146.995398 0.059317 0.997937 -0.024575 -8.579313 -0.965430 0.051091 -0.255606 95.946768
-0.249189 0.042455 0.967524 147.585244 0.060670 0.997761 -0.028156 -8.605721 -0.966553 0.051684 -0.251206 95.796724
-0.243887 0.045559 0.968733 148.125915 0.062248 0.997572 -0.031244 -8.629197 -0.967804 0.052682 -0.246130 95.665554
-0.236802 0.046606 0.970440 148.768662 0.061563 0.997561 -0.032887 -8.659521 -0.969606 0.051956 -0.239093 95.508415
-0.228536 0.044930 0.972498 149.342144 0.058321 0.997772 -0.032393 -8.688405 -0.971787 0.049314 -0.230647 95.388649
-0.217896 0.042921 0.975028 149.924116 0.057491 0.997862 -0.031079 -8.719475 -0.974277 0.049283 -0.219898 95.267402
-0.205629 0.041618 0.977745 150.502000 0.058558 0.997828 -0.030158 -8.749977 -0.976877 0.051053 -0.207619 95.152771
-0.192318 0.040307 0.980505 151.076469 0.058364 0.997857 -0.029573 -8.780605 -0.979596 0.051538 -0.194258 95.047615
