1.000000 -0.000018 0.000016 -0.000070 0.000018 1.000000 0.000002 -0.000033 -0.000016 -0.000002 1.000000 0.000938
0.999998 0.000701 0.001724 -0.005629 -0.000700 0.999999 -0.000947 -0.020008 -0.001724 0.000945 0.999998 1.200245
0.999994 0.001162 0.003179 -0.009600 -0.001161 0.999999 -0.000385 -0.043226 -0.003180 0.000381 0.999995 2.401091
0.999992 0.000424 0.004005 -0.008461 -0.000425 1.000000 0.000129 -0.067921 -0.004005 -0.000131 0.999992 3.614382
0.999988 0.000237 0.004812 -0.008888 -0.000238 1.000000 0.000237 -0.089315 -0.004812 -0.000238 0.999988 4.817443
0.999983 -0.000052 0.005751 -0.008822 0.000050 1.000000 0.000308 -0.110784 -0.005751 -0.000308 0.999983 6.021963
0.999976 0.000407 0.006870 -0.008903 -0.000401 1.000000 -0.000815 -0.131837 -0.006870 0.000812 0.999976 7.202648
0.999972 -0.000197 0.007454 -0.001060 0.000205 0.999999 -0.001027 -0.155925 -0.007453 0.001028 0.999972 8.413095
0.999971 -0.000859 0.007577 0.001330 0.000855 1.000000 0.000489 -0.175864 -0.007577 -0.000483 0.999971 9.621475
0.999978 -0.000856 0.006535 0.001001 0.000847 0.999999 0.001298 -0.198652 -0.006536 -0.001292 0.999978 10.810474
0.999989 -0.002625 0.003868 0.006345 0.002622 0.999996 0.000978 -0.219482 -0.003871 -0.000967 0.999992 12.010182
0.999996 -0.002279 0.001796 0.002905 0.002278 0.999997 0.000547 -0.240677 -0.001797 -0.000543 0.999998 13.207900
0.999999 -0.001337 0.000799 -0.007694 0.001336 0.999999 0.000290 -0.262720 -0.000799 -0.000289 1.000000 14.384521
1.000000 -0.000311 -0.000229 -0.014011 0.000311 1.000000 0.000264 -0.284118 0.000229 -0.000264 1.000000 15.589747
1.000000 -0.000620 -0.000762 -0.020309 0.000620 1.000000 0.000320 -0.305327 0.000761 -0.000320 1.000000 16.773991
0.999998 -0.001166 -0.001344 -0.028045 0.001167 0.999999 0.000786 -0.325970 0.001343 -0.000788 0.999999 17.974184
0.999998 -0.000924 -0.001469 -0.038150 0.000925 0.999999 0.000911 -0.348786 0.001468 -0.000912 0.999999 19.205617
0.999997 -0.000900 -0.002429 -0.045883 0.000901 1.000000 0.000126 -0.370042 0.002429 -0.000128 0.999997 20.368534
0.999995 -0.001152 -0.002969 -0.052239 0.001150 0.999999 -0.000771 -0.390214 0.002970 0.000768 0.999995 21.558224
0.999992 -0.000504 -0.003854 -0.063417 0.000503 1.000000 -0.000239 -0.412653 0.003854 0.000237 0.999993 22.755599
0.999991 -0.000078 -0.004198 -0.078843 0.000076 1.000000 -0.000448 -0.436952 0.004198 0.000448 0.999991 24.007380
0.999986 -0.000583 -0.005341 -0.088589 0.000578 0.999999 -0.001034 -0.460005 0.005341 0.001031 0.999985 25.186387
0.999982 0.000297 -0.005924 -0.103622 -0.000300 1.000000 -0.000508 -0.480601 0.005924 0.000510 0.999982 26.365149
0.999976 -0.001462 -0.006800 -0.114067 0.001472 0.999998 0.001441 -0.505300 0.006798 -0.001451 0.999976 27.629221
0.999968 -0.001730 -0.007837 -0.127412 0.001742 0.999997 0.001606 -0.526687 0.007834 -0.001619 0.999968 28.838086
0.999960 -0.002357 -0.008596 -0.143020 0.002363 0.999997 0.000674 -0.545279 0.008594 -0.000695 0.999963 30.042112
0.999955 -0.002424 -0.009202 -0.163958 0.002420 0.999997 -0.000493 -0.564991 0.009203 0.000471 0.999958 31.227234
0.999945 -0.002440 -0.010213 -0.175257 0.002436 0.999997 -0.000433 -0.585386 0.010214 0.000408 0.999948 32.441262
0.999941 -0.002566 -0.010526 -0.199652 0.002566 0.999997 -0.000015 -0.607360 0.010526 -0.000012 0.999945 33.567736
0.999929 -0.003369 -0.011409 -0.217187 0.003375 0.999994 0.000502 -0.629672 0.011408 -0.000540 0.999935 34.843747
0.999923 -0.003718 -0.011861 -0.236944 0.003722 0.999993 0.000356 -0.650614 0.011859 -0.000400 0.999930 36.051012
0.999920 -0.003419 -0.012157 -0.260462 0.003421 0.999994 0.000180 -0.674561 0.012157 -0.000222 0.999926 37.281088
0.999912 -0.004722 -0.012401 -0.277751 0.004732 0.999988 0.000814 -0.692782 0.012397 -0.000873 0.999923 38.467446
0.999915 -0.004509 -0.012230 -0.300363 0.004534 0.999988 0.002010 -0.711583 0.012221 -0.002065 0.999923 39.673175
0.999923 -0.003399 -0.011974 -0.325997 0.003433 0.999990 0.002821 -0.734843 0.011964 -0.002861 0.999924 40.872914
0.999921 -0.003264 -0.012152 -0.344773 0.003294 0.999992 0.002474 -0.752328 0.012144 -0.002514 0.999923 42.096770
0.999927 -0.002119 -0.011892 -0.368174 0.002149 0.999995 0.002500 -0.770709 0.011887 -0.002526 0.999926 43.298838
0.999937 0.000540 -0.011250 -0.391306 -0.000493 0.999991 0.004163 -0.785648 0.011252 -0.004157 0.999928 44.513666
0.999954 0.001319 -0.009539 -0.408364 -0.001251 0.999974 0.007158 -0.805537 0.009549 -0.007146 0.999929 45.612290
0.999969 0.001434 -0.007726 -0.432449 -0.001356 0.999948 0.010135 -0.814637 0.007740 -0.010124 0.999919 46.955782
0.999979 0.001662 -0.006238 -0.443072 -0.001578 0.999908 0.013455 -0.826389 0.006260 -0.013445 0.999890 48.173856
0.999988 0.001022 -0.004892 -0.454930 -0.000950 0.999890 0.014803 -0.833541 0.004907 -0.014798 0.999878 49.388299
0.999995 -0.000164 -0.003191 -0.462231 0.000206 0.999914 0.013134 -0.839494 0.003188 -0.013135 0.999909 50.498768
0.999998 0.000424 -0.002032 -0.475864 -0.000401 0.999935 0.011421 -0.842059 0.002036 -0.011420 0.999933 51.770770
0.999999 0.000977 -0.001336 -0.483066 -0.000963 0.999940 0.010897 -0.849128 0.001346 -0.010896 0.999940 52.987459
0.999999 0.000589 -0.001184 -0.488523 -0.000576 0.999946 0.010404 -0.860637 0.001190 -0.010403 0.999945 54.097391
0.999998 -0.000096 -0.002129 -0.498175 0.000116 0.999956 0.009391 -0.868777 0.002128 -0.009391 0.999954 55.371400
0.999993 0.000173 -0.003707 -0.511304 -0.000137 0.999953 0.009736 -0.876808 0.003709 -0.009736 0.999946 56.592374
0.999987 0.000188 -0.005105 -0.523851 -0.000132 0.999940 0.010966 -0.886062 0.005107 -0.010966 0.999927 57.818086
0.999981 0.000393 -0.006086 -0.537793 -0.000324 0.999936 0.011301 -0.895911 0.006090 -0.011299 0.999918 59.029524
0.999975 0.001538 -0.006965 -0.547728 -0.001461 0.999938 0.011059 -0.907236 0.006981 -0.011049 0.999915 60.143940
0.999969 0.001438 -0.007755 -0.564689 -0.001352 0.999938 0.011038 -0.917932 0.007770 -0.011027 0.999909 61.421359
0.999968 0.000440 -0.008003 -0.578981 -0.000356 0.999945 0.010516 -0.927356 0.008007 -0.010513 0.999913 62.640089
0.999965 -0.000732 -0.008338 -0.591081 0.000812 0.999954 0.009539 -0.938442 0.008331 -0.009546 0.999920 63.859452
0.999966 -0.000337 -0.008189 -0.612466 0.000425 0.999942 0.010761 -0.948177 0.008185 -0.010764 0.999909 65.083021
0.999962 -0.000849 -0.008729 -0.625554 0.000957 0.999923 0.012334 -0.958500 0.008718 -0.012342 0.999886 66.289622
0.999961 -0.000153 -0.008812 -0.641842 0.000248 0.999942 0.010784 -0.970573 0.008810 -0.010785 0.999903 67.422649
0.999960 0.001547 -0.008784 -0.666153 -0.001463 0.999953 0.009538 -0.975205 0.008798 -0.009525 0.999916 68.698565
0.999954 0.003770 -0.008775 -0.688066 -0.003683 0.999944 0.009889 -0.987217 0.008812 -0.009856 0.999913 69.903300
0.999946 0.005507 -0.008832 -0.701263 -0.005417 0.999934 0.010157 -1.000978 0.008887 -0.010109 0.999909 70.999724
0.999938 0.007105 -0.008598 -0.727167 -0.007014 0.999920 0.010513 -1.009056 0.008672 -0.010452 0.999908 72.318366
0.999944 0.007488 -0.007416 -0.743944 -0.007402 0.999906 0.011524 -1.019892 0.007502 -0.011468 0.999906 73.516590
0.999940 0.009406 -0.005567 -0.754582 -0.009337 0.999880 0.012325 -1.029695 0.005682 -0.012272 0.999909 74.614305
0.999965 0.007771 -0.003110 -0.762832 -0.007739 0.999918 0.010244 -1.042530 0.003189 -0.010220 0.999943 75.828930
0.999988 0.004848 -0.000591 -0.766786 -0.004845 0.999975 0.005155 -1.052528 0.000616 -0.005152 0.999987 77.019917
0.999979 0.006210 0.002001 -0.775044 -0.006219 0.999970 0.004654 -1.065559 -0.001972 -0.004666 0.999987 78.161200
0.999979 0.004629 0.004616 -0.770709 -0.004666 0.999956 0.008197 -1.079277 -0.004577 -0.008219 0.999956 79.371160
0.999955 0.005220 0.007880 -0.766649 -0.005295 0.999940 0.009568 -1.093958 -0.007829 -0.009610 0.999923 80.551153
0.999910 0.005683 0.012157 -0.766632 -0.005776 0.999954 0.007620 -1.106996 -0.012113 -0.007689 0.999897 81.727223
0.999871 0.004555 0.015381 -0.745697 -0.004628 0.999978 0.004752 -1.121487 -0.015359 -0.004823 0.999870 82.920662
0.999818 0.003266 0.018801 -0.730934 -0.003290 0.999994 0.001281 -1.137729 -0.018797 -0.001342 0.999822 84.098891
0.999748 0.002648 0.022272 -0.714922 -0.002658 0.999996 0.000402 -1.162501 -0.022271 -0.000461 0.999752 85.206219
0.999663 0.002595 0.025821 -0.682611 -0.002653 0.999994 0.002217 -1.184558 -0.025815 -0.002285 0.999664 86.411502
0.999557 0.003659 0.029540 -0.658506 -0.003740 0.999989 0.002663 -1.205107 -0.029530 -0.002772 0.999560 87.589526
0.999444 0.003255 0.033195 -0.627335 -0.003276 0.999994 0.000559 -1.225896 -0.033193 -0.000668 0.999449 88.758213
0.999324 0.003164 0.036633 -0.597577 -0.003098 0.999993 -0.001861 -1.250121 -0.036638 0.001746 0.999327 89.903982
0.999211 0.003064 0.039590 -0.553452 -0.002992 0.999994 -0.001883 -1.272057 -0.039596 0.001763 0.999214 91.058079
0.999096 0.001700 0.042468 -0.510033 -0.001673 0.999998 -0.000674 -1.293506 -0.042469 0.000603 0.999098 92.232250
0.998973 0.001036 0.045290 -0.464499 -0.001072 0.999999 0.000785 -1.314523 -0.045289 -0.000833 0.998974 93.400624
0.998844 0.000176 0.048072 -0.412570 -0.000291 0.999997 0.002388 -1.337233 -0.048072 -0.002400 0.998841 94.687254
0.998728 -0.001428 0.050402 -0.361476 0.001247 0.999993 0.003622 -1.355528 -0.050407 -0.003555 0.998722 95.718260
0.998610 -0.002681 0.052641 -0.301021 0.002615 0.999996 0.001333 -1.374942 -0.052644 -0.001194 0.998613 96.900800
0.998484 -0.004240 0.054878 -0.238158 0.004368 0.999988 -0.002212 -1.396606 -0.054868 0.002449 0.998491 98.070693
0.998368 -0.003022 0.057033 -0.173907 0.003337 0.999980 -0.005435 -1.415988 -0.057016 0.005617 0.998357 99.227587
0.998270 -0.003663 0.058689 -0.117632 0.004020 0.999974 -0.005979 -1.445685 -0.058666 0.006204 0.998258 100.434649
0.998259 -0.003568 0.058868 -0.045721 0.003893 0.999978 -0.005413 -1.467293 -0.058848 0.005632 0.998251 101.613192
0.998297 -0.003431 0.058238 0.014301 0.003642 0.999987 -0.003512 -1.495510 -0.058226 0.003718 0.998297 102.811098
0.998357 -0.003700 0.057179 0.077599 0.003837 0.999990 -0.002288 -1.515856 -0.057170 0.002503 0.998361 104.134082
0.998485 -0.003544 0.054915 0.134462 0.003610 0.999993 -0.001106 -1.542211 -0.054911 0.001303 0.998490 105.273374
0.998633 -0.003326 0.052173 0.198622 0.003368 0.999994 -0.000714 -1.559416 -0.052170 0.000888 0.998638 106.483017
0.998785 -0.002712 0.049196 0.247749 0.002754 0.999996 -0.000791 -1.579114 -0.049193 0.000926 0.998789 107.692761
0.998964 -0.001180 0.045493 0.288891 0.001237 0.999998 -0.001218 -1.599720 -0.045491 0.001273 0.998964 108.909651
0.999119 -0.000816 0.041969 0.333386 0.000862 0.999999 -0.001063 -1.622916 -0.041968 0.001098 0.999118 110.131068
0.999292 -0.000532 0.037626 0.375054 0.000525 1.000000 0.000194 -1.640439 -0.037626 -0.000174 0.999292 111.425548
0.999449 -0.000204 0.033200 0.420799 0.000172 1.000000 0.000981 -1.658768 -0.033201 -0.000975 0.999448 112.665267
0.999589 -0.000176 0.028655 0.451682 0.000130 0.999999 0.001588 -1.678650 -0.028655 -0.001583 0.999588 113.885098
0.999702 0.000889 0.024415 0.456369 -0.000925 0.999999 0.001457 -1.704030 -0.024413 -0.001480 0.999701 114.914745
0.999813 0.001156 0.019285 0.481438 -0.001187 0.999998 0.001605 -1.718006 -0.019283 -0.001627 0.999813 116.324626
0.999896 0.001525 0.014359 0.492103 -0.001543 0.999998 0.001294 -1.736678 -0.014357 -0.001316 0.999896 117.575857
0.999949 0.002576 0.009746 0.492201 -0.002584 0.999996 0.000720 -1.756453 -0.009744 -0.000745 0.999952 118.812763
0.999969 0.004638 0.006357 0.489263 -0.004642 0.999989 0.000581 -1.773585 -0.006355 -0.000610 0.999980 120.055274
0.999965 0.007207 0.004312 0.480634 -0.007210 0.999974 0.000666 -1.805354 -0.004307 -0.000697 0.999990 121.068139
0.999963 0.007976 0.003247 0.475911 -0.007978 0.999968 0.000454 -1.820219 -0.003244 -0.000480 0.999995 122.474304
0.999948 0.009998 0.002053 0.473409 -0.009999 0.999950 0.000591 -1.837458 -0.002047 -0.000611 0.999998 123.716663
0.999937 0.011156 0.001125 0.462516 -0.011157 0.999937 0.001363 -1.855134 -0.001110 -0.001376 0.999998 124.968749
0.999931 0.011735 0.000656 0.452081 -0.011736 0.999929 0.001895 -1.884577 -0.000634 -0.001903 0.999998 125.986640
0.999895 0.014456 -0.000223 0.444843 -0.014455 0.999888 0.003901 -1.894121 0.000279 -0.003898 0.999992 127.441463
0.999881 0.015435 -0.000843 0.432954 -0.015428 0.999855 0.007181 -1.912431 0.000954 -0.007168 0.999974 128.703111
0.999899 0.014170 -0.001380 0.424638 -0.014160 0.999877 0.006792 -1.924691 0.001476 -0.006772 0.999976 129.969774
0.999881 0.015321 -0.001915 0.411459 -0.015311 0.999869 0.005226 -1.943334 0.001995 -0.005196 0.999985 131.101534
0.999927 0.011737 -0.002704 0.406672 -0.011719 0.999912 0.006277 -1.950004 0.002777 -0.006245 0.999977 132.379709
0.999947 0.009560 -0.003757 0.402746 -0.009529 0.999922 0.008079 -1.963076 0.003834 -0.008043 0.999960 133.635614
0.999973 0.006166 -0.003924 0.395101 -0.006127 0.999932 0.009902 -1.972076 0.003985 -0.009878 0.999943 134.916399
0.999979 0.005060 -0.004167 0.379481 -0.005014 0.999928 0.010862 -1.985821 0.004221 -0.010840 0.999932 136.165756
0.999991 0.000430 -0.004201 0.376852 -0.000392 0.999958 0.009158 -1.991175 0.004205 -0.009156 0.999949 137.384593
0.999989 -0.002083 -0.004157 0.368903 0.002117 0.999965 0.008116 -2.000664 0.004140 -0.008125 0.999958 138.670497
0.999985 -0.003585 -0.004068 0.361861 0.003617 0.999962 0.007918 -2.012315 0.004039 -0.007933 0.999960 139.961419
0.999988 -0.003279 -0.003503 0.351297 0.003308 0.999960 0.008280 -2.030088 0.003475 -0.008292 0.999960 141.312318
0.999990 -0.003336 -0.003036 0.338892 0.003368 0.999941 0.010337 -2.036926 0.003001 -0.010347 0.999942 142.628521
0.999997 -0.000682 -0.002261 0.324147 0.000708 0.999929 0.011885 -2.048681 0.002253 -0.011886 0.999927 143.900766
0.999999 -0.000271 -0.001520 0.316599 0.000287 0.999950 0.010023 -2.061246 0.001517 -0.010024 0.999949 145.147350
0.999999 -0.000219 -0.001197 0.305961 0.000229 0.999965 0.008410 -2.072938 0.001195 -0.008410 0.999964 146.475467
1.000000 -0.000325 -0.000667 0.297722 0.000329 0.999982 0.006021 -2.088542 0.000665 -0.006021 0.999982 147.759640
0.999999 -0.001571 -0.000424 0.292905 0.001572 0.999997 0.001979 -2.105945 0.000421 -0.001980 0.999998 149.039363
1.000000 -0.000933 0.000224 0.288910 0.000933 0.999998 -0.001617 -2.129884 -0.000223 0.001617 0.999999 150.316820
0.999998 -0.001984 0.000175 0.284474 0.001984 0.999995 -0.002324 -2.155071 -0.000171 0.002324 0.999997 151.579496
0.999998 -0.002152 0.000172 0.278960 0.002153 0.999995 -0.002168 -2.182154 -0.000167 0.002168 0.999998 152.883741
0.999999 -0.001528 -0.000046 0.274008 0.001528 0.999998 -0.001631 -2.209187 0.000049 0.001631 0.999999 154.157785
1.000000 -0.000146 0.000116 0.262818 0.000146 1.000000 -0.000862 -2.232798 -0.000116 0.000862 1.000000 155.382203
1.000000 -0.000194 -0.000387 0.256851 0.000194 1.000000 -0.000028 -2.257692 0.000387 0.000028 1.000000 156.680849
0.999999 -0.000184 -0.001077 0.252678 0.000183 1.000000 -0.000373 -2.283471 0.001077 0.000373 0.999999 157.964213
0.999999 0.000325 -0.001663 0.240608 -0.000325 1.000000 -0.000091 -2.306674 0.001663 0.000092 0.999999 159.235085
0.999998 0.000237 -0.002057 0.232709 -0.000236 1.000000 0.000840 -2.329363 0.002057 -0.000840 0.999998 160.497263
0.999996 0.000757 -0.002831 0.217434 -0.000753 0.999999 0.001453 -2.350979 0.002832 -0.001450 0.999995 161.791723
0.999993 0.001244 -0.003505 0.204842 -0.001243 0.999999 0.000521 -2.373411 0.003505 -0.000516 0.999994 163.071960
0.999990 0.001806 -0.004108 0.189028 -0.001809 0.999998 -0.000660 -2.395562 0.004107 0.000668 0.999991 164.342857
0.999985 0.002788 -0.004649 0.185039 -0.002792 0.999996 -0.000904 -2.424248 0.004646 0.000917 0.999989 165.755664
0.999983 0.002022 -0.005510 0.164726 -0.002030 0.999997 -0.001517 -2.445825 0.005507 0.001528 0.999984 166.887478
0.999977 0.002672 -0.006211 0.154246 -0.002688 0.999993 -0.002501 -2.473634 0.006204 0.002517 0.999978 168.165844
0.999973 0.002990 -0.006697 0.137103 -0.003007 0.999992 -0.002562 -2.497902 0.006689 0.002583 0.999974 169.356479
0.999968 0.002762 -0.007465 0.119175 -0.002769 0.999996 -0.001008 -2.521911 0.007462 0.001029 0.999972 170.638066
0.999962 0.002777 -0.008248 0.104879 -0.002782 0.999996 -0.000597 -2.547877 0.008246 0.000620 0.999966 171.911465
0.999954 0.003066 -0.009048 0.086891 -0.003068 0.999995 -0.000200 -2.570862 0.009047 0.000228 0.999959 173.191685
0.999947 0.003945 -0.009504 0.069233 -0.003947 0.999992 -0.000142 -2.598700 0.009503 0.000180 0.999955 174.689389
0.999940 0.003992 -0.010203 0.048661 -0.004001 0.999992 -0.000889 -2.620054 0.010199 0.000930 0.999948 175.874519
0.999930 0.005183 -0.010613 0.023172 -0.005199 0.999985 -0.001511 -2.644240 0.010605 0.001566 0.999943 177.047339
0.999926 0.004878 -0.011182 0.007468 -0.004889 0.999988 -0.000891 -2.671399 0.011178 0.000945 0.999937 178.568911
0.999922 0.004768 -0.011516 -0.013103 -0.004792 0.999986 -0.002057 -2.697211 0.011506 0.002112 0.999932 179.848617
0.999927 0.003163 -0.011621 -0.032973 -0.003204 0.999989 -0.003544 -2.723833 0.011609 0.003580 0.999926 181.124011
0.999934 0.000611 -0.011445 -0.057512 -0.000654 0.999993 -0.003713 -2.745431 0.011443 0.003720 0.999928 182.082795
0.999926 0.000188 -0.012177 -0.068531 -0.000187 1.000000 0.000069 -2.774051 0.012177 -0.000067 0.999926 183.615949
0.999926 -0.000372 -0.012162 -0.092116 0.000427 0.999990 0.004512 -2.799527 0.012160 -0.004517 0.999916 184.923014
0.999927 0.000803 -0.012029 -0.117099 -0.000758 0.999993 0.003782 -2.816834 0.012032 -0.003773 0.999920 186.185576
0.999926 0.002821 -0.011875 -0.146392 -0.002815 0.999996 0.000580 -2.835530 0.011877 -0.000547 0.999929 187.219868
0.999921 0.002478 -0.012293 -0.163426 -0.002494 0.999996 -0.001339 -2.856907 0.012289 0.001369 0.999924 188.548925
0.999919 0.002174 -0.012525 -0.183528 -0.002187 0.999997 -0.001007 -2.884113 0.012523 0.001034 0.999921 189.825952
0.999922 0.002663 -0.012218 -0.211251 -0.002660 0.999996 0.000274 -2.907580 0.012219 -0.000242 0.999925 190.860442
0.999924 0.002323 -0.012091 -0.231843 -0.002296 0.999995 0.002245 -2.927536 0.012096 -0.002217 0.999924 192.233490
0.999931 0.001757 -0.011576 -0.247167 -0.001720 0.999993 0.003220 -2.954984 0.011582 -0.003200 0.999928 193.453820
0.999947 0.001986 -0.010066 -0.268354 -0.001960 0.999995 0.002657 -2.977676 0.010072 -0.002638 0.999946 194.711730
0.999963 0.001018 -0.008572 -0.289631 -0.001009 0.999999 0.001112 -2.998134 0.008574 -0.001104 0.999963 195.968237
0.999972 0.000645 -0.007423 -0.301226 -0.000647 1.000000 -0.000339 -3.023509 0.007422 0.000343 0.999972 197.194678
0.999981 -0.000304 -0.006213 -0.310162 0.000299 1.000000 -0.000817 -3.049495 0.006213 0.000815 0.999980 198.417287
0.999989 0.000063 -0.004694 -0.332948 -0.000065 1.000000 -0.000290 -3.072538 0.004694 0.000291 0.999989 199.759320
0.999994 -0.000342 -0.003512 -0.339593 0.000349 0.999998 0.001898 -3.095500 0.003511 -0.001900 0.999992 200.803596
0.999997 0.000609 -0.002475 -0.348765 -0.000603 0.999997 0.002309 -3.118620 0.002476 -0.002308 0.999994 202.034066
0.999999 0.000228 -0.001211 -0.358174 -0.000225 0.999997 0.002280 -3.139087 0.001212 -0.002280 0.999997 203.252966
0.999999 0.001114 0.000025 -0.368746 -0.001114 0.999997 0.002149 -3.163386 -0.000022 -0.002149 0.999998 204.549661
0.999999 0.000449 0.000951 -0.372568 -0.000452 0.999996 0.002667 -3.185194 -0.000949 -0.002667 0.999996 205.776561
0.999997 0.001326 0.001878 -0.380439 -0.001330 0.999996 0.002394 -3.209154 -0.001874 -0.002396 0.999995 206.956572
0.999997 0.000571 0.002446 -0.381196 -0.000577 0.999996 0.002624 -3.233279 -0.002445 -0.002625 0.999994 208.221854
0.999995 -0.000581 0.003014 -0.384377 0.000572 0.999996 0.002781 -3.256518 -0.003015 -0.002780 0.999992 209.388247
0.999995 -0.000721 0.003079 -0.385158 0.000710 0.999994 0.003368 -3.275151 -0.003082 -0.003366 0.999990 210.546515
0.999995 -0.000560 0.002994 -0.387974 0.000547 0.999991 0.004308 -3.297125 -0.002996 -0.004307 0.999986 211.630955
0.999998 -0.000705 0.002037 -0.389987 0.000695 0.999989 0.004655 -3.320878 -0.002041 -0.004653 0.999987 212.754515
0.999999 -0.000525 0.001626 -0.394736 0.000519 0.999993 0.003656 -3.341478 -0.001628 -0.003655 0.999992 213.868465
0.999999 -0.000503 0.001011 -0.398274 0.000500 0.999996 0.002927 -3.361874 -0.001012 -0.002926 0.999995 214.962722
1.000000 -0.000686 0.000496 -0.407907 0.000685 0.999996 0.002708 -3.380167 -0.000497 -0.002708 0.999996 216.045914
1.000000 -0.000380 -0.000320 -0.410199 0.000381 0.999997 0.002310 -3.400628 0.000319 -0.002310 0.999997 217.002277
0.999996 -0.001251 -0.002353 -0.415974 0.001259 0.999993 0.003478 -3.425536 0.002349 -0.003481 0.999991 218.155416
0.999988 -0.002260 -0.004338 -0.425439 0.002282 0.999984 0.005090 -3.444132 0.004326 -0.005100 0.999978 219.208379
0.999977 -0.002071 -0.006382 -0.441593 0.002114 0.999974 0.006894 -3.462969 0.006367 -0.006907 0.999956 220.247562
0.999963 -0.001344 -0.008442 -0.454766 0.001401 0.999977 0.006651 -3.479650 0.008433 -0.006663 0.999942 221.289360
0.999935 -0.001327 -0.011286 -0.472984 0.001399 0.999979 0.006349 -3.496705 0.011277 -0.006365 0.999916 222.282490
0.999901 -0.001237 -0.014009 -0.494601 0.001328 0.999978 0.006498 -3.512796 0.014000 -0.006516 0.999881 223.260815
0.999857 -0.000590 -0.016875 -0.517912 0.000708 0.999975 0.006996 -3.529672 0.016871 -0.007007 0.999833 224.216848
0.999804 -0.000265 -0.019796 -0.542700 0.000398 0.999978 0.006696 -3.546722 0.019794 -0.006702 0.999782 225.152974
0.999744 -0.000362 -0.022625 -0.562671 0.000496 0.999982 0.005910 -3.562547 0.022622 -0.005920 0.999727 226.017044
0.999656 -0.000709 -0.026234 -0.591298 0.000854 0.999984 0.005534 -3.581294 0.026229 -0.005554 0.999641 226.987947
0.999568 0.000393 -0.029400 -0.624492 -0.000239 0.999986 0.005230 -3.596866 0.029401 -0.005220 0.999554 227.846893
0.999489 0.001116 -0.031941 -0.658846 -0.000974 0.999990 0.004457 -3.611911 0.031946 -0.004423 0.999480 228.581017
0.999401 0.002367 -0.034521 -0.693345 -0.002219 0.999988 0.004327 -3.628055 0.034531 -0.004248 0.999395 229.484240
0.999377 0.003252 -0.035139 -0.728269 -0.003083 0.999983 0.004869 -3.644634 0.035154 -0.004758 0.999371 230.294174
0.999385 0.003190 -0.034920 -0.760120 -0.002988 0.999979 0.005830 -3.659254 0.034937 -0.005722 0.999373 231.083124
0.999402 0.003130 -0.034439 -0.791601 -0.002904 0.999974 0.006598 -3.673540 0.034458 -0.006494 0.999385 231.856979
0.999419 0.003591 -0.033899 -0.822607 -0.003378 0.999974 0.006334 -3.687707 0.033921 -0.006216 0.999405 232.617279
0.999425 0.003774 -0.033689 -0.847645 -0.003633 0.999984 0.004258 -3.700369 0.033704 -0.004133 0.999423 233.302853
0.999456 0.003701 -0.032781 -0.875336 -0.003625 0.999991 0.002391 -3.717274 0.032790 -0.002271 0.999460 234.036103
0.999496 0.003720 -0.031542 -0.903243 -0.003689 0.999993 0.001034 -3.731283 0.031545 -0.000917 0.999502 234.770278
0.999525 0.006490 -0.030125 -0.932898 -0.006478 0.999979 0.000479 -3.741758 0.030127 -0.000284 0.999546 235.452671
0.999593 0.003796 -0.028263 -0.953965 -0.003786 0.999993 0.000405 -3.761374 0.028265 -0.000298 0.999600 236.250165
0.999639 0.003558 -0.026643 -0.972544 -0.003552 0.999994 0.000275 -3.770578 0.026644 -0.000181 0.999645 236.960147
0.999689 0.003425 -0.024712 -0.992814 -0.003424 0.999994 0.000100 -3.783743 0.024712 -0.000015 0.999695 237.683185
0.999740 0.003057 -0.022615 -1.010806 -0.003063 0.999995 -0.000215 -3.798597 0.022615 0.000284 0.999744 238.403063
0.999801 0.003071 -0.019736 -1.029324 -0.003068 0.999995 0.000182 -3.812367 0.019736 -0.000121 0.999805 239.115920
0.999864 0.002540 -0.016309 -1.047829 -0.002526 0.999996 0.000874 -3.825344 0.016311 -0.000832 0.999867 239.665153
0.999907 0.001638 -0.013568 -1.057638 -0.001619 0.999998 0.001400 -3.841828 0.013571 -0.001378 0.999907 240.593568
0.999944 0.001374 -0.010517 -1.066372 -0.001359 0.999998 0.001502 -3.856850 0.010519 -0.001487 0.999944 241.294912
0.999971 0.000897 -0.007524 -1.074146 -0.000889 0.999999 0.001057 -3.867879 0.007525 -0.001050 0.999971 241.994506
0.999989 0.000777 -0.004519 -1.078391 -0.000774 0.999999 0.000752 -3.880975 0.004519 -0.000749 0.999990 242.497929
0.999997 0.001815 -0.001663 -1.087730 -0.001816 0.999998 -0.000108 -3.894891 0.001663 0.000111 0.999999 243.377642
0.999997 0.001969 0.001332 -1.089760 -0.001968 0.999998 -0.000716 -3.907951 -0.001333 0.000713 0.999999 244.081663
0.999990 0.001964 0.004119 -1.089634 -0.001965 0.999998 0.000225 -3.920254 -0.004119 -0.000233 0.999991 244.788627
0.999973 0.003644 0.006447 -1.085601 -0.003648 0.999993 0.000676 -3.930990 -0.006444 -0.000699 0.999979 245.380340
0.999960 0.002076 0.008732 -1.077905 -0.002081 0.999998 0.000601 -3.943855 -0.008731 -0.000619 0.999962 246.112187
0.999938 0.001962 0.010948 -1.071239 -0.001951 0.999998 -0.001019 -3.956612 -0.010950 0.000997 0.999940 246.834100
0.999917 0.002537 0.012647 -1.067439 -0.002494 0.999991 -0.003397 -3.968378 -0.012656 0.003365 0.999914 247.560866
0.999905 0.001594 0.013656 -1.060434 -0.001525 0.999986 -0.004998 -3.981910 -0.013664 0.004977 0.999894 248.289156
0.999901 0.001609 0.013945 -1.056528 -0.001532 0.999984 -0.005506 -3.991460 -0.013954 0.005484 0.999888 248.859828
0.999901 0.000790 0.014055 -1.044889 -0.000708 0.999983 -0.005817 -4.010934 -0.014059 0.005807 0.999884 249.715467
0.999897 0.001651 0.014230 -1.043033 -0.001563 0.999979 -0.006218 -4.026402 -0.014240 0.006195 0.999879 250.400778
0.999894 0.002289 0.014384 -1.018319 -0.002195 0.999976 -0.006505 -4.049568 -0.014399 0.006473 0.999875 251.076727
0.999889 0.001957 0.014762 -1.024198 -0.001830 0.999961 -0.008606 -4.061798 -0.014779 0.008578 0.999854 251.895497
0.999886 -0.002119 0.014966 -1.009161 0.002279 0.999940 -0.010719 -4.081474 -0.014943 0.010752 0.999831 252.660350
0.999865 -0.005239 0.015558 -0.994451 0.005419 0.999919 -0.011529 -4.098962 -0.015497 0.011612 0.999812 253.436569
0.999867 -0.002802 0.016085 -0.987632 0.002926 0.999966 -0.007660 -4.113947 -0.016063 0.007706 0.999841 254.215245
0.999859 0.000862 0.016795 -0.992744 -0.000835 0.999998 -0.001635 -4.124133 -0.016796 0.001620 0.999858 255.001951
0.999847 0.000076 0.017480 -0.974462 -0.000108 0.999998 0.001840 -4.143304 -0.017480 -0.001842 0.999846 255.737647
0.999805 -0.000640 0.019728 -0.958936 0.000647 1.000000 -0.000375 -4.153070 -0.019728 0.000388 0.999805 256.537574
0.999714 0.000567 0.023921 -0.946307 -0.000408 0.999978 -0.006632 -4.164106 -0.023925 0.006621 0.999692 257.353005
0.999612 0.002556 0.027732 -0.942076 -0.002277 0.999947 -0.010089 -4.175773 -0.027757 0.010022 0.999564 258.304033
0.999517 0.004022 0.030812 -0.911833 -0.003711 0.999942 -0.010135 -4.192616 -0.030851 0.010016 0.999474 259.044102
0.999416 0.002267 0.034091 -0.890403 -0.002005 0.999968 -0.007744 -4.211851 -0.034107 0.007671 0.999389 259.855141
0.999312 -0.000777 0.037068 -0.858355 0.000949 0.999989 -0.004643 -4.229655 -0.037064 0.004675 0.999302 260.696764
0.999199 -0.003284 0.039883 -0.824110 0.003410 0.999989 -0.003078 -4.247132 -0.039872 0.003212 0.999200 261.546861
0.999073 -0.002865 0.042962 -0.793561 0.002979 0.999992 -0.002593 -4.264620 -0.042954 0.002719 0.999073 262.396574
0.998975 -0.000894 0.045267 -0.757161 0.001095 0.999990 -0.004413 -4.287222 -0.045262 0.004458 0.998965 263.256053
0.998861 0.000030 0.047712 -0.724224 0.000301 0.999976 -0.006926 -4.299608 -0.047711 0.006932 0.998837 264.136161
0.998741 0.000235 0.050169 -0.681533 0.000113 0.999976 -0.006941 -4.320155 -0.050169 0.006938 0.998717 264.990247
0.998593 0.001039 0.053009 -0.641311 -0.000781 0.999988 -0.004902 -4.340034 -0.053014 0.004854 0.998582 265.842154
0.998421 0.002276 0.056120 -0.603375 -0.002109 0.999993 -0.003037 -4.363004 -0.056126 0.002914 0.998419 266.635709
0.998264 0.003011 0.058825 -0.554852 -0.002831 0.999991 -0.003146 -4.382921 -0.058834 0.002974 0.998263 267.545130
0.998116 0.003185 0.061268 -0.505256 -0.002968 0.999989 -0.003641 -4.399308 -0.061279 0.003453 0.998115 268.396888
0.997958 0.001507 0.063853 -0.451524 -0.001249 0.999991 -0.004083 -4.417050 -0.063858 0.003995 0.997951 269.250476
0.997829 -0.002604 0.065806 -0.407590 0.002830 0.999990 -0.003337 -4.435754 -0.065797 0.003516 0.997827 270.230055
0.997787 -0.002891 0.066431 -0.339936 0.003125 0.999989 -0.003422 -4.452002 -0.066420 0.003622 0.997785 270.931596
0.997749 -0.003862 0.066953 -0.284969 0.004097 0.999986 -0.003374 -4.469483 -0.066939 0.003641 0.997750 271.795487
0.997724 -0.003759 0.067323 -0.232225 0.003993 0.999986 -0.003345 -4.486687 -0.067310 0.003606 0.997726 272.658739
0.997737 -0.003589 0.067136 -0.184909 0.003771 0.999990 -0.002583 -4.508299 -0.067126 0.002830 0.997740 273.537409
0.997773 -0.003291 0.066618 -0.126698 0.003451 0.999991 -0.002283 -4.521994 -0.066610 0.002507 0.997776 274.353389
0.997855 -0.003567 0.065367 -0.073659 0.003779 0.999988 -0.003117 -4.540129 -0.065355 0.003357 0.997856 275.221084
0.997957 -0.003115 0.063821 -0.025163 0.003385 0.999986 -0.004126 -4.557196 -0.063807 0.004334 0.997953 276.087787
0.998065 -0.002465 0.062127 0.012941 0.002750 0.999986 -0.004502 -4.583869 -0.062115 0.004664 0.998058 277.075207
0.998163 -0.001481 0.060574 0.075638 0.001787 0.999986 -0.005001 -4.600282 -0.060565 0.005100 0.998151 277.829559
0.998265 -0.000346 0.058878 0.116544 0.000658 0.999986 -0.005286 -4.618242 -0.058876 0.005315 0.998251 278.670894
0.998386 0.000459 0.056795 0.155917 -0.000187 0.999989 -0.004782 -4.638115 -0.056796 0.004764 0.998374 279.528709
0.998546 -0.000259 0.053909 0.182208 0.000417 0.999996 -0.002908 -4.665759 -0.053908 0.002926 0.998542 280.531270
0.998768 -0.001095 0.049614 0.229876 0.001133 0.999999 -0.000728 -4.678959 -0.049613 0.000783 0.998768 281.292267
0.998997 -0.002498 0.044706 0.261657 0.002456 0.999996 0.001009 -4.697545 -0.044708 -0.000898 0.999000 282.124990
0.999197 -0.002877 0.039968 0.288815 0.002787 0.999993 0.002316 -4.714736 -0.039974 -0.002203 0.999198 282.964222
0.999374 -0.003239 0.035231 0.311292 0.003136 0.999991 0.002973 -4.729804 -0.035241 -0.002861 0.999375 283.791992
0.999522 -0.003914 0.030658 0.329054 0.003811 0.999987 0.003398 -4.745052 -0.030671 -0.003280 0.999524 284.611763
0.999634 -0.003345 0.026847 0.322257 0.003254 0.999989 0.003406 -4.756163 -0.026858 -0.003318 0.999634 285.367389
0.999746 -0.005507 0.021864 0.355276 0.005433 0.999979 0.003456 -4.776308 -0.021882 -0.003336 0.999755 286.282444
0.999831 -0.005151 0.017626 0.375633 0.005093 0.999982 0.003324 -4.788020 -0.017643 -0.003234 0.999839 287.037767
0.999892 -0.004885 0.013837 0.379504 0.004840 0.999983 0.003258 -4.802749 -0.013853 -0.003191 0.999899 287.790950
0.999935 -0.005313 0.010040 0.378959 0.005279 0.999980 0.003375 -4.820034 -0.010058 -0.003322 0.999944 288.535509
0.999965 -0.005964 0.005887 0.382543 0.005948 0.999979 0.002691 -4.836856 -0.005903 -0.002656 0.999979 289.233585
0.999988 -0.004289 0.002299 0.332512 0.004287 0.999990 0.000967 -4.844235 -0.002303 -0.000957 0.999997 289.694313
0.999981 -0.003227 -0.005208 0.354322 0.003223 0.999995 -0.000708 -4.869660 0.005210 0.000691 0.999986 290.611023
0.999903 -0.002715 -0.013636 0.341918 0.002682 0.999993 -0.002454 -4.882821 0.013643 0.002417 0.999904 291.235848
0.999706 -0.002752 -0.024087 0.314769 0.002668 0.999990 -0.003529 -4.899837 0.024096 0.003464 0.999704 291.874287
0.999293 -0.002427 -0.037531 0.286198 0.002289 0.999990 -0.003738 -4.917577 0.037540 0.003650 0.999288 292.484663
0.998525 -0.001173 -0.054273 0.243428 0.001010 0.999995 -0.003032 -4.936182 0.054277 0.002972 0.998522 293.081137
0.997254 0.001441 -0.074045 0.184748 -0.001613 0.999996 -0.002262 -4.950735 0.074041 0.002375 0.997252 293.659818
0.995475 0.002975 -0.094981 0.068129 -0.003210 0.999992 -0.002320 -4.957677 0.094973 0.002614 0.995476 293.973018
0.992572 0.004506 -0.121578 0.017486 -0.004832 0.999985 -0.002388 -4.982531 0.121565 0.002958 0.992579 294.784323
0.988772 0.005905 -0.149318 -0.084066 -0.006253 0.999979 -0.001863 -4.998173 0.149304 0.002776 0.988787 295.324109
0.983636 0.007037 -0.180028 -0.194825 -0.007241 0.999974 -0.000476 -5.012352 0.180020 0.001771 0.983661 295.842646
0.976878 0.006679 -0.213692 -0.327451 -0.006545 0.999978 0.001336 -5.024137 0.213696 0.000094 0.976900 296.360223
0.968313 0.006857 -0.249645 -0.476074 -0.006264 0.999975 0.003169 -5.034680 0.249661 -0.001505 0.968332 296.868038
0.957839 0.008507 -0.287179 -0.639803 -0.007095 0.999957 0.005959 -5.048196 0.287217 -0.003670 0.957858 297.350859
0.945417 0.008317 -0.325758 -0.839960 -0.005826 0.999946 0.008620 -5.045764 0.325812 -0.006251 0.945414 297.531234
0.930509 0.009852 -0.366138 -1.011744 -0.006475 0.999924 0.010452 -5.068578 0.366213 -0.007355 0.930502 298.265463
0.913563 0.009888 -0.406576 -1.242283 -0.005544 0.999914 0.011862 -5.061043 0.406659 -0.008583 0.913540 298.756590
0.893736 0.009574 -0.448490 -1.480423 -0.004039 0.999903 0.013296 -5.067295 0.448574 -0.010072 0.893689 299.194035
0.870853 0.008678 -0.491467 -1.736667 -0.002056 0.999900 0.014013 -5.069498 0.491539 -0.011193 0.870784 299.620447
0.845082 0.008229 -0.534574 -2.017218 -0.000063 0.999883 0.015292 -5.071308 0.534637 -0.012890 0.844983 300.035296
0.814808 0.005713 -0.579703 -2.279459 0.006371 0.999803 0.018808 -5.074147 0.579696 -0.019018 0.814611 300.063106
0.785533 0.010838 -0.618724 -2.683035 0.000112 0.999844 0.017656 -5.065719 0.618819 -0.013939 0.785410 300.771977
0.750374 0.009851 -0.660940 -3.025388 0.002376 0.999842 0.017599 -5.065035 0.661009 -0.014776 0.750232 301.134509
0.711455 0.008762 -0.702677 -3.394806 0.006679 0.999793 0.019229 -5.058062 0.702700 -0.018373 0.711249 301.482943
0.668100 0.007950 -0.744029 -3.782788 0.012708 0.999675 0.022093 -5.044993 0.743963 -0.024216 0.667782 301.811006
0.621863 0.007389 -0.783091 -4.078890 0.018265 0.999547 0.023935 -5.063396 0.782913 -0.029187 0.621446 301.526040
0.570495 0.013381 -0.821192 -4.577446 0.015911 0.999500 0.027340 -5.031070 0.821147 -0.028663 0.569996 302.201406
0.517577 0.020663 -0.855387 -5.005052 0.010555 0.999478 0.030531 -5.036949 0.855572 -0.024831 0.517088 302.395031
0.462391 0.024654 -0.886334 -5.461416 0.007926 0.999459 0.031935 -5.025826 0.886641 -0.021791 0.461945 302.597793
0.404922 0.026951 -0.913954 -5.892558 0.007359 0.999437 0.032732 -5.013942 0.914321 -0.019980 0.404496 302.755588
0.348221 0.028000 -0.936994 -6.204307 0.008536 0.999418 0.033038 -5.019346 0.937374 -0.019503 0.347779 302.406513
0.285794 0.033321 -0.957712 -6.714552 0.010981 0.999216 0.038042 -5.021192 0.958228 -0.021388 0.285204 302.908462
0.226088 0.036391 -0.973427 -7.137515 0.013742 0.999083 0.040542 -5.001026 0.974010 -0.022543 0.225381 302.936630
0.162276 0.039366 -0.985960 -7.634566 0.016039 0.998967 0.042525 -4.972399 0.986615 -0.022715 0.161477 303.045806
0.101336 0.043347 -0.993907 -8.211291 0.015938 0.998851 0.045188 -4.945096 0.994725 -0.020420 0.100529 303.008546
0.036344 0.046136 -0.998274 -8.485296 0.016092 0.998777 0.046745 -4.912206 0.999210 -0.017763 0.035558 302.640569
-0.028766 0.055513 -0.998044 -9.056522 0.020052 0.998288 0.054948 -4.912083 0.999385 -0.018432 -0.029830 302.610422
-0.097446 0.061423 -0.993344 -9.606484 0.022658 0.997972 0.059486 -4.869054 0.994983 -0.016711 -0.098640 302.575924
-0.164561 0.068400 -0.983992 -10.111899 0.023387 0.997583 0.065433 -4.847051 0.986090 -0.012245 -0.165763 302.449563
-0.239387 0.073702 -0.968123 -10.313758 0.025495 0.997248 0.069615 -4.840762 0.970589 -0.008018 -0.240607 302.389694
-0.306600 0.087797 -0.947780 -10.710733 0.032524 0.996122 0.081754 -4.991101 0.951283 -0.005760 -0.308267 302.159366
-0.362483 0.085781 -0.928034 -11.299996 0.038166 0.996286 0.077183 -4.892466 0.931209 -0.007442 -0.364410 301.836867
-0.423784 0.088024 -0.901476 -11.775995 0.042770 0.996101 0.077157 -4.881495 0.904753 -0.005858 -0.425897 301.612977
-0.484882 0.080563 -0.870861 -12.150421 0.040537 0.996748 0.069638 -4.708775 0.873639 -0.001536 -0.486571 301.503462
-0.533548 0.091376 -0.840819 -12.645348 0.051714 0.995811 0.075405 -4.858823 0.844187 -0.003250 -0.536039 301.081391
-0.579574 0.093297 -0.809561 -13.108426 0.054987 0.995638 0.075376 -4.844716 0.813062 -0.000829 -0.582176 300.707706
-0.620365 0.095122 -0.778524 -13.578379 0.057018 0.995461 0.076193 -4.825021 0.782238 0.002878 -0.622973 300.307680
-0.661230 0.086159 -0.745219 -13.895206 0.052009 0.996258 0.069035 -4.584734 0.748378 0.006889 -0.663236 300.118061
-0.693652 0.101009 -0.713193 -14.407975 0.068504 0.994882 0.074277 -4.730011 0.717045 0.002666 -0.697021 299.451695
-0.728511 0.107164 -0.676601 -14.868914 0.075537 0.994232 0.076141 -4.701115 0.680857 0.004361 -0.732403 298.940675
-0.760144 0.109358 -0.640485 -15.307263 0.079597 0.993983 0.075246 -4.663883 0.644860 0.006217 -0.764275 298.368976
-0.794465 0.096959 -0.599520 -15.629890 0.070776 0.995228 0.067167 -4.425025 0.603172 0.010931 -0.797536 298.113100
-0.820683 0.095497 -0.563347 -16.139749 0.076404 0.995421 0.057435 -4.554909 0.566253 0.004094 -0.824222 297.182533
-0.844729 0.090563 -0.527476 -16.493511 0.075597 0.995888 0.049920 -4.498820 0.529828 0.002293 -0.848102 296.558205
-0.866664 0.086386 -0.491356 -16.739207 0.071301 0.996232 0.049385 -4.306024 0.493771 0.007766 -0.869557 296.224431
-0.885457 0.085457 -0.456797 -17.268000 0.072422 0.996313 0.046006 -4.346063 0.459044 0.007654 -0.888381 295.175970
-0.903944 0.079744 -0.420150 -17.560541 0.067930 0.996762 0.043035 -4.289703 0.422221 0.010360 -0.906434 294.439850
-0.920509 0.079601 -0.382526 -17.872193 0.069214 0.996765 0.040863 -4.262449 0.384542 0.011138 -0.923040 293.624968
-0.937039 0.083498 -0.339095 -18.022672 0.073434 0.996397 0.042428 -4.185888 0.341416 0.014855 -0.939795 293.130155
-0.947845 0.086746 -0.306701 -18.347441 0.077760 0.996111 0.041421 -4.170779 0.309101 0.015411 -0.950904 292.007587
-0.959279 0.086476 -0.268898 -18.590711 0.077966 0.996063 0.042186 -4.130245 0.271488 0.019503 -0.962244 291.088993
-0.968688 0.089376 -0.231638 -18.799500 0.081789 0.995757 0.042175 -4.098945 0.234425 0.021909 -0.971887 290.141474
-0.978019 0.089980 -0.188102 -18.909379 0.083774 0.995653 0.040705 -4.070705 0.190947 0.024052 -0.981306 289.468172
-0.983835 0.085348 -0.157430 -19.113435 0.080545 0.996077 0.036650 -4.010967 0.159940 0.023377 -0.986850 288.202057
-0.988678 0.084517 -0.123984 -19.229384 0.081129 0.996186 0.032129 -3.989828 0.126226 0.021706 -0.991764 287.200142
-0.992218 0.083582 -0.092290 -19.320140 0.081043 0.996231 0.030928 -3.961753 0.094527 0.023207 -0.995252 286.123866
-0.994749 0.084394 -0.057899 -19.303819 0.082797 0.996131 0.029458 -3.962893 0.060161 0.024509 -0.997888 285.392018
-0.996196 0.081873 -0.029841 -19.391343 0.081047 0.996320 0.027904 -3.907304 0.032015 0.025379 -0.999165 283.980985
-0.996620 0.082058 -0.003978 -19.380701 0.081926 0.996289 0.026393 -3.896486 0.006129 0.025977 -0.999644 282.883748
-0.996634 0.079245 0.020980 -19.350342 0.079794 0.996451 0.026793 -3.875070 -0.018783 0.028377 -0.999421 281.703448
-0.995860 0.078398 0.046008 -19.223862 0.079677 0.996464 0.026661 -3.885665 -0.043755 0.030217 -0.998585 280.876628
-0.994942 0.075622 0.066122 -19.190291 0.077435 0.996676 0.025308 -3.845616 -0.063988 0.030301 -0.997491 279.360714
-0.994071 0.071391 0.082009 -19.069573 0.073459 0.997045 0.022482 -3.836456 -0.080162 0.028373 -0.996378 278.199575
-0.993319 0.066294 0.094458 -18.919019 0.068558 0.997428 0.020927 -3.836979 -0.092828 0.027263 -0.995309 277.200964
-0.992775 0.061907 0.102789 -18.760525 0.064594 0.997646 0.023015 -3.817838 -0.101122 0.029489 -0.994437 275.789045
-0.992625 0.058889 0.105960 -18.614217 0.061755 0.997804 0.023966 -3.802373 -0.104316 0.030333 -0.994082 274.574653
-0.992684 0.057016 0.106428 -18.475129 0.059740 0.997959 0.022581 -3.781895 -0.104923 0.028773 -0.994064 273.269519
-0.993054 0.054153 0.104461 -18.333478 0.056688 0.998162 0.021445 -3.778636 -0.103108 0.027217 -0.994298 272.157387
-0.993277 0.053784 0.102508 -18.180702 0.056384 0.998153 0.022633 -3.749221 -0.101102 0.028261 -0.994475 270.661709
-0.993607 0.052725 0.099829 -18.039783 0.055338 0.998189 0.023588 -3.737295 -0.098405 0.028961 -0.994725 269.386393
-0.994072 0.051779 0.095605 -17.922929 0.054307 0.998235 0.024030 -3.726629 -0.094192 0.029080 -0.995129 268.107404
