0.999999665383649 0.000596298387252052 0.000560054303593032 -0.0042977822222827 -0.00059613431821072 0.999999779365938 -0.000293073283848432 6.40138874922896e-05 -0.000560228939152482 0.000292739318190886 0.999999800223594 0.00217136068132238
0.999977480912455 0.000506709308291854 -0.00669185427646284 -0.00876149631251542 -0.000504421801325422 0.999999813777032 0.000343517899412299 -0.00188589706583998 0.00669202709400307 -0.000340134646514309 0.999977550288903 0.0950547262468263
0.999899901341725 0.000375775855533318 -0.0141437650332005 -0.0183861576325482 -0.000367980891994645 0.999999778990941 0.00055372207216257 -0.00310147178320094 0.0141439699826857 -0.00054846201005301 0.999899818633123 0.186287469848968
0.999777553512816 0.00143342171160999 -0.0210425472347205 -0.0303486272023485 -0.00144242219003844 0.999998874607239 -0.000412556034439088 -0.0022065771503275 0.0210419321868131 0.000442816499864753 0.999778495969679 0.28996663102058
0.999535032148023 0.00177583229114744 -0.0304395454717201 -0.0399254633402644 -0.00182846732035934 0.999996880937213 -0.00170141796861189 -0.00388104975896594 0.0304364290958972 0.00175628457809534 0.99953516158681 0.395061541781421
0.999122180887692 0.00191818795212152 -0.0418472007809576 -0.0577387829046823 -0.00205622819146691 0.999992585557948 -0.00325588002758515 -0.00383524582705895 0.0418406451174699 0.00333906934784933 0.999118717186323 0.510533137184682
0.99845445923017 0.00190940185583662 -0.0555431996552434 -0.0771653215163903 -0.00214880202902818 0.999988656783401 -0.0042507592697884 -0.00347124320029034 0.0555344532090607 0.00436354088815211 0.998447236471556 0.64007291529491
0.997419011615657 0.00198725655160323 -0.0717730177646377 -0.10488166496359 -0.00229099255092698 0.999988765099093 -0.00414982273377923 -0.00511562429793079 0.0717639646394796 0.0043035435385626 0.997412358501856 0.777755155197276
0.995909448213209 0.000371748878983724 -0.0903561440214915 -0.136074326135219 -0.000755269602155708 0.999990851047773 -0.0042103905493535 -0.00604665375162992 0.0903537521494797 0.00426141097771619 0.995900617455873 0.930087224374364
0.993907320861363 -0.000828582288362447 -0.110215928928534 -0.173955642619893 0.000359514610186193 0.99999079451884 -0.00427570191009951 -0.00918661976877207 0.11021845710875 0.00421002719354377 0.993898469353684 1.09054568053175
0.991193515690746 -0.00097061689652432 -0.13241779470849 -0.218978725888069 0.000361577507318253 0.999989246912509 -0.00462334522388163 -0.0131778122975675 0.132420858305351 0.00453475051057597 0.991183208253389 1.25940536649239
0.987656138853321 0.0025507270402616 -0.156616873857563 -0.276043948943828 -0.00350976799802268 0.999976745395975 -0.00584723831173253 -0.0199659699889355 0.156598317085305 0.00632474970573659 0.987642123761036 1.43450945526313
0.983327209277236 0.0067125801283073 -0.181721052063496 -0.346494465105782 -0.00819102774677345 0.999939171243331 -0.00738653353423282 -0.0259014021898817 0.18166041549962 0.00875186158607484 0.98332237763578 1.61248950785315
0.977919548129371 0.00961492279584123 -0.208760414461355 -0.415776570753029 -0.0116137374737041 0.999897685571086 -0.00835101739173005 -0.0304442239433849 0.208658760871282 0.010591111802597 0.977931158038461 1.80189285337725
0.971099451608158 0.0094381191820097 -0.238488525914017 -0.470578651277011 -0.0117469011078418 0.999896873981097 -0.00826145974954878 -0.0402766783536851 0.238385958900052 0.0108242001615366 0.97111017464043 1.91382867723185
0.96296310322427 0.012016241115031 -0.269365312871107 -0.586053412404613 -0.0146598154601531 0.999862079821484 -0.00780455929119122 -0.0390609356088994 0.269234380492831 0.0114643484124001 0.96300644705844 2.18186570041444
0.953410456441419 0.0138373418211634 -0.301358639364278 -0.675703962146267 -0.0166371753361813 0.99983896958042 -0.00672601703815884 -0.0441106409110589 0.301217041259286 0.0114264114965603 0.953487142637651 2.4014985091545
0.942063226777752 0.015748931427557 -0.335065438253456 -0.781602826315413 -0.0187538467644716 0.999807686324214 -0.00573442225132074 -0.0436061662745596 0.334910689564584 0.0116859542148612 0.942177408182484 2.60925926620224
0.929507335566319 0.0182163277374241 -0.368353469553587 -0.898523979122126 -0.0216792383666536 0.999751116570822 -0.0052645549893577 -0.0448788518819693 0.368165891619858 0.0128790651507363 0.929670912704382 2.81661989594228
0.915587720096843 0.0210473195600564 -0.401567101674431 -1.0292449614708 -0.0250050132498238 0.99967666710352 -0.00461633633683612 -0.0413631749423154 0.401340100314237 0.0142678515599065 0.915817968971794 3.02751697701922
0.899340456665853 0.0212551190419981 -0.436732140926868 -1.15529248481284 -0.0256157995620218 0.999663465442464 -0.00409715417843112 -0.0412169471589207 0.436498079969263 0.0148719794941359 0.899582264392242 3.23072323222901
0.881727424327255 0.0170373871875146 -0.471451457338979 -1.25729423143469 -0.0216006969417509 0.999757562979827 -0.00426909314343924 -0.0560979269300032 0.471264425859681 0.0139478565543039 0.881881680395214 3.2260180244021
0.861019588176306 0.0129057160122415 -0.508408016528965 -1.40726083403414 -0.0170344773085306 0.999848887721855 -0.00346818456745439 -0.0501236344841696 0.508286430430254 0.0116466396690267 0.86110931967137 3.56700261073016
0.835963412363234 0.0142248025302689 -0.548600791270841 -1.57176156472618 -0.017212483606059 0.999851808271673 -0.000303156687005938 -0.0549301174499545 0.548515180827412 0.00969621002457057 0.836084373680689 3.75906184561256
0.807088779216437 0.0204468065009604 -0.590075953218595 -1.75413481998224 -0.0227165457750655 0.999735568477332 0.0035709479630178 -0.0596932133916893 0.589992933017821 0.0105224153699382 0.807339840317454 3.89791931119721
0.774377803700151 0.0239926409368486 -0.632268432168969 -1.95601154178481 -0.0263034368327209 0.999637652654048 0.00571774493057171 -0.0627474739099426 0.632176515181732 0.0122031380054262 0.774728298873549 4.07802269132626
0.73826080716781 0.0237340463000729 -0.674097675152615 -2.17872409399172 -0.0259285558700622 0.999640674298408 0.00679943223490424 -0.0648486426808137 0.674016832572027 0.0124586249020504 0.73861092063083 4.26391596140546
0.697543113452856 0.0191998431878748 -0.716285537265731 -2.37788580068322 -0.0202977888341487 0.999769249631931 0.00703187449049812 -0.0800011811093009 0.716255265001899 0.00963397695486275 0.697771869485359 4.29788810336424
0.654811043939159 0.0163164796774167 -0.755616482897406 -2.62081657220505 -0.0147862172783859 0.999852156917833 0.00877679242963319 -0.0741706278669162 0.755647976582949 0.00542556888196539 0.654955493669915 4.54476135698667
0.610005000060145 0.0147489705798658 -0.792260290414997 -2.89407687970199 -0.0110316498112076 0.999887934269096 0.0101203559978358 -0.0723598812765952 0.792320770019356 0.00256647032211539 0.610099344882472 4.70374028960007
0.562153165186366 0.0176673501552637 -0.82684441318149 -3.19292885278822 -0.0102384475893222 0.999843852124336 0.0144029705314368 -0.0735553427339056 0.826969765506522 0.000368927716549443 0.562246272402431 4.8641291085683
0.509253202289602 0.0153788064704793 -0.860479324719269 -3.54462723570764 -0.00924327268742066 0.999880395859399 0.0123998341149265 -0.052697984451709 0.860567102478251 0.00163898980938161 0.509334443999807 4.91344718846056
0.459732439193551 0.018787653836111 -0.887858720977883 -3.86044569680102 -0.00852101796421841 0.999823487657649 0.0167447239734815 -0.0545851213027912 0.888016597032961 -0.000132632684810845 0.459811380679698 5.09575056850176
0.406103306690896 0.021354736991168 -0.913577626424136 -4.23069838819082 -0.00999801796621252 0.999770912447751 0.0189251753000801 -0.0365431250860892 0.913772479302954 0.0014483892534509 0.406223778522508 5.20244396677998
0.346312397882092 0.021693434434011 -0.937868390540812 -4.55195274193815 -0.00554514471146723 0.999762466787549 0.0210775087001391 -0.0465015129748892 0.938102859202169 -0.00209878663346615 0.346350430418936 5.30295762157051
0.289924178618469 0.0243759692431862 -0.956739140401323 -4.86523691814528 -0.00620680372905548 0.999702455949262 0.0235897256551011 -0.0262959979109497 0.957029490789012 -0.000900939770013965 0.289989210260754 5.31077226372448
0.237134570213044 0.0259750259973489 -0.971129493751638 -5.45286006331267 -0.00269009673986548 0.999656209210572 0.0260811573033059 -0.00659388788456053 0.971473087115338 -0.00357231174264974 0.237122920864703 5.44509331062243
0.186443368633085 0.0264522818121827 -0.982109539246858 -5.88084510867338 -0.000689251355683531 0.999640748826623 0.0267936227098395 -0.00235131282343341 0.982465467701189 -0.00431857294455077 0.186394620905235 5.49533746887662
0.138090914963412 0.0272801768484642 -0.990043782443829 -6.25501507347417 0.000471712567589129 0.999618665441496 0.0276098023936419 -0.0131956064305367 0.990419444827201 -0.00427967896913925 0.138025387723056 5.51109359283032
0.0954516628925863 0.0278481093662193 -0.995044452703379 -6.50935002598541 -0.00318781634138171 0.999612025235167 0.0276701433357604 -0.00254715095854555 0.995428961743636 0.0005308577728545 0.0955034047142369 5.44398298170653
0.0587961839260639 0.0269117092386743 -0.997907194413181 -7.16110432701802 -0.00223500895662351 0.999637601065903 0.0268266895119279 0.00180243469504729 0.998267505977579 0.000653024546721777 0.0588350241628666 5.4875638308641
0.0250229747503287 0.0248078388862436 -0.999379018122974 -7.62001861880093 -0.00169601324665472 0.999691660148426 0.0247731340114945 0.00513373067589883 0.999685437662124 0.0010750625463092 0.0250573335933802 5.4511194430548
-0.00641875971261063 0.0220715013763756 -0.999735789271718 -8.12962282762396 -0.000667085429295418 0.999756067735979 0.0220762320635042 0.00781232402734805 0.999979177043593 0.000808611207143778 -0.00640247039305097 5.42434001205818
-0.0330664899604343 0.0203003604772265 -0.999246967774329 -8.65608793932478 -0.00058450156364551 0.999793137104148 0.0203307982472112 0.00889027002985753 0.999452983186112 0.00125632955126115 -0.0330477841381238 5.39001474625514
-0.0555854538994409 0.0170100836545301 -0.998309027490416 -8.92998292013781 -0.00400292899924347 0.999843037642841 0.0172591030057773 0.0300686517318826 0.998445909338218 0.00495551523082127 -0.0555086389184329 5.31459843965384
-0.070642945257994 0.016823728662225 -0.997359782846279 -9.73983560341706 -0.00285951544595734 0.999850237320341 0.0170682776480828 0.0258726617511534 0.997497567644498 0.00405771910776735 -0.0705842578692448 5.26495669619285
-0.084298810283036 0.0171441531114093 -0.996293023461952 -10.2262731005309 -0.00027026039162962 0.99985154606896 0.0172282553623864 0.0251324278902833 0.996440483693926 0.00172157997300019 -0.0842816624077334 5.20239331969085
-0.0940754319258488 0.0184174630968345 -0.995394700689652 -10.8258350786631 -0.00110030774279584 0.999826335386781 0.0186034510215438 0.0256444587574772 0.99556446422662 0.00284536818646987 -0.094038829475102 5.14672182881931
-0.100743333733583 0.019762043756549 -0.994716161693781 -11.4341777456584 -0.0032012963063658 0.999791094730095 0.0201870899427672 0.0264850344727958 0.99490729840031 0.0052180959135267 -0.100659023762574 5.07310839891018
-0.105537102310759 0.0201890217644177 -0.994210401995495 -11.7150699132042 -0.00600993872076818 0.999762675914649 0.0209397345865254 0.0565040860718445 0.994397204678503 0.0081850625029615 -0.105390721030846 4.99639235112304
-0.107058467790515 0.0211182740779347 -0.994028421612942 -12.6351820336091 -0.00133048494414249 0.999770460244129 0.0213835598780025 0.0386111502834631 0.994251836449982 0.00361183100545142 -0.107005796070248 4.92566831658982
-0.106090489927647 0.0232838695933227 -0.994083834172789 -13.2014290763516 0.000648244009083518 0.999727214525726 0.0233468695190172 0.0436684228533934 0.994356268007909 0.00183247193552009 -0.106076643612008 4.85566069162491
-0.104680361225355 0.0258310269016354 -0.994170397881036 -13.86378089543 0.000217909264655393 0.999663197556483 0.0259507989607282 0.0455242766638124 0.994505894647831 0.00249990006895117 -0.104650733443983 4.78761723164879
-0.102984513370338 0.0257628876988007 -0.994349266416632 -14.5473927233589 -0.0019065434023538 0.999657574184318 0.0260978824462709 0.0524461018997879 0.994681132372646 0.00458344775724746 -0.102900130750777 4.71244091480511
-0.101452532413075 0.0233098425379608 -0.994567260122627 -15.2562306785416 -0.0033320544584929 0.999711893382883 0.0237703100925715 0.0557775192296915 0.994834800899154 0.0057255104284981 -0.101345633602408 4.64280975026488
-0.100394896365277 0.0233280863417688 -0.994674150247927 -15.9780621168847 -0.0033287385910595 0.999711621463399 0.0237822078540476 0.0617615026015886 0.994942100970302 0.00569862252230417 -0.100288291530719 4.57884952400629
-0.0988479611290751 0.0261139024185667 -0.994759842716371 -16.7306824560019 -0.00277853104388083 0.999644468422065 0.0265182299259507 0.0751659324508767 0.995098668648423 0.00538524406512569 -0.0987402592689324 4.51842087619693
-0.0962736996266473 0.0291357295977778 -0.99492838135265 -17.0793166836409 -0.00683231101225102 0.999528599261792 0.0299315683516833 0.12993363704757 0.995331449461148 0.00967928295716121 -0.0960292517673926 4.43146819429978
-0.0951100236210327 0.0320932474760699 -0.994949298644532 -18.1901920066756 -0.00424202635828964 0.999458034194812 0.0326441893117032 0.102246931966964 0.995457728193007 0.00732539076653745 -0.094922336838783 4.3870415444013
-0.0929927652608102 0.0311374864561465 -0.995179784032183 -18.8531784338889 -0.00670383292722104 0.999468643588688 0.0318981050702373 0.124756051131982 0.99564421568813 0.0096378120017609 -0.0927346124518076 4.29438532135537
-0.0914826618668729 0.028204654904216 -0.995407162933583 -19.6169697953668 -0.0086928538491789 0.999538105247424 0.0291206189897533 0.133911610039575 0.995768726597551 0.0113169607282011 -0.0911952275624559 4.21850692754821
-0.0900956189753137 0.0275650458078159 -0.995551579623611 -20.4372309522757 -0.00924961588920151 0.999550630145639 0.0285128459007108 0.149434095220421 0.995890166658632 0.0117773522095785 -0.0898001666344457 4.15059859595854
-0.0886757813356616 0.0301148865171755 -0.995605192540983 -21.2458502904012 -0.00659302340527235 0.999503205951945 0.0308200151551134 0.16120104786608 0.99603872306597 0.00929703726148999 -0.0884331795836326 4.08540461354445
-0.0867770744156922 0.0313144657413621 -0.99573547872474 -21.5839783450359 -0.0078620795995327 0.999453207865717 0.0321165532288085 0.21628537265603 0.996196731102961 0.0106155321233245 -0.08648342857169 3.99715634267061
-0.086082331907134 0.0336154849367441 -0.995720759704194 -22.6769437969369 -0.00423286706260726 0.999409259034659 0.0341059495136096 0.198683344272891 0.996279034693524 0.00715067327334466 -0.0858891896683018 3.95453615410929
-0.085461456478874 0.0289907810330893 -0.995919612253721 -23.5370419367767 -0.00439808146767752 0.999555870376257 0.0294740373170594 0.213907218908769 0.996331770213072 0.00689902974737824 -0.0852959966975684 3.88033528217755
-0.0848046607990818 0.0216509129504649 -0.996162339920138 -24.1975366596284 -0.00320724697581974 0.99975278252896 0.0220019861021447 0.227670088308948 0.996392434271552 0.00506080962043287 -0.0847142557802225 3.7904336934913
-0.0849684025483499 0.0171684440066626 -0.99623572265743 -25.0287548729686 -0.000250018414241181 0.99985114064447 0.0172520735781005 0.238560156604113 0.996383614909024 0.00171495840816702 -0.0849514617795608 3.72208636778342
-0.0853885124098313 0.0181269914213015 -0.996182821639908 -25.8543692851808 0.000812719244047303 0.999835420265044 0.0181237929488489 0.243783021323163 0.99634739997446 0.0007379467693899 -0.0853891913458553 3.64410768238777
-0.0852155466318372 0.025491331243145 -0.996036396244479 -26.5514176401478 -0.001513540119712 0.999668200579808 0.0257137695765312 0.272077089404038 0.996361390163501 0.00369875397683859 -0.085148690010332 3.56149608651207
-0.0858588561744775 0.0330833841703553 -0.995757875443748 -27.4637735646346 -0.00128079928765906 0.999444037610819 0.0333162908705023 0.277192420524828 0.996306487166271 0.00413586460366676 -0.0857687487047878 3.48299356073277
-0.0860175812572181 0.0382401080177529 -0.995559475799135 -28.2364788658206 -0.00456575994429815 0.999237502136987 0.0387758708369789 0.291087528841411 0.996283157315624 0.00788089219730938 -0.085777397881875 3.40024287125623
-0.086405238635733 0.0384860324883503 -0.995516428814516 -29.0889956249474 -0.00601089066558555 0.99921523654185 0.0391507376178513 0.308289620179041 0.996241940459098 0.00936676923603365 -0.0861060956284194 3.3178126875744
-0.0868258687765873 0.0350393706016679 -0.99560710675398 -29.938323421596 -0.00554289151596938 0.999348806400003 0.0356544457330439 0.323060291574853 0.996208083115588 0.00861427041178467 -0.086575108896493 3.24241076350534
-0.0872046295037334 0.032350733238801 -0.995664995192675 -30.7822137802034 -0.00572882866498029 0.999439753505744 0.0329751366108677 0.343213183272571 0.996173947217676 0.00857957873616296 -0.0869704416078596 3.16049054999281
-0.0869393916026391 0.0333221594566616 -0.995656153436972 -31.5491477899291 -0.00839614753227882 0.999380426189553 0.0341799423025123 0.354375237095449 0.996178220447717 0.0113312593444718 -0.0866057484656138 3.08002452587849
-0.0875083015199507 0.0358566503826208 -0.995518255879033 -32.4642731321028 -0.00815565695710179 0.999292698826491 0.0367094992020549 0.374027841154056 0.996130404327009 0.0113314913143015 -0.0871539722554426 3.00196414446332
-0.0871970672015578 0.0342068268012605 -0.995603618149129 -33.2553855474101 -0.00970995074055097 0.999333630214321 0.035185400087022 0.381923346810442 0.996143758866191 0.0127353257852441 -0.0868068151073442 2.91885993216363
-0.0867675749906385 0.0290473409025136 -0.995805021034107 -34.0939672263561 -0.0102579190561236 0.999495795127534 0.0300488039531823 0.395685997098192 0.996175769142616 0.0128221491518361 -0.0864258610847826 2.83857004851362
-0.0862308295842875 0.024758709841953 -0.995967494608216 -34.921299927284 -0.0122157423591911 0.999589733049537 0.0259063934303794 0.404454095032304 0.996200290939437 0.0144004121093016 -0.0858930059042229 2.7681189658414
-0.0859176138504176 0.0258776652485554 -0.995966118937554 -35.741975166889 -0.0105594743698224 0.999582825834812 0.0268825556285884 0.412159861166822 0.996246285378914 0.012826563739942 -0.0856085166986418 2.69195825115977
-0.0852175143256559 0.0283856641481663 -0.995957945559462 -36.5608901204099 -0.010113617591312 0.999517957065869 0.0293524827244421 0.419863882791471 0.996311040785644 0.0125740834154808 -0.0848893540727411 2.61586734445711
-0.0846820689310404 0.0333220116933842 -0.995850686969821 -37.4045107322376 -0.0100895275755677 0.999360739775185 0.0342974230707828 0.429283982188026 0.996356938368404 0.0129520397119671 -0.084291731696764 2.53805432776087
-0.0841590335541498 0.0389305901436679 -0.995691551747979 -38.2525221102057 -0.00868428459380653 0.999169902638426 0.0398006138471884 0.446912274167641 0.996414492203082 0.0119964499992696 -0.0837510890382314 2.46386348394121
-0.0842257264054094 0.042322202764359 -0.99554751677891 -39.0907569961027 -0.00901930141015239 0.999024301336701 0.0432330607381664 0.458930078341747 0.996405880760223 0.012620479067359 -0.0837618307736667 2.38832670322121
-0.0837448822664104 0.0418419761313262 -0.995608378694962 -39.9158228728627 -0.00972641723750518 0.99903613568077 0.0428041634862265 0.477251486311232 0.996439758089724 0.0132683321280095 -0.0832571910445807 2.31904930664668
-0.0836171231941796 0.0376465323891728 -0.995786581204929 -40.7670378207275 -0.00859009584701537 0.99922176505367 0.0384977206645645 0.497349344223124 0.996460930976257 0.0117729708272261 -0.0832286621052676 2.23622932815267
-0.0833962732832263 0.033341119861197 -0.995958549001348 -41.5872480378683 -0.00968557721361972 0.999365807418111 0.0342662013883429 0.51166894850278 0.996469393005379 0.0125041069232775 -0.0830204559945487 2.16394853205414
-0.0832685693396982 0.0305820066053221 -0.996057772537372 -42.4167482899338 -0.0137428800039964 0.999398701180689 0.0318334623870508 0.524530590438307 0.996432375331771 0.0163394293151279 -0.0827982152002102 2.08289355637043
-0.0837390418714932 0.0288101100627703 -0.996071157309866 -43.2460424414044 -0.0169909348328376 0.999395375011556 0.0303346755218911 0.536905996090818 0.996342853138392 0.0194643767864069 -0.083198900451666 2.00265873632796
-0.0843798574123591 0.0269231837886486 -0.996069867949911 -44.0788478150646 -0.0146586311293239 0.999493191032342 0.0282574877404431 0.54576354395821 0.996325832344261 0.0169853835596822 -0.083942435923948 1.92633964006123
-0.0855138403328597 0.0233802736021104 -0.99606262148412 -44.8977672945341 -0.0110786684840368 0.999640511527826 0.024415380746728 0.552071575248988 0.996275386736091 0.0131229005436048 -0.085224076792745 1.85716397747065
-0.0863280796610968 0.0216879033545582 -0.996030670968576 -45.5260319012032 -0.00769167889048522 0.999718717958184 0.022434862154471 0.560871263059865 0.996237070549914 0.00959790665342172 -0.0861369807341725 1.80893007427443
-0.0881549584545114 0.0254478591837706 -0.99578165767544 -46.4804071323438 -0.00666532764524353 0.999636163912631 0.0261364344435317 0.565450816346111 0.996084472676522 0.00894126730404912 -0.0879532661800151 1.71412430950792
-0.0899119436590017 0.0316950287833187 -0.995445260945013 -47.2827044296519 -0.00442073754596159 0.999470943754992 0.0322225025262748 0.572037971453959 0.995939907558187 0.00729779007170361 -0.0897242597799455 1.64451342339291
-0.0917055434768517 0.0354464657105605 -0.995155084076972 -48.1050212170052 -0.00261478515718596 0.999354227909023 0.0358369928836512 0.581402751064902 0.995782735436901 0.00588856765191391 -0.0915536377038717 1.56723407755739
-0.0932201339008756 0.0345825105276757 -0.995044751054497 -48.9149149585356 -0.00255900727765847 0.99938497800115 0.0349730929057445 0.592434453487174 0.995642233996356 0.00580652316314559 -0.0930743045716709 1.48663331718334
-0.0942468823639755 0.0305378680295152 -0.995080380562738 -49.6842727695682 -0.00622195541372275 0.999491841016248 0.031262549684569 0.602097512845842 0.995529413144334 0.00913774360345112 -0.094008984710702 1.40600526528195
-0.0954343717570549 0.0271861421758035 -0.995064417191638 -50.4123856082728 -0.0102162047057804 0.999547594325679 0.0282884400269302 0.609100341501743 0.995383297955489 0.012865471283425 -0.0951134575121184 1.31996214114622
-0.0969208274603486 0.0255493727470605 -0.994964111290771 -51.1777062840571 -0.0146789068384 0.999525045039784 0.0270963841175736 0.620247611503764 0.995183843768794 0.0172311894670474 -0.0964997575702644 1.23295715632143
-0.0978022218982986 0.0267921921247254 -0.994845165758425 -51.9789541520481 -0.0164687246297518 0.999457108089107 0.0285354200815007 0.624706776637652 0.995069598822527 0.0191746585708874 -0.0973078926288331 1.143506923333
-0.0986925683221538 0.0279068803919073 -0.994726587050316 -52.9499113509325 -0.016452085614104 0.999424315183868 0.0296709807421876 0.636008155500779 0.994981962568631 0.0192936322668609 -0.0981766261236754 1.04419620720437
-0.0997029445610522 0.0276401808168548 -0.994633270733625 -53.59112699242 -0.0175944052901989 0.999408839237489 0.0295365698153771 0.645004562556352 0.994861678701286 0.0204448638632297 -0.0991576915487349 0.96829094275376
-0.100366607797478 0.0275655950059344 -0.99456859090321 -54.332556983722 -0.0185814417584889 0.999389857406501 0.0295743628027508 0.649439031654504 0.994776997151323 0.0214487968189743 -0.0997931613569549 0.886237785873335
-0.099832398987411 0.0288797496065077 -0.994585065328796 -55.24085043821 -0.017681360969913 0.999369367473847 0.03079345432351 0.66171245652981 0.994847154886956 0.0206598019735881 -0.0992588081519323 0.793459655606021
-0.10111593785947 0.0322004187333699 -0.994353408071897 -55.9919923634798 -0.0158473480952835 0.999297134295768 0.0339720318293292 0.671673202068308 0.994748424813604 0.0191929784468612 -0.100534575690116 0.714110987477246
-0.101243276138762 0.0363167529193232 -0.994198618231834 -56.7540376994853 -0.0162807991142942 0.999139188977403 0.0381551651782198 0.684814578997441 0.994728472808983 0.0200493019073999 -0.100564859051935 0.628766372420382
-0.101742365840026 0.0384363597195226 -0.994067974157093 -57.5200370655575 -0.0162938604878112 0.999054890337964 0.0402968510209193 0.696415231820445 0.994677335171401 0.0202971018450882 -0.101019931464102 0.543424916103884
-0.102526402942503 0.0384703920763629 -0.993986099315862 -58.2687906729266 -0.0156931456406932 0.999064958384015 0.0402856563685773 0.709096109536044 0.994606485942844 0.0197291120590363 -0.101826815023305 0.463635450767479
-0.102454006592414 0.0361749741544397 -0.994079749204302 -59.3038545293034 -0.0154025263252298 0.999161029127149 0.0379473326648667 0.723410510384219 0.994618489027809 0.0191991957775078 -0.101810864673348 0.349222020663916
-0.102913288624363 0.0329235544665438 -0.994145308587134 -59.8404915372218 -0.0139293427880015 0.999306363567314 0.0345364321169075 0.735749213129898 0.994592795285595 0.0174020485908967 -0.102383300742002 0.290142452639816
-0.102492117530993 0.0300568212497624 -0.994279615269454 -60.5723920484018 -0.0147596389299126 0.999387407453956 0.031732678442247 0.744591160603713 0.994624310432171 0.0179275575252255 -0.101985703794738 0.205110290488103
-0.101183816955007 0.0276999150039242 -0.994482051067384 -61.2771453283243 -0.015220954723849 0.999452213005696 0.0293870116771167 0.75455675729481 0.994751304459417 0.0181104562833691 -0.100706770623916 0.126595173354549
-0.098839026723347 0.0270094883106285 -0.99473681661914 -61.9700778871874 -0.0177208816147048 0.999425285152403 0.0288975734766168 0.758644257012404 0.994945635274199 0.0204838214021913 -0.0983035905223406 0.0518350532359388
-0.0940582972480546 0.027458213490721 -0.995187963769003 -62.5474272817831 -0.0193134145044609 0.999381145742444 0.0293992781322705 0.762103679955798 0.995379339115985 0.0219857236955645 -0.0934697770116459 0.0230076989206793
-0.0888408723731606 0.0294591157963849 -0.995610094310253 -63.3784669346306 -0.0171403106559167 0.999369306537666 0.0310998215596795 0.769521580585631 0.995898342777311 0.0198280015866558 -0.0882799026193681 -0.0841210858745995
-0.0816092722980191 0.0311908832807477 -0.996176217079667 -64.0287190694796 -0.0162348651788314 0.999335967838307 0.0326198181677729 0.770237742004614 0.996532164973923 0.0188348662018123 -0.0810487013316492 -0.136921206994791
-0.0728695779404172 0.03234917100978 -0.99681671120912 -64.6814672506107 -0.0177347223563129 0.999273776239761 0.0337253575588492 0.777335386930404 0.997183786587874 0.0201358201846297 -0.0722429547552028 -0.182827693299511
-0.0612191851183024 0.0341431078518304 -0.997540204482842 -65.2994463872955 -0.0198739687621412 0.999174929152165 0.0354187283708423 0.78194190295139 0.99792646860332 0.0219933885516614 -0.0604901158944435 -0.219627266154098
-0.0463869569108053 0.0357145381926861 -0.998284890194297 -65.9004004058259 -0.0228285793850826 0.9990617537863 0.0368030988464353 0.788779775816584 0.998662658855239 0.0244966096251027 -0.0455281223537856 -0.24662605319573
-0.028022904095518 0.0369822290865164 -0.998922935755229 -66.4758757743134 -0.0244742181128814 0.998990433058238 0.0376713061344793 0.796396153127887 0.999307625055376 0.0255035172065927 -0.0270895019569672 -0.25876877188963
-0.00583199039994198 0.0378539413167449 -0.99926626432336 -67.0332679218592 -0.0255163378421362 0.998952252603562 0.0379909663129963 0.802675941696727 0.999657393505946 0.0257191785455462 -0.00485998599188986 -0.254549634184029
0.0195961813190292 0.0381905636386393 -0.999078310507577 -67.8356940610463 -0.0244464575300408 0.998989740524136 0.0377076788168173 0.812166378854841 0.999509059684775 0.0236849989757944 0.0205100080832012 -0.253518018303268
0.0489620472884381 0.0381293368311648 -0.998072578321908 -68.1815878338631 -0.0228998170284336 0.999051244690398 0.0370433376281252 0.804746695823073 0.99853808956163 0.0210419617759988 0.0497887491229534 -0.211749920787723
0.0830031956470116 0.0377096151131439 -0.995835555922966 -68.7221780353978 -0.0222295832224316 0.999105221214357 0.0359805860425961 0.824305689489683 0.996301317444748 0.0191505057434583 0.0837671951758496 -0.139929907635382
0.120600956212137 0.0379074196212668 -0.991977034461169 -69.2184630254759 -0.0219046824342678 0.999128962001951 0.0355176319080922 0.833415136105072 0.992459366547655 0.017445481551452 0.121326258185381 -0.0603807115041843
0.161300621182526 0.0374452901340248 -0.986194686587243 -69.6941474708106 -0.0219812899461785 0.999168356327391 0.0343426645198295 0.842703087298662 0.986660495053102 0.0161383382291432 0.161989572321087 0.0420903750259845
0.206401125986712 0.038344670942862 -0.977715838780216 -70.1320710126 -0.0212447645695278 0.999171898290828 0.0347012628630129 0.848896983325161 0.978236799128822 0.0136089630826974 0.207044828368184 0.158255114453232
0.254595148322679 0.0376755257807837 -0.966313543943008 -70.0510915550533 -0.0185692238575531 0.999247024028999 0.0340671233672233 0.826342847875323 0.966869429848664 0.00927036818745798 0.255103049565833 0.35793887532018
0.304477736397373 0.0325367439163517 -0.95196358561326 -71.0765697203156 -0.0101311214199361 0.999470513525515 0.0309201062711376 0.845490231584482 0.952465573350085 0.000229974706603478 0.304646153257394 0.468389701967026
0.355829760910344 0.0273557844153669 -0.934150331750467 -71.4609253799741 -0.00486691709525231 0.999612183116815 0.0274189073892934 0.844315309390866 0.934538118199828 -0.00521003104162315 0.355824902456348 0.657526592585023
0.409182166916372 0.0224555429052866 -0.912176355136687 -71.8820667420675 0.000458586346705414 0.999691938573539 0.0248156734674168 0.851293200823501 0.912452598207811 -0.0105724426651399 0.409045815868965 0.862453994977729
0.460911362235945 0.0219445801098493 -0.887174814546495 -72.2658211565364 3.78464845450516e-05 0.999693734557519 0.0247474373235928 0.860250167318769 0.88744617568022 -0.0114399514965733 0.460769370488433 1.08692744724521
0.508510425467695 0.0213183469939518 -0.860791888479503 -71.9533863057868 -0.00012016335343171 0.999695211571807 0.0246874365045863 0.845805044203325 0.861055824410608 -0.0124503832007274 0.508357999058462 1.41333221157976
0.554204683584422 0.0164551153678134 -0.832217758685383 -72.9654242695701 0.00927514297024419 0.999620426250499 0.0259417645053655 0.877190940807003 0.832328745398098 -0.0220959860835008 0.553841698487054 1.62336893290286
0.597952963720242 0.0105668285313604 -0.801461537014078 -73.2879411601839 0.0190791579582068 0.999442138338548 0.0274116370338682 0.87132379771782 0.80130408641775 -0.0316820808669439 0.597417782495763 1.92995005508959
0.641508088587592 0.0050067423321324 -0.767099931435216 -73.6404613394101 0.0216955991173187 0.999460277983827 0.0246668545103086 0.877105965168961 0.766809411298293 -0.0324666792837174 0.641053228274106 2.2523024448053
0.683327301539117 0.000407443601706423 -0.730112068768199 -73.9264091827246 0.0187656894424923 0.999659679928131 0.0181210713186149 0.874321957711224 0.729870980291049 -0.0260836791058666 0.683087105582652 2.5563750099228
0.72195488461785 -0.00547608333274098 -0.6919184613 -73.4485654849847 0.0125161189779944 0.999908429432578 0.00514582504598695 0.853763086518432 0.691826922967121 -0.0123751873120408 0.721957314109939 2.89902231063005
0.760431557868425 -0.00776236866204008 -0.649371689735975 -74.3478867283389 0.00844012100814901 0.999962239838788 -0.00206960236820561 0.857955658748063 0.64936323437285 -0.00390698468761505 0.760468359181026 3.28328978452435
0.798396541920271 -0.00925337720324913 -0.602060907932153 -74.6518238993413 0.00763295096663319 0.999957103955779 -0.00524674260020296 0.862067170277277 0.60208363198919 -0.000406520240824972 0.79843292444137 3.71252103462844
0.832356631097548 -0.0104076135715248 -0.554142689429073 -74.9068579615267 0.00772824205872483 0.999944415892221 -0.00717212664737763 0.859922210931853 0.554186532624731 0.00168721833503555 0.832390797853789 4.16969779523663
0.863901456088466 -0.00917086275257161 -0.503577371855212 -74.4771757147609 0.00428714875162677 0.99993188735147 -0.0108554600689917 0.851690450066409 0.503642625801083 0.00721913665901553 0.863881930325023 4.53608576540877
0.889258863266858 -0.00642620240392051 -0.457359134623984 -75.1270653219692 0.00323748676549871 0.999964685455212 -0.0077554188733875 0.827216783817561 0.457392821085748 0.00541588082608182 0.889248264240138 5.1022010985906
0.910738340809149 -0.000909126165776003 -0.412982866557214 -75.3597324678229 -0.00207717116964697 0.999974844389395 -0.00678203128406305 0.819834980762575 0.412978643443134 0.00703449202293413 0.910713542219423 5.64910970339147
0.928288573965932 0.00330950177030991 -0.371845896363439 -75.557383846962 -0.00692619589772278 0.999940806726042 -0.00839111759294812 0.80594019037672 0.371796115168896 0.0103648561063157 0.928256547783646 6.2076104701139
0.942617438633931 0.00800836877099619 -0.333778714739025 -75.2614928408191 -0.0116819496266549 0.9998912573344 -0.00900030883649357 0.81059633511624 0.333670340959648 0.0123830341944008 0.942608489261588 6.54314321311709
0.952377347682833 0.00875525359254289 -0.304796215782189 -75.7564132869028 -0.0110340874712758 0.999922562633133 -0.00575479372909615 0.780268881988985 0.304722228487337 0.00884388329403292 0.952400204322738 7.38387166018769
0.959770681566993 0.00863426990885096 -0.280652254912678 -75.9061998127313 -0.0103379849473379 0.999936023936052 -0.00459065378644303 0.773090892058048 0.280594662942221 0.00730735370017622 0.959798540168843 7.95667551640728
0.965642694574949 0.00862052851313974 -0.25973038501913 -76.0784807081227 -0.00966974314710646 0.999949431912979 -0.00276218833180787 0.769581333358894 0.259693439427146 0.00517881309428449 0.965677222167653 8.6336013726179
0.970807738321479 0.0112480840503754 -0.239595108089314 -75.879516369603 -0.011846040871283 0.999929275909827 -0.00105569603848114 0.762870231473173 0.239566288385512 0.0038631313264583 0.970872324090838 8.90863795194779
0.974235761858771 0.0154729239456776 -0.22500059764372 -76.2874674209588 -0.0156359697060125 0.999877191697268 0.00105734333909857 0.757787238642938 0.22498932589528 0.00248800083507892 0.974358051788475 9.91219315691627
0.977056719444054 0.0192813849953544 -0.212104679773652 -76.4224229247646 -0.0191932558166937 0.999812730103696 0.00247460173550433 0.740948616930552 0.212112672701037 0.00165315312519117 0.977243818688237 10.6140516483167
0.979788923357482 0.0178679906167991 -0.199234536607748 -76.5576593943114 -0.0178098474861824 0.999839219985818 0.00208410908287568 0.738336009570159 0.199239742517663 0.00150634971649389 0.979949619068259 11.2573340640385
0.982476837644312 0.0178295092203249 -0.185529976266355 -76.6909655990781 -0.0178170158460987 0.999839759468037 0.00173474298884794 0.730334973127908 0.185531176460377 0.00160124572125498 0.982637073681514 11.9830590338366
0.985120144601471 0.0180900635056506 -0.170912405350632 -76.8211028864219 -0.0179664993692477 0.999836013014479 0.00226979728742902 0.726160744619277 0.170925438717565 0.000834674590920647 0.985283612833145 12.7266445390017
0.987597039305196 0.0200123261470972 -0.155729235398472 -76.6696846166259 -0.0199224405897667 0.999799242286003 0.00213810319692937 0.720748505163551 0.155740759971684 0.000990922053299446 0.987797465959964 12.9537403004131
0.989448757139291 0.0195809619378765 -0.143553972167611 -76.9501454678106 -0.0197924005345399 0.999804110247917 -4.48603511926775e-05 0.7040026497271 0.143524973006763 0.00288566473419797 0.989642488509083 14.1249759301375
0.990955306715811 0.0201735952125405 -0.132667276100681 -77.0540144870215 -0.0210419330834811 0.999765348475376 -0.00514636182361724 0.685174114968526 0.13253232490183 0.00789139050547141 0.991147268982771 14.9010046033938
0.992110139814284 0.0176094464110085 -0.124126459205035 -77.107968298054 -0.0192019895705127 0.999747804117449 -0.0116452461920026 0.682919428370332 0.123890088684347 0.0139368418027992 0.992198070128313 15.5850312042199
0.993086788750712 0.0173798667775215 -0.116088630966144 -77.1964559108778 -0.0188841811685938 0.999751202581735 -0.0118709998722433 0.670614634126084 0.115853432018174 0.0139811718811649 0.993167915874471 16.3733116248372
0.993981638776213 0.0208693436683666 -0.107540561048408 -77.1547126859117 -0.0216744536218143 0.999745086011526 -0.00632305748850039 0.655246483697279 0.107381189395306 0.00861588594740343 0.99418059057366 16.7593639440041
0.994342170615972 0.0236948239964409 -0.103548071206062 -77.3120617470602 -0.0235571329342135 0.999719233352484 0.00255263648825613 0.632027554917852 0.103579482633569 -9.88984280435226e-05 0.994621174616981 17.8889546585048
0.994814683849035 0.0245029202537642 -0.0987084175609216 -77.4231604287399 -0.024000852030164 0.999692270785509 0.0062707920981986 0.623358997057806 0.0988316948158321 -0.00386918993464115 0.995096641271128 18.7151029016907
0.995098215612483 0.0235353661154903 -0.0960501318409388 -77.4695834278034 -0.0231344300681516 0.999718389225396 0.00528586700556866 0.607135698417268 0.0961474879041242 -0.00303789176709533 0.995362462514705 19.423575126686
0.995424161769224 0.0233331873910845 -0.0926622929362904 -77.5586297614946 -0.0230326246802489 0.999725415216975 0.00431188700974966 0.599315778423923 0.0927374593482976 -0.00215790069711081 0.99568825798952 20.2466530137701
0.9957207683418 0.0217361962229087 -0.0898203165579741 -77.6343651787399 -0.0212321775586864 0.99975302908495 0.00656319065578633 0.588395093316748 0.0899407923521462 -0.00462802433301696 0.995936361050163 21.0491172993697
0.996025295740936 0.0205541203865335 -0.0866668239831009 -77.6297371169368 -0.019898335152989 0.999766519478359 0.00842394137366808 0.583052505702408 0.0868197356729518 -0.00666593318775121 0.996201736011545 21.4177749998519
0.996326922237281 0.0180241014388151 -0.0837125784605288 -77.7237848693691 -0.0171971265950654 0.999796041040056 0.0105893889108104 0.561998660892091 0.0838863687499953 -0.00911087745249625 0.996433675188663 22.5403732734708
0.996581864290479 0.0165929956914089 -0.0809275000311925 -77.797823835307 -0.0160612695284865 0.999844963295076 0.00721699346002333 0.547909364875119 0.081034704839637 -0.00589252640669466 0.996693862098137 23.2918206108637
0.996634475212059 0.0206749619841017 -0.0793238221831291 -77.8600316352017 -0.0207686003094582 0.999784246145879 -0.000355527358111561 0.53982610513782 0.0792993572481562 0.00200177557991499 0.996848837504743 24.0441902682691
0.99674305802001 0.0212547523242017 -0.077791463494113 -77.9277626793683 -0.0219445310027026 0.999726998458556 -0.00802284937654928 0.525282005930087 0.077599702628235 0.00970381660400783 0.99693737120008 24.8302942592699
0.996845974713039 0.0220076000236614 -0.0762480703992506 -77.9231462237836 -0.0230172764669405 0.999658306648442 -0.0123885000227698 0.515437682750996 0.0759493757871318 0.0141044492968807 0.997011914085071 25.2280311182426
0.996970360891445 0.0234796001672361 -0.074153947163777 -78.0242454688312 -0.0243196466025319 0.999649659326904 -0.0104457358157669 0.489950870281748 0.0738827063196081 0.0122174867952277 0.99719209720259 26.2378556975468
0.997080049962023 0.026701720950876 -0.0715429386172465 -78.0973237239014 -0.0272306076388822 0.999608515275566 -0.00642730084831106 0.467872722163912 0.0713433106559178 0.00835669114177381 0.997416812439922 27.0242849436979
0.997132224489851 0.0296441305844116 -0.0696315474897352 -78.1509036844548 -0.0298140457348729 0.999554479316201 -0.00140198282376728 0.449467552522124 0.0695589646331786 0.00347396039320857 0.997571792924372 27.751108010602
0.99737394749077 0.0274974157926695 -0.0670007536629529 -78.1933783898526 -0.0275511841715885 0.999620386684762 0.000121552248181422 0.447550680716155 0.0669786616574403 0.00172471705820816 0.997752917426778 28.3005293970311
