1.000000 0.000035 0.000058 -0.001723 -0.000035 1.000000 0.000035 -0.000203 -0.000058 -0.000035 1.000000 0.004427
0.999996 0.002886 0.000298 -0.009056 -0.002887 0.999995 0.001632 -0.017717 -0.000293 -0.001633 0.999999 0.782837
0.999958 0.009117 0.000906 -0.019807 -0.009119 0.999956 0.002106 -0.035945 -0.000886 -0.002114 0.999997 1.562202
0.999978 0.006519 0.001001 -0.015597 -0.006521 0.999977 0.001638 -0.047889 -0.000990 -0.001644 0.999998 2.294900
0.999963 0.008492 0.001295 -0.025137 -0.008494 0.999963 0.001343 -0.062505 -0.001284 -0.001354 0.999998 3.021601
0.999962 0.008618 0.001469 -0.031105 -0.008619 0.999962 0.000873 -0.073646 -0.001462 -0.000886 0.999999 3.726339
0.999962 0.008591 0.001725 -0.036590 -0.008594 0.999962 0.001760 -0.084774 -0.001710 -0.001774 0.999997 4.420676
0.999939 0.010784 0.002285 -0.044150 -0.010795 0.999930 0.004752 -0.109379 -0.002233 -0.004777 0.999986 5.158604
0.999950 0.009336 0.003543 -0.044202 -0.009368 0.999915 0.009072 -0.109559 -0.003458 -0.009105 0.999953 5.743966
0.999949 0.008792 0.004920 -0.049721 -0.008853 0.999883 0.012514 -0.114353 -0.004809 -0.012557 0.999910 6.372113
0.999951 0.008046 0.005787 -0.038952 -0.008132 0.999855 0.014980 -0.131989 -0.005666 -0.015027 0.999871 6.976499
0.999940 0.008429 0.007053 -0.040577 -0.008533 0.999854 0.014810 -0.142032 -0.006927 -0.014869 0.999865 7.554811
0.999924 0.009304 0.008140 -0.039844 -0.009402 0.999881 0.012193 -0.150290 -0.008025 -0.012268 0.999893 8.100296
0.999914 0.010526 0.007767 -0.052949 -0.010597 0.999902 0.009125 -0.168355 -0.007670 -0.009206 0.999928 8.746578
0.999910 0.007703 0.010954 -0.029558 -0.007788 0.999939 0.007800 -0.162575 -0.010893 -0.007885 0.999910 9.150674
0.999910 0.003659 0.012933 -0.026777 -0.003728 0.999979 0.005361 -0.165417 -0.012913 -0.005409 0.999902 9.617724
0.999889 0.001777 0.014777 -0.018049 -0.001841 0.999989 0.004263 -0.178928 -0.014769 -0.004289 0.999882 10.054446
0.999837 0.006495 0.016871 -0.010636 -0.006536 0.999976 0.002374 -0.194025 -0.016855 -0.002484 0.999855 10.493548
0.999742 0.010883 0.019938 -0.011113 -0.010919 0.999939 0.001692 -0.203968 -0.019918 -0.001909 0.999800 10.872505
0.999656 0.011624 0.023496 0.004641 -0.011690 0.999928 0.002700 -0.221847 -0.023462 -0.002974 0.999720 11.293155
0.999625 0.007448 0.026349 0.013697 -0.007531 0.999967 0.003045 -0.219174 -0.026326 -0.003243 0.999648 11.575854
0.999585 0.002355 0.028710 0.034944 -0.002434 0.999993 0.002714 -0.221575 -0.028704 -0.002783 0.999584 11.864417
0.999513 -0.000968 0.031195 0.047247 0.000842 0.999991 0.004050 -0.227259 -0.031199 -0.004022 0.999505 12.128807
0.999427 -0.001470 0.033825 0.054068 0.001299 0.999986 0.005076 -0.232381 -0.033832 -0.005029 0.999415 12.360237
0.999358 -0.000614 0.035822 0.065267 0.000464 0.999991 0.004202 -0.240913 -0.035824 -0.004183 0.999349 12.578615
0.999279 0.000304 0.037970 0.071444 -0.000406 0.999996 0.002692 -0.244536 -0.037969 -0.002705 0.999275 12.762527
0.999174 0.002484 0.040568 0.076735 -0.002563 0.999995 0.001911 -0.250420 -0.040563 -0.002014 0.999175 12.936320
0.999093 0.005306 0.042258 0.076597 -0.005373 0.999984 0.001467 -0.258758 -0.042249 -0.001692 0.999106 13.095428
0.999023 0.006732 0.043672 0.083905 -0.006743 0.999977 0.000099 -0.265092 -0.043670 -0.000393 0.999046 13.257910
0.998944 0.005733 0.045584 0.093000 -0.005660 0.999982 -0.001744 -0.268619 -0.045593 0.001484 0.998959 13.409703
0.998883 0.004572 0.047021 0.102467 -0.004426 0.999985 -0.003195 -0.272153 -0.047035 0.002983 0.998889 13.551290
0.998855 0.004197 0.047660 0.103272 -0.004002 0.999983 -0.004182 -0.282891 -0.047677 0.003987 0.998855 13.709291
0.998747 0.004411 0.049846 0.118320 -0.004148 0.999977 -0.005369 -0.282738 -0.049869 0.005155 0.998742 13.847365
0.998682 0.005227 0.051068 0.126196 -0.004847 0.999960 -0.007561 -0.283260 -0.051105 0.007303 0.998667 13.978189
0.998640 0.005409 0.051855 0.136238 -0.004912 0.999941 -0.009714 -0.286518 -0.051904 0.009446 0.998607 14.104015
0.998603 0.004352 0.052656 0.140046 -0.003729 0.999922 -0.011933 -0.292237 -0.052704 0.011720 0.998541 14.224904
0.998636 0.003486 0.052094 0.151482 -0.002777 0.999903 -0.013676 -0.299705 -0.052137 0.013513 0.998549 14.360443
0.998741 0.003133 0.050061 0.154878 -0.002388 0.999886 -0.014938 -0.300993 -0.050102 0.014800 0.998634 14.486919
0.998885 0.003100 0.047118 0.156518 -0.002356 0.999872 -0.015831 -0.305194 -0.047161 0.015703 0.998764 14.612091
0.999065 0.003705 0.043069 0.156007 -0.002970 0.999849 -0.017112 -0.307632 -0.043125 0.016968 0.998926 14.737975
0.999295 0.003834 0.037349 0.154351 -0.003161 0.999832 -0.018071 -0.313396 -0.037412 0.017940 0.999139 14.862099
0.999520 0.003670 0.030747 0.149599 -0.003090 0.999816 -0.018911 -0.313409 -0.030811 0.018807 0.999348 14.988367
0.999715 0.003650 0.023613 0.144270 -0.003187 0.999803 -0.019585 -0.317830 -0.023680 0.019504 0.999529 15.111576
0.999872 0.003642 0.015557 0.136134 -0.003320 0.999782 -0.020634 -0.318874 -0.015628 0.020580 0.999666 15.241693
0.999982 0.002271 0.005535 0.126374 -0.002150 0.999760 -0.021792 -0.322977 -0.005583 0.021780 0.999747 15.377056
0.999972 0.000962 -0.007417 0.113650 -0.001135 0.999726 -0.023388 -0.328849 0.007392 0.023396 0.999699 15.515680
0.999723 0.000384 -0.023517 0.091831 -0.000978 0.999681 -0.025255 -0.332482 0.023499 0.025271 0.999404 15.671390
0.999098 0.001362 -0.042434 0.080266 -0.002474 0.999655 -0.026165 -0.342501 0.042384 0.026247 0.998757 15.820908
0.997908 0.001636 -0.064627 0.038917 -0.003294 0.999668 -0.025555 -0.348165 0.064564 0.025714 0.997582 16.025640
0.996081 0.002437 -0.088407 0.002176 -0.004596 0.999696 -0.024227 -0.354368 0.088321 0.024538 0.995790 16.221880
0.993359 0.003348 -0.115005 -0.053796 -0.005971 0.999730 -0.022471 -0.365384 0.114898 0.023008 0.993111 16.439947
0.989382 0.005294 -0.145245 -0.114098 -0.008363 0.999754 -0.020528 -0.356316 0.145100 0.021525 0.989183 16.743595
0.984028 0.004099 -0.177969 -0.214377 -0.007381 0.999815 -0.017782 -0.367213 0.177863 0.018812 0.983875 16.951356
0.976554 0.005649 -0.215200 -0.276954 -0.008721 0.999873 -0.013328 -0.368045 0.215097 0.014892 0.976479 17.258630
0.966922 0.007702 -0.254958 -0.390798 -0.010068 0.999917 -0.007977 -0.366041 0.254875 0.010280 0.966919 17.551745
0.955096 0.011664 -0.296066 -0.523704 -0.013114 0.999910 -0.002913 -0.373508 0.296005 0.006665 0.955163 17.852089
0.941048 0.015585 -0.337915 -0.664131 -0.016011 0.999871 0.001526 -0.378202 0.337895 0.003975 0.941175 18.100841
0.924511 0.016854 -0.380783 -0.826323 -0.015659 0.999858 0.006236 -0.381212 0.380834 0.000198 0.924643 18.383870
0.905203 0.021622 -0.424430 -0.978256 -0.016779 0.999745 0.015145 -0.388792 0.424649 -0.006588 0.905334 18.659649
0.883400 0.025364 -0.467934 -1.165078 -0.017200 0.999616 0.021712 -0.391657 0.468305 -0.011132 0.883497 18.948651
0.858211 0.030360 -0.512398 -1.346126 -0.019466 0.999456 0.026614 -0.404389 0.512927 -0.012866 0.858336 19.207837
0.830365 0.033288 -0.556224 -1.601701 -0.020112 0.999354 0.029783 -0.393348 0.556856 -0.013544 0.830498 19.509817
0.799257 0.037627 -0.599810 -1.852283 -0.023089 0.999224 0.031916 -0.390703 0.600545 -0.011660 0.799506 19.781538
0.764986 0.038802 -0.642877 -2.204998 -0.022612 0.999186 0.033400 -0.349305 0.643650 -0.011014 0.765241 20.315279
0.729967 0.042715 -0.682147 -2.590409 -0.024659 0.999041 0.036171 -0.331792 0.683038 -0.009583 0.730320 20.486390
0.689273 0.045600 -0.723065 -2.884641 -0.022629 0.998885 0.041422 -0.309379 0.724148 -0.012189 0.689537 20.891313
0.647848 0.045673 -0.760399 -3.209143 -0.019353 0.998866 0.043508 -0.316937 0.761523 -0.013471 0.647997 21.112987
0.607726 0.047675 -0.792714 -3.753256 -0.017365 0.998755 0.046754 -0.279169 0.793957 -0.014649 0.607797 21.495109
0.561969 0.045961 -0.825880 -4.150765 -0.011217 0.998787 0.047951 -0.247879 0.827082 -0.017683 0.561803 21.758445
0.514881 0.043443 -0.856160 -4.425423 -0.007727 0.998910 0.046039 -0.248204 0.857227 -0.017089 0.514656 21.691404
0.466201 0.043530 -0.883607 -5.125059 -0.005326 0.998909 0.046401 -0.236886 0.884663 -0.016926 0.465924 22.113615
0.415879 0.043102 -0.908398 -5.531615 0.001474 0.998843 0.048068 -0.273370 0.909419 -0.021329 0.415334 22.079568
0.355446 0.036919 -0.933967 -5.705263 0.011499 0.998971 0.043865 -0.265885 0.934626 -0.026331 0.354656 22.213696
0.303234 0.039515 -0.952097 -6.716345 0.008177 0.998995 0.044065 -0.154840 0.952881 -0.021147 0.302606 22.673791
0.251159 0.045465 -0.966877 -6.771941 0.008384 0.998757 0.049142 -0.142114 0.967909 -0.020449 0.250466 22.460667
0.197425 0.053600 -0.978852 -8.089016 0.007438 0.998394 0.056170 -0.061923 0.980290 -0.018370 0.196709 22.937058
0.150523 0.057139 -0.986954 -8.691229 0.027081 0.997715 0.061892 -0.152248 0.988236 -0.036043 0.148632 22.965641
0.107714 0.053503 -0.992741 -8.540482 0.020092 0.998230 0.055979 -0.082613 0.993979 -0.025976 0.106448 22.667509
0.065638 0.052109 -0.996482 -9.627011 0.016828 0.998436 0.053319 -0.012152 0.997702 -0.020268 0.064659 22.796474
0.030300 0.047832 -0.998396 -10.329402 0.016494 0.998694 0.048347 0.007538 0.999405 -0.017932 0.029472 22.777766
0.001908 0.047480 -0.998870 -11.027902 0.013408 0.998781 0.047502 0.061328 0.999908 -0.013484 0.001269 22.761662
-0.018929 0.051726 -0.998482 -11.637768 0.012322 0.998597 0.051498 0.082950 0.999745 -0.011329 -0.019540 22.714266
-0.031673 0.057844 -0.997823 -12.365046 0.013628 0.998256 0.057437 0.106987 0.999405 -0.011779 -0.032406 22.677326
-0.038651 0.060439 -0.997423 -12.550028 0.014444 0.998099 0.059920 0.094007 0.999148 -0.012091 -0.039450 22.560622
-0.041893 0.058373 -0.997415 -13.667746 0.014253 0.998225 0.057822 0.148717 0.999020 -0.011793 -0.042650 22.525603
-0.041323 0.054409 -0.997663 -14.388618 0.021888 0.998326 0.053539 0.194450 0.998906 -0.019625 -0.042445 22.505486
-0.037077 0.052740 -0.997920 -15.197782 0.033740 0.998103 0.051496 0.237822 0.998743 -0.031761 -0.038787 22.492102
-0.031671 0.052806 -0.998102 -16.043100 0.033885 0.998086 0.051730 0.276813 0.998924 -0.032182 -0.033399 22.472023
-0.026832 0.050748 -0.998351 -16.557981 0.033435 0.998197 0.049842 0.276455 0.999081 -0.032042 -0.028481 22.426524
-0.023111 0.044863 -0.998726 -17.622680 0.036229 0.998374 0.044009 0.318619 0.999076 -0.035165 -0.024699 22.411951
-0.020991 0.034270 -0.999192 -18.476407 0.033778 0.998866 0.033550 0.343504 0.999209 -0.033047 -0.022125 22.389202
-0.020370 0.025667 -0.999463 -19.330431 0.026816 0.999325 0.025116 0.373260 0.999433 -0.026290 -0.021045 22.353847
-0.022356 0.022511 -0.999497 -20.112601 0.023302 0.999487 0.021990 0.385919 0.999478 -0.022799 -0.022869 22.319198
-0.025333 0.028862 -0.999262 -21.192285 0.012261 0.999517 0.028559 0.412261 0.999604 -0.011529 -0.025675 22.271791
-0.030384 0.037109 -0.998849 -22.186681 0.007226 0.999293 0.036905 0.435314 0.999512 -0.006096 -0.030631 22.228483
-0.034955 0.046435 -0.998310 -23.193929 0.005589 0.998913 0.046268 0.475527 0.999373 -0.003962 -0.035177 22.185203
-0.036319 0.056483 -0.997743 -24.173361 0.004549 0.998400 0.056354 0.510562 0.999330 -0.002492 -0.036518 22.130316
-0.037914 0.063859 -0.997238 -25.033198 0.006419 0.997951 0.063660 0.543252 0.999260 -0.003988 -0.038247 22.096195
-0.039090 0.065154 -0.997109 -26.091670 0.007792 0.997862 0.064898 0.597933 0.999205 -0.005233 -0.039514 22.029937
-0.040730 0.062473 -0.997215 -27.122125 0.006676 0.998038 0.062252 0.649609 0.999148 -0.004122 -0.041067 21.974444
-0.043540 0.057460 -0.997398 -28.173561 0.006314 0.998341 0.057238 0.699357 0.999032 -0.003805 -0.043831 21.927045
-0.048172 0.052288 -0.997469 -29.220045 0.006348 0.998625 0.052042 0.743289 0.998819 -0.003825 -0.048438 21.873671
-0.054355 0.047366 -0.997398 -30.161895 0.006888 0.998868 0.047061 0.768002 0.998498 -0.004312 -0.054620 21.837737
-0.061022 0.045998 -0.997076 -31.261383 0.006052 0.998936 0.045713 0.812212 0.998118 -0.003245 -0.061235 21.752105
-0.067638 0.048456 -0.996533 -32.318491 0.006321 0.998821 0.048138 0.850885 0.997690 -0.003043 -0.067865 21.673539
-0.074053 0.053477 -0.995819 -33.391398 0.005188 0.998568 0.053239 0.886851 0.997241 -0.001224 -0.074224 21.589115
-0.080298 0.056424 -0.995173 -34.460698 0.002669 0.998405 0.056392 0.928544 0.996767 0.001872 -0.080320 21.499946
-0.084942 0.058523 -0.994666 -35.530751 -0.000750 0.998270 0.058799 0.980395 0.996386 0.005740 -0.084751 21.401591
-0.087633 0.059789 -0.994357 -36.571380 -0.005494 0.998153 0.060501 1.021780 0.996138 0.010764 -0.087143 21.286487
-0.089060 0.060883 -0.994164 -37.550263 -0.008942 0.998041 0.061921 1.050038 0.995986 0.014404 -0.088341 21.185649
-0.090599 0.060600 -0.994042 -38.640083 -0.010537 0.998033 0.061804 1.106654 0.995832 0.016074 -0.089782 21.075904
-0.091927 0.059674 -0.993976 -39.723362 -0.010985 0.998081 0.060936 1.161948 0.995705 0.016520 -0.091095 20.965537
-0.093174 0.059135 -0.993892 -40.811385 -0.012184 0.998092 0.060527 1.204735 0.995575 0.017749 -0.092276 20.868810
-0.093938 0.057953 -0.993890 -41.850917 -0.014709 0.998115 0.059589 1.255809 0.995469 0.020216 -0.092908 20.753035
-0.095031 0.055732 -0.993913 -42.944342 -0.019206 0.998143 0.057805 1.283762 0.995289 0.024582 -0.093784 20.634119
-0.094839 0.050808 -0.994195 -44.107550 -0.024321 0.998280 0.053336 1.341924 0.995195 0.029238 -0.093440 20.520445
-0.093928 0.050151 -0.994315 -45.221480 -0.025940 0.998268 0.052801 1.388850 0.995241 0.030752 -0.092464 20.404849
-0.092288 0.054265 -0.994253 -46.336030 -0.026942 0.998012 0.056971 1.437429 0.995368 0.032045 -0.090642 20.294272
-0.090159 0.057395 -0.994272 -47.444765 -0.027075 0.997828 0.060055 1.482654 0.995559 0.032335 -0.088409 20.182408
-0.089397 0.057115 -0.994357 -48.577272 -0.024694 0.997920 0.059540 1.519948 0.995690 0.029878 -0.087800 20.084038
-0.086242 0.056377 -0.994678 -49.648971 -0.024758 0.997968 0.058710 1.579677 0.995967 0.029690 -0.084671 19.978944
-0.082179 0.056803 -0.994997 -50.788837 -0.029202 0.997809 0.059375 1.632366 0.996190 0.033935 -0.080340 19.869110
-0.076234 0.057813 -0.995413 -51.912861 -0.034174 0.997580 0.060556 1.677905 0.996504 0.038634 -0.074074 19.767190
-0.070110 0.057234 -0.995896 -53.037834 -0.038202 0.997466 0.060013 1.738633 0.996808 0.042253 -0.067746 19.669218
-0.064577 0.056523 -0.996311 -54.175171 -0.039509 0.997467 0.059149 1.787700 0.997130 0.043183 -0.062180 19.592146
-0.058479 0.055881 -0.996723 -55.269287 -0.038932 0.997545 0.058212 1.829952 0.997529 0.042208 -0.056160 19.512934
-0.054448 0.055562 -0.996970 -56.641161 -0.036653 0.997667 0.057603 1.879537 0.997844 0.039678 -0.052285 19.451304
-0.047304 0.056293 -0.997293 -57.515124 -0.035906 0.997670 0.058017 1.932555 0.998235 0.038553 -0.045172 19.361805
-0.041504 0.057671 -0.997473 -58.659885 -0.035215 0.997628 0.059145 1.989284 0.998518 0.037581 -0.039375 19.304476
-0.036792 0.059306 -0.997562 -59.838647 -0.035736 0.997521 0.060622 2.029497 0.998684 0.037879 -0.034581 19.286407
-0.031145 0.058879 -0.997779 -60.981493 -0.035350 0.997574 0.059970 2.071683 0.998890 0.037139 -0.028988 19.238330
-0.026440 0.054289 -0.998175 -62.134343 -0.035554 0.997841 0.055213 2.122380 0.999018 0.036949 -0.024453 19.205117
-0.022418 0.048163 -0.998588 -63.315734 -0.035421 0.998174 0.048938 2.184918 0.999121 0.036468 -0.020671 19.174745
-0.019706 0.048279 -0.998639 -64.561265 -0.034882 0.998192 0.048946 2.199295 0.999197 0.035799 -0.017986 19.150068
-0.015745 0.050724 -0.998589 -65.767411 -0.034270 0.998098 0.051240 2.259779 0.999289 0.035028 -0.013977 19.111469
-0.013367 0.050378 -0.998641 -66.936795 -0.034579 0.998109 0.050814 2.299965 0.999313 0.035211 -0.011599 19.088117
-0.012977 0.050202 -0.998655 -68.140323 -0.036326 0.998056 0.050644 2.343118 0.999256 0.036934 -0.011128 19.077735
-0.012325 0.051379 -0.998603 -69.328009 -0.037703 0.997945 0.051811 2.372939 0.999213 0.038289 -0.010362 19.057267
-0.011285 0.051092 -0.998630 -70.517524 -0.037745 0.997960 0.051484 2.413285 0.999224 0.038274 -0.009334 19.034751
-0.010065 0.049273 -0.998735 -71.697576 -0.038347 0.998032 0.049624 2.454619 0.999214 0.038798 -0.008156 19.015503
-0.009429 0.047360 -0.998833 -72.865416 -0.036926 0.998180 0.047678 2.488876 0.999274 0.037333 -0.007663 18.993564
-0.008874 0.047912 -0.998812 -74.049748 -0.033309 0.998283 0.048182 2.512536 0.999406 0.033697 -0.007263 18.980139
-0.008343 0.048327 -0.998797 -75.257503 -0.029771 0.998377 0.048555 2.571049 0.999522 0.030140 -0.006891 18.956417
-0.008559 0.050881 -0.998668 -76.463229 -0.029918 0.998244 0.051116 2.612164 0.999516 0.030315 -0.007022 18.956155
-0.008721 0.054525 -0.998474 -77.651813 -0.032226 0.997978 0.054779 2.651377 0.999443 0.032654 -0.006946 18.946761
-0.007823 0.054805 -0.998466 -78.847534 -0.034588 0.997885 0.055044 2.689190 0.999371 0.034965 -0.005910 18.911618
-0.007733 0.052811 -0.998575 -80.034373 -0.035467 0.997962 0.053054 2.737327 0.999341 0.035827 -0.005845 18.902098
-0.007418 0.050078 -0.998718 -81.238304 -0.036564 0.998064 0.050317 2.767507 0.999304 0.036890 -0.005573 18.878552
-0.007415 0.050018 -0.998721 -82.510565 -0.034592 0.998138 0.050246 2.793011 0.999374 0.034920 -0.005671 18.871820
-0.007481 0.051308 -0.998655 -83.654839 -0.032920 0.998129 0.051528 2.839370 0.999430 0.033261 -0.005778 18.866475
-0.007046 0.054283 -0.998501 -84.867533 -0.033384 0.997956 0.054489 2.864380 0.999418 0.033718 -0.005220 18.842901
-0.005315 0.055857 -0.998425 -86.070432 -0.028538 0.998024 0.055986 2.961856 0.999579 0.028791 -0.003711 18.788662
-0.006450 0.056320 -0.998392 -87.376218 -0.034392 0.997810 0.056509 2.974964 0.999388 0.034701 -0.004499 18.807961
-0.006261 0.054402 -0.998499 -88.295088 -0.031957 0.997998 0.054575 3.019080 0.999470 0.032250 -0.004510 18.816648
-0.006045 0.052969 -0.998578 -89.458399 -0.032902 0.998045 0.053140 3.044714 0.999440 0.033177 -0.004290 18.803262
-0.005764 0.054329 -0.998506 -90.509086 -0.029280 0.998086 0.054476 3.080991 0.999555 0.029550 -0.004162 18.793073
-0.005432 0.056636 -0.998380 -91.858074 -0.028081 0.997992 0.056767 3.142361 0.999591 0.028343 -0.003831 18.770744
-0.005448 0.059626 -0.998206 -93.056103 -0.027032 0.997847 0.059752 3.184518 0.999620 0.027309 -0.003824 18.757032
-0.004968 0.061248 -0.998110 -94.206376 -0.025531 0.997789 0.061355 3.234345 0.999662 0.025787 -0.003394 18.744934
-0.004624 0.063158 -0.997993 -95.421411 -0.028451 0.997591 0.063264 3.289447 0.999584 0.028686 -0.002816 18.737037
-0.004300 0.062388 -0.998043 -96.585975 -0.030963 0.997565 0.062491 3.336341 0.999511 0.031171 -0.002358 18.717423
-0.004040 0.058189 -0.998297 -97.772332 -0.034105 0.997717 0.058293 3.382340 0.999410 0.034283 -0.002046 18.705185
-0.003950 0.056680 -0.998385 -98.964580 -0.034684 0.997784 0.056783 3.433578 0.999391 0.034852 -0.001976 18.685920
-0.003807 0.054996 -0.998479 -100.094629 -0.034010 0.997902 0.055094 3.478104 0.999414 0.034168 -0.001928 18.671600
-0.003563 0.055397 -0.998458 -101.280280 -0.032678 0.997925 0.055484 3.527641 0.999460 0.032825 -0.001746 18.658993
-0.003559 0.057597 -0.998334 -102.484759 -0.034026 0.997755 0.057685 3.576669 0.999415 0.034174 -0.001591 18.654346
-0.003706 0.059351 -0.998230 -103.645424 -0.032090 0.997716 0.059439 3.624282 0.999478 0.032253 -0.001793 18.656139
-0.004046 0.058463 -0.998281 -104.808486 -0.036085 0.997631 0.058571 3.676545 0.999341 0.036260 -0.001927 18.630824
-0.004194 0.059360 -0.998228 -105.934852 -0.040493 0.997408 0.059482 3.723597 0.999171 0.040670 -0.001780 18.627526
-0.004494 0.059006 -0.998247 -107.446398 -0.043998 0.997279 0.059147 3.784229 0.999022 0.044187 -0.001885 18.607135
-0.004136 0.054668 -0.998496 -108.627981 -0.044386 0.997510 0.054798 3.843630 0.999006 0.044546 -0.001699 18.571129
-0.004273 0.051320 -0.998673 -109.844840 -0.044864 0.997667 0.051460 3.867295 0.998984 0.045024 -0.001961 18.543750
-0.005704 0.050193 -0.998723 -111.085155 -0.041113 0.997883 0.050386 3.915778 0.999138 0.041348 -0.003628 18.560281
-0.006017 0.049361 -0.998763 -112.324230 -0.036527 0.998104 0.049548 3.971243 0.999315 0.036779 -0.004203 18.540104
-0.006397 0.051082 -0.998674 -113.564545 -0.036183 0.998029 0.051280 4.019496 0.999325 0.036464 -0.004536 18.528624
-0.007652 0.055155 -0.998448 -114.211041 -0.034529 0.997868 0.055388 4.037507 0.999374 0.034899 -0.005731 18.539579
-0.007653 0.054988 -0.998458 -115.943417 -0.032706 0.997939 0.055210 4.120360 0.999436 0.033078 -0.005839 18.500586
-0.008129 0.050586 -0.998687 -117.203931 -0.033131 0.998158 0.050828 4.176547 0.999418 0.033501 -0.006439 18.483257
-0.009024 0.046929 -0.998857 -118.386040 -0.033185 0.998334 0.047204 4.216733 0.999408 0.033573 -0.007452 18.476020
-0.010049 0.045894 -0.998896 -119.676217 -0.031674 0.998430 0.046191 4.240392 0.999448 0.032103 -0.008579 18.461685
-0.010710 0.046915 -0.998841 -120.550583 -0.034082 0.998301 0.047255 4.270968 0.999362 0.034549 -0.009093 18.445422
-0.010991 0.051705 -0.998602 -121.930356 -0.037810 0.997927 0.052087 4.318016 0.999224 0.038330 -0.009013 18.415311
-0.011514 0.055231 -0.998407 -123.163750 -0.044050 0.997476 0.055687 4.359316 0.998963 0.044621 -0.009052 18.394260
-0.011265 0.055187 -0.998412 -124.485326 -0.050438 0.997173 0.055688 4.400055 0.998664 0.050985 -0.008450 18.347099
-0.011261 0.052788 -0.998542 -125.602287 -0.054694 0.997078 0.053327 4.459932 0.998440 0.055215 -0.008341 18.324883
-0.011671 0.051879 -0.998585 -126.808460 -0.056791 0.997007 0.052461 4.496784 0.998318 0.057322 -0.008690 18.300305
-0.012185 0.051222 -0.998613 -128.116340 -0.056716 0.997044 0.051833 4.550298 0.998316 0.057269 -0.009244 18.268261
-0.012563 0.050369 -0.998652 -129.334773 -0.054662 0.997202 0.050984 4.584749 0.998426 0.055229 -0.009774 18.248710
-0.012781 0.050914 -0.998621 -130.621733 -0.053996 0.997211 0.051533 4.631841 0.998459 0.054580 -0.009996 18.213476
-0.013679 0.055917 -0.998342 -132.010040 -0.054928 0.996886 0.056588 4.680927 0.998397 0.055611 -0.010565 18.204546
-0.014510 0.060410 -0.998068 -133.193810 -0.053076 0.996719 0.061100 4.725450 0.998485 0.053860 -0.011256 18.184009
-0.014366 0.058998 -0.998155 -134.446225 -0.053387 0.996789 0.059685 4.777121 0.998471 0.054146 -0.011170 18.163404
-0.013582 0.057688 -0.998242 -135.715120 -0.053338 0.996871 0.058334 4.835490 0.998484 0.054037 -0.010462 18.128913
-0.012472 0.056651 -0.998316 -137.138816 -0.053161 0.996944 0.057238 4.888836 0.998508 0.053785 -0.009423 18.111920
-0.011256 0.056440 -0.998343 -138.302699 -0.052681 0.996986 0.056957 4.931437 0.998548 0.053235 -0.008249 18.082027
-0.010631 0.058472 -0.998232 -139.586828 -0.052676 0.996870 0.058953 4.986340 0.998555 0.053210 -0.007518 18.074990
-0.009641 0.062373 -0.998006 -140.847722 -0.053864 0.996571 0.062803 5.030000 0.998502 0.054362 -0.006248 18.042915
-0.008241 0.063151 -0.997970 -142.133837 -0.055636 0.996429 0.063513 5.095135 0.998417 0.056046 -0.004698 18.026646
-0.007377 0.060307 -0.998153 -143.293712 -0.058276 0.996457 0.060635 5.138458 0.998273 0.058615 -0.003837 18.015081
-0.007358 0.057233 -0.998334 -144.594808 -0.056872 0.996721 0.057560 5.205772 0.998354 0.057201 -0.004079 17.989663
-0.007083 0.055760 -0.998419 -145.861453 -0.053872 0.996973 0.056061 5.254181 0.998523 0.054184 -0.004058 17.980060
-0.007005 0.055271 -0.998447 -147.099358 -0.052375 0.997081 0.055562 5.302957 0.998603 0.052683 -0.004090 17.945965
-0.007400 0.055340 -0.998440 -148.372899 -0.049777 0.997209 0.055640 5.352436 0.998733 0.050111 -0.004625 17.951295
-0.007358 0.054016 -0.998513 -149.588084 -0.047777 0.997381 0.054307 5.401710 0.998831 0.048106 -0.004758 17.916212
-0.007656 0.054407 -0.998489 -150.862892 -0.046824 0.997404 0.054707 5.432183 0.998874 0.047172 -0.005089 17.932886
-0.007634 0.056938 -0.998349 -152.170868 -0.044933 0.997350 0.057225 5.474229 0.998961 0.045295 -0.005055 17.921244
-0.007980 0.058264 -0.998269 -153.419527 -0.042233 0.997391 0.058551 5.543589 0.999076 0.042628 -0.005499 17.918298
-0.008121 0.056869 -0.998349 -154.663062 -0.039981 0.997565 0.057149 5.588749 0.999167 0.040379 -0.005827 17.906130
-0.008800 0.057113 -0.998329 -155.899247 -0.040848 0.997514 0.057426 5.641815 0.999127 0.041285 -0.006446 17.888777
-0.008326 0.061708 -0.998060 -157.131337 -0.042005 0.997192 0.062005 5.697371 0.999083 0.042440 -0.005710 17.840431
-0.008072 0.068444 -0.997622 -158.395286 -0.047145 0.996519 0.068750 5.737270 0.998855 0.047588 -0.004817 17.842010
-0.006631 0.068219 -0.997648 -159.627180 -0.052101 0.996292 0.068472 5.816993 0.998620 0.052433 -0.003053 17.804536
-0.005526 0.064720 -0.997888 -160.860263 -0.055936 0.996321 0.064928 5.857179 0.998419 0.056177 -0.001885 17.802284
-0.003857 0.058907 -0.998256 -162.120669 -0.057722 0.996586 0.059032 5.938270 0.998325 0.057849 -0.000443 17.795423
-0.002752 0.057753 -0.998327 -163.351856 -0.059961 0.996525 0.057814 5.968053 0.998197 0.060020 0.000721 17.752534
-0.001754 0.054695 -0.998502 -164.596334 -0.054874 0.996993 0.054709 6.014503 0.998492 0.054888 0.001253 17.767820
-0.000988 0.050315 -0.998733 -165.831913 -0.051755 0.997392 0.050299 6.055991 0.998659 0.051739 0.001618 17.719127
-0.001679 0.046973 -0.998895 -167.026242 -0.045445 0.997861 0.047001 6.097301 0.998965 0.045474 0.000459 17.757842
-0.002585 0.050036 -0.998744 -168.273633 -0.042907 0.997822 0.050101 6.135383 0.999076 0.042983 -0.000433 17.742647
-0.002292 0.056224 -0.998416 -169.520511 -0.043481 0.997468 0.056271 6.180245 0.999052 0.043541 0.000158 17.752312
-0.000292 0.059699 -0.998216 -170.876992 -0.044736 0.997216 0.059652 6.227867 0.998999 0.044674 0.002380 17.710356
0.001103 0.056148 -0.998422 -172.123168 -0.046424 0.997349 0.056037 6.290717 0.998921 0.046289 0.003707 17.733664
0.001795 0.056825 -0.998383 -173.326865 -0.047997 0.997238 0.056674 6.310378 0.998846 0.047818 0.004518 17.713715
0.002643 0.057442 -0.998345 -174.531815 -0.046392 0.997281 0.057258 6.372475 0.998920 0.046164 0.005301 17.727295
0.003386 0.055535 -0.998451 -175.707694 -0.046495 0.997386 0.055318 6.423805 0.998913 0.046236 0.005960 17.713631
0.005386 0.054051 -0.998524 -176.901633 -0.046764 0.997459 0.053741 6.472567 0.998891 0.046406 0.007900 17.695270
0.006878 0.055949 -0.998410 -178.092180 -0.048276 0.997288 0.055554 6.510638 0.998810 0.047817 0.009560 17.711512
0.008397 0.058011 -0.998281 -179.199432 -0.048113 0.997183 0.057542 6.530753 0.998807 0.047547 0.011164 17.715711
0.008793 0.059287 -0.998202 -180.293051 -0.048960 0.997069 0.058789 6.583408 0.998762 0.048355 0.011670 17.718058
0.008992 0.060650 -0.998119 -181.376612 -0.048987 0.996987 0.060140 6.617403 0.998759 0.048354 0.011936 17.723727
0.008967 0.061658 -0.998057 -182.434189 -0.048392 0.996955 0.061155 6.650177 0.998788 0.047749 0.011924 17.722966
0.009301 0.060349 -0.998134 -183.457101 -0.048712 0.997019 0.059827 6.698569 0.998770 0.048065 0.012213 17.735780
0.010606 0.060997 -0.998082 -184.459546 -0.049787 0.996932 0.060398 6.703342 0.998704 0.049051 0.013610 17.739421
0.012235 0.061994 -0.998002 -185.440466 -0.050045 0.996863 0.061310 6.744134 0.998672 0.049194 0.015299 17.734144
0.011631 0.060367 -0.998109 -186.395716 -0.048598 0.997031 0.059735 6.776661 0.998751 0.047812 0.014530 17.737089
0.008157 0.057430 -0.998316 -187.356408 -0.046399 0.997296 0.056992 6.809850 0.998890 0.045856 0.010800 17.759753
0.003314 0.053862 -0.998543 -188.143759 -0.046543 0.997475 0.053650 6.823916 0.998911 0.046297 0.005812 17.760825
-0.001764 0.051038 -0.998695 -189.297565 -0.047497 0.997565 0.051065 6.865516 0.998870 0.047525 0.000664 17.743740
-0.005579 0.050175 -0.998725 -190.239061 -0.049450 0.997505 0.050390 6.898908 0.998761 0.049668 -0.003084 17.730250
-0.008504 0.051086 -0.998658 -191.176440 -0.050860 0.997379 0.051453 6.924974 0.998670 0.051229 -0.005884 17.713478
-0.010236 0.052443 -0.998571 -191.782850 -0.050448 0.997325 0.052895 6.946640 0.998674 0.050918 -0.007562 17.706610
-0.012076 0.054000 -0.998468 -192.933811 -0.047168 0.997398 0.054513 6.990267 0.998814 0.047754 -0.009497 17.693431
-0.013462 0.054756 -0.998409 -193.862270 -0.045325 0.997440 0.055314 7.018598 0.998882 0.045997 -0.010946 17.677846
-0.014421 0.053634 -0.998457 -194.781318 -0.045703 0.997481 0.054242 7.052056 0.998851 0.046415 -0.011933 17.658304
-0.015038 0.052510 -0.998507 -195.697660 -0.047491 0.997456 0.053170 7.083515 0.998758 0.048220 -0.012506 17.633872
-0.014397 0.051706 -0.998559 -196.615554 -0.051646 0.997291 0.052385 7.114731 0.998562 0.052325 -0.011688 17.600999
-0.014374 0.050268 -0.998632 -197.422782 -0.053864 0.997246 0.050974 7.138325 0.998445 0.054523 -0.011627 17.599543
-0.013334 0.047635 -0.998776 -198.338590 -0.054147 0.997365 0.048291 7.168800 0.998444 0.054724 -0.010719 17.580177
-0.012675 0.045066 -0.998904 -199.274984 -0.054051 0.997492 0.045688 7.198405 0.998458 0.054571 -0.010208 17.560534
-0.012183 0.044739 -0.998924 -200.191974 -0.053711 0.997527 0.045332 7.230721 0.998482 0.054205 -0.009750 17.547077
-0.011077 0.047151 -0.998826 -201.116905 -0.051670 0.997526 0.047663 7.261351 0.998603 0.052137 -0.008613 17.519469
-0.011669 0.048751 -0.998743 -201.991743 -0.050788 0.997493 0.049283 7.285069 0.998641 0.051300 -0.009164 17.520678
-0.010931 0.045035 -0.998926 -202.933381 -0.045875 0.997911 0.045491 7.312005 0.998887 0.046323 -0.008842 17.518517
-0.010587 0.041630 -0.999077 -203.918727 -0.043665 0.998161 0.042054 7.355617 0.998990 0.044070 -0.008750 17.500111
-0.010017 0.041847 -0.999074 -204.888349 -0.048597 0.997923 0.042286 7.385734 0.998768 0.048975 -0.007963 17.485170
-0.008095 0.045934 -0.998912 -205.980026 -0.050566 0.997648 0.046285 7.417640 0.998688 0.050886 -0.005753 17.450254
-0.006441 0.045498 -0.998944 -206.801180 -0.047839 0.997807 0.045755 7.437485 0.998834 0.048083 -0.004250 17.443034
-0.004309 0.046300 -0.998918 -207.804722 -0.046504 0.997838 0.046451 7.489704 0.998909 0.046653 -0.002147 17.443584
-0.002751 0.051129 -0.998688 -208.800242 -0.046377 0.997611 0.051201 7.522397 0.998920 0.046457 -0.000374 17.443013
-0.001027 0.055173 -0.998476 -209.812271 -0.045078 0.997459 0.055164 7.564369 0.998983 0.045066 0.001463 17.432723
0.000700 0.055822 -0.998441 -210.962287 -0.044412 0.997457 0.055736 7.604999 0.999013 0.044303 0.003177 17.424198
0.002380 0.056590 -0.998395 -211.846492 -0.047921 0.997257 0.056411 7.641868 0.998848 0.047710 0.005085 17.428590
0.005355 0.058266 -0.998287 -212.879829 -0.052195 0.996957 0.057909 7.693536 0.998623 0.051795 0.008380 17.420925
0.009413 0.058634 -0.998235 -213.944037 -0.052128 0.996951 0.058067 7.732304 0.998596 0.051490 0.012440 17.398359
0.011846 0.055891 -0.998367 -214.909149 -0.054167 0.997006 0.055172 7.767634 0.998462 0.053425 0.014838 17.417465
0.015281 0.053052 -0.998475 -216.099606 -0.055018 0.997123 0.052138 7.820263 0.998368 0.054137 0.018156 17.430905
0.015949 0.052373 -0.998500 -217.085516 -0.053731 0.997229 0.051448 7.848289 0.998428 0.052830 0.018719 17.472129
0.016068 0.054776 -0.998369 -218.045847 -0.057602 0.996891 0.053768 7.867011 0.998210 0.056644 0.019173 17.543637
0.019679 0.057346 -0.998160 -219.178859 -0.056727 0.996810 0.056150 7.942247 0.998196 0.055517 0.022869 17.472521
0.021358 0.057324 -0.998127 -220.316480 -0.056120 0.996850 0.056050 7.985836 0.998196 0.054817 0.024508 17.491430
0.022594 0.054310 -0.998268 -221.441357 -0.054231 0.997120 0.053020 8.043602 0.998273 0.052939 0.025474 17.503121
0.022536 0.051907 -0.998398 -222.475744 -0.048601 0.997527 0.050765 8.058973 0.998564 0.047379 0.025003 17.515680
0.022421 0.050008 -0.998497 -223.549338 -0.047972 0.997652 0.048888 8.130448 0.998597 0.046804 0.024767 17.550241
0.022384 0.049584 -0.998519 -224.656851 -0.049622 0.997593 0.048426 8.150182 0.998517 0.048464 0.024791 17.580416
0.022451 0.049839 -0.998505 -225.757834 -0.048427 0.997638 0.048707 8.176782 0.998574 0.047261 0.024811 17.618050
0.022571 0.050974 -0.998445 -226.901677 -0.051653 0.997425 0.049755 8.213223 0.998410 0.050449 0.025146 17.626093
0.022660 0.053041 -0.998335 -228.032086 -0.051728 0.997316 0.051812 8.258796 0.998404 0.050468 0.025343 17.626035
0.021820 0.054432 -0.998279 -229.069549 -0.052668 0.997193 0.053222 8.310807 0.998374 0.051416 0.024625 17.649161
0.020960 0.056194 -0.998200 -230.294824 -0.052523 0.997102 0.055030 8.361125 0.998400 0.051275 0.023850 17.663585
0.020272 0.057250 -0.998154 -231.434548 -0.054723 0.996926 0.056068 8.404463 0.998296 0.053485 0.023343 17.672144
0.019006 0.056076 -0.998246 -232.607014 -0.057827 0.996816 0.054895 8.456631 0.998146 0.056682 0.022188 17.685893
0.018098 0.051599 -0.998504 -233.659719 -0.056472 0.997126 0.050505 8.494704 0.998240 0.055474 0.020960 17.707560
0.016504 0.045151 -0.998844 -234.889016 -0.052044 0.997665 0.044238 8.547582 0.998508 0.051254 0.018815 17.720589
0.014659 0.040682 -0.999065 -236.067144 -0.047337 0.998080 0.039948 8.584503 0.998771 0.046707 0.016557 17.731255
0.012502 0.040438 -0.999104 -237.252399 -0.040206 0.998394 0.039906 8.617021 0.999113 0.039671 0.014108 17.749184
0.010525 0.044763 -0.998942 -238.339415 -0.037613 0.998308 0.044338 8.638898 0.999237 0.037107 0.012191 17.771757
0.007798 0.047443 -0.998843 -239.663362 -0.033866 0.998313 0.047154 8.680142 0.999396 0.033460 0.009391 17.780519
0.005773 0.046522 -0.998901 -240.877064 -0.032041 0.998413 0.046314 8.734918 0.999470 0.031739 0.007254 17.782366
0.003614 0.047368 -0.998871 -242.077919 -0.032082 0.998369 0.047228 8.766064 0.999479 0.031875 0.005127 17.777161
0.001581 0.048806 -0.998807 -243.267402 -0.031563 0.998313 0.048731 8.809246 0.999501 0.031448 0.003119 17.772284
-0.000152 0.048398 -0.998828 -244.384730 -0.032141 0.998312 0.048378 8.835815 0.999483 0.032111 0.001404 17.768104
-0.002682 0.047133 -0.998885 -245.740593 -0.031186 0.998399 0.047194 8.886331 0.999510 0.031278 -0.001208 17.759416
-0.005034 0.046861 -0.998889 -246.978939 -0.031370 0.998402 0.046997 8.926436 0.999495 0.031572 -0.003555 17.748986
-0.007154 0.047877 -0.998828 -248.241113 -0.031550 0.998345 0.048080 8.970746 0.999477 0.031857 -0.005632 17.718416
-0.009151 0.048000 -0.998805 -249.475722 -0.032649 0.998300 0.048275 9.007016 0.999425 0.033051 -0.007568 17.708236
-0.011433 0.049336 -0.998717 -250.664928 -0.033900 0.998189 0.049698 9.044014 0.999360 0.034425 -0.009740 17.676641
-0.013657 0.051320 -0.998589 -251.929700 -0.035237 0.998037 0.051773 9.083996 0.999286 0.035894 -0.011822 17.646629
-0.015127 0.052101 -0.998527 -253.199646 -0.036945 0.997930 0.052629 9.129661 0.999203 0.037686 -0.013171 17.626447
-0.015783 0.052190 -0.998512 -254.446601 -0.039597 0.997821 0.052780 9.176830 0.999091 0.040371 -0.013682 17.595037
-0.015948 0.052520 -0.998493 -255.654163 -0.039715 0.997798 0.053118 9.215126 0.999084 0.040502 -0.013827 17.565996
-0.015933 0.051459 -0.998548 -256.920927 -0.038908 0.997886 0.052046 9.259541 0.999116 0.039681 -0.013897 17.537632
-0.015618 0.050385 -0.998608 -258.168609 -0.036088 0.998050 0.050921 9.304469 0.999227 0.036833 -0.013769 17.515518
-0.015852 0.049939 -0.998626 -259.539242 -0.035543 0.998093 0.050477 9.347874 0.999242 0.036295 -0.014047 17.488772
-0.015729 0.050583 -0.998596 -260.759238 -0.035346 0.998067 0.051113 9.384889 0.999251 0.036100 -0.013911 17.459984
-0.015308 0.050520 -0.998606 -262.018509 -0.034774 0.998092 0.051027 9.426013 0.999278 0.035507 -0.013522 17.431192
-0.015064 0.051230 -0.998573 -263.271630 -0.034239 0.998074 0.051721 9.467863 0.999300 0.034969 -0.013281 17.409005
-0.014535 0.051978 -0.998542 -264.409179 -0.031380 0.998132 0.052413 9.510972 0.999402 0.032096 -0.012877 17.391287
-0.015041 0.054573 -0.998396 -265.841607 -0.027079 0.998121 0.054966 9.556606 0.999520 0.027862 -0.013535 17.367736
-0.014852 0.058029 -0.998204 -267.093158 -0.023855 0.998010 0.058373 9.602083 0.999605 0.024679 -0.013438 17.331622
-0.014480 0.060573 -0.998059 -268.343586 -0.022044 0.997901 0.060883 9.648554 0.999652 0.022883 -0.013114 17.302089
-0.014502 0.058784 -0.998165 -269.581503 -0.022298 0.998003 0.059099 9.705411 0.999646 0.023115 -0.013163 17.282421
-0.014680 0.057152 -0.998258 -270.679362 -0.024769 0.998038 0.057504 9.747559 0.999585 0.025570 -0.013235 17.277707
-0.014995 0.060231 -0.998072 -272.143554 -0.030231 0.997700 0.060663 9.824337 0.999430 0.031082 -0.013140 17.225410
-0.014949 0.066468 -0.997677 -273.405913 -0.035902 0.997109 0.066968 9.871589 0.999243 0.036820 -0.012520 17.187032
-0.014625 0.066023 -0.997711 -274.638596 -0.039641 0.996995 0.066557 9.933937 0.999107 0.040524 -0.011964 17.147399
-0.014505 0.059099 -0.998147 -275.864888 -0.039151 0.997453 0.059627 9.990793 0.999128 0.039943 -0.012154 17.131697
-0.014905 0.053418 -0.998461 -276.804359 -0.036789 0.997867 0.053935 10.022233 0.999212 0.037536 -0.012908 17.133473
-0.015093 0.052522 -0.998506 -278.237281 -0.030036 0.998145 0.052957 10.086849 0.999435 0.030790 -0.013488 17.097573
-0.014021 0.053970 -0.998444 -279.478845 -0.026670 0.998167 0.054329 10.138734 0.999546 0.027390 -0.012555 17.071945
-0.012604 0.055787 -0.998363 -280.714643 -0.026069 0.998085 0.056100 10.191565 0.999581 0.026733 -0.011126 17.058464
-0.011641 0.058517 -0.998219 -281.907621 -0.027646 0.997886 0.058819 10.219308 0.999550 0.028281 -0.009999 17.042113
-0.010393 0.059891 -0.998151 -283.023055 -0.028981 0.997767 0.060170 10.255528 0.999526 0.029553 -0.008634 17.032117
-0.009908 0.060829 -0.998099 -284.256255 -0.030068 0.997679 0.061102 10.317190 0.999499 0.030616 -0.008056 17.014223
-0.008966 0.060387 -0.998135 -285.485830 -0.029374 0.997728 0.060626 10.361261 0.999528 0.029863 -0.007172 16.984876
-0.008908 0.058708 -0.998235 -286.715650 -0.029620 0.997822 0.058948 10.414644 0.999522 0.030093 -0.007150 16.969564
-0.008194 0.057386 -0.998318 -288.000830 -0.030238 0.997881 0.057609 10.459383 0.999509 0.030659 -0.006441 16.952906
-0.008469 0.057201 -0.998327 -289.160363 -0.029959 0.997900 0.057431 10.513586 0.999515 0.030395 -0.006738 16.943559
-0.008266 0.057075 -0.998336 -290.389339 -0.030404 0.997894 0.057301 10.561380 0.999504 0.030827 -0.006514 16.932526
-0.008119 0.057425 -0.998317 -291.619447 -0.031081 0.997853 0.057651 10.609775 0.999484 0.031497 -0.006317 16.912781
-0.007602 0.057609 -0.998310 -292.843115 -0.030500 0.997861 0.057815 10.656207 0.999506 0.030887 -0.005828 16.890804
-0.007176 0.055800 -0.998416 -294.068070 -0.031044 0.997948 0.055997 10.698308 0.999492 0.031397 -0.005429 16.866438
-0.007452 0.053474 -0.998541 -295.252333 -0.030256 0.998100 0.053676 10.746629 0.999514 0.030612 -0.005820 16.854114
-0.007964 0.050634 -0.998686 -296.498697 -0.030834 0.998230 0.050857 10.793924 0.999493 0.031198 -0.006389 16.847988
-0.008306 0.049333 -0.998748 -297.728375 -0.032270 0.998249 0.049576 10.836932 0.999445 0.032641 -0.006699 16.830940
-0.008469 0.049502 -0.998738 -298.927959 -0.035672 0.998123 0.049774 10.871735 0.999328 0.036049 -0.006687 16.795338
-0.008405 0.050566 -0.998685 -300.334697 -0.039567 0.997922 0.050860 10.915779 0.999182 0.039943 -0.006387 16.766665
-0.008804 0.051999 -0.998608 -301.478454 -0.042907 0.997708 0.052331 10.949849 0.999040 0.043308 -0.006552 16.746952
-0.009085 0.051922 -0.998610 -302.733639 -0.044202 0.997654 0.052274 10.996437 0.998981 0.044616 -0.006769 16.727467
-0.009441 0.049442 -0.998732 -303.952267 -0.043957 0.997791 0.049811 11.048206 0.998989 0.044372 -0.007247 16.705377
-0.009935 0.047444 -0.998824 -305.201972 -0.041958 0.997974 0.047821 11.078641 0.999070 0.042384 -0.007924 16.685914
-0.010670 0.047136 -0.998831 -306.532654 -0.038658 0.998122 0.047516 11.128833 0.999196 0.039120 -0.008828 16.665537
-0.011535 0.049150 -0.998725 -307.771610 -0.036233 0.998115 0.049538 11.170314 0.999277 0.036759 -0.009733 16.650286
-0.012123 0.050517 -0.998650 -309.019034 -0.035117 0.998085 0.050915 11.206220 0.999310 0.035687 -0.010325 16.631409
-0.012808 0.049745 -0.998680 -310.267477 -0.036450 0.998075 0.050183 11.250452 0.999253 0.037044 -0.010970 16.605826
-0.012469 0.048352 -0.998753 -311.310499 -0.038243 0.998076 0.048797 11.276834 0.999191 0.038804 -0.010596 16.582734
-0.012124 0.048106 -0.998769 -312.769604 -0.037930 0.998101 0.048534 11.329864 0.999207 0.038472 -0.010277 16.554337
-0.010990 0.047580 -0.998807 -314.003966 -0.036047 0.998199 0.047947 11.370753 0.999290 0.036530 -0.009255 16.531292
-0.010632 0.048062 -0.998788 -315.260473 -0.033146 0.998278 0.048390 11.420093 0.999394 0.033620 -0.009020 16.521066
