0.999999993802975 7.88954690388477e-05 7.85465202561007e-05 -7.86302988930148e-05 -7.89027711470981e-05 0.999999992565779 9.29666367196361e-05 -7.91144500514873e-05 -7.85391850257596e-05 -9.29728336816317e-05 0.999999992593824 -0.000442353902607194
0.999929961758091 -0.00286719919502824 0.0114826280632082 0.0132762358544033 0.00285487486088349 0.999995331274171 0.00108955008601451 -0.00539943699774957 -0.0114856984110955 -0.00105669230964749 0.999933478854155 0.290673951846474
0.999824365789192 -0.00492841422528527 0.018081711961669 0.0248235611133462 0.00490677083733193 0.999987191495241 0.00124114681217615 -0.0118214511916778 -0.0180875972475801 -0.00115220600739275 0.99983574213324 0.58013178802413
0.999779527984778 -0.00772363803936903 0.0195253895728282 0.0411131729929013 0.00772479796493391 0.999970163174819 1.60164472271958e-05 -0.0131888013833263 -0.019524930702434 0.000134816773587926 0.999809361281191 0.875636846482767
0.999811322173959 -0.00926785853840849 0.0170712287452205 0.0501864572440814 0.00929649255773384 0.999955508651583 -0.00159873183415109 -0.0147803342745053 -0.0170556524027547 0.00175713273988551 0.999852997798002 1.1830303513901
0.999880108013083 -0.0117916747393336 0.0100362346817562 0.0531427241940566 0.011823035183612 0.999925389166714 -0.00307114617726689 -0.0167186692782522 -0.00999927191312422 0.00318943672720297 0.999944919510355 1.49643518358229
0.999903946009892 -0.0136010349816335 -0.00266657107070603 0.0509359156737095 0.013586997864256 0.999894101424407 -0.00521338908138197 -0.0185950505872716 0.00273719617189666 0.00517665761911615 0.999982854839527 1.81866984359916
0.999727761473382 -0.0128269678278978 -0.0194903010690609 0.0342563037444293 0.0127202068437737 0.999903459473665 -0.00559178598021135 -0.0234842709679155 0.0195601451240059 0.00534234301958906 0.999794408913047 2.15500182312044
0.999193460499486 -0.00838534327197665 -0.0392697658927672 0.00503646674254592 0.00817146696000903 0.999950911730117 -0.00560368252398842 -0.0290834575325675 0.0393148270094516 0.00527827133816445 0.999212932376727 2.49997347257173
0.998204900288967 -0.00509793883197148 -0.059674014937479 -0.0276089570602128 0.00467339084858669 0.999962784296694 -0.00725185766402661 -0.0307185405180548 0.0597087636538334 0.00695995986112223 0.998191576052244 2.85648630865139
0.997025690735661 -0.00423370237243006 -0.0769535429808094 -0.0993760052122667 0.00369537518862749 0.9999677065139 -0.00713653498175584 -0.0435950373323188 0.076981271847722 0.00683093650623607 0.997009138419079 3.18754854383701
0.995399479439164 -0.00580664818739638 -0.0956355538963933 -0.139056219984777 0.00528152860328221 0.999969560901956 -0.00574305886812505 -0.0378204907328344 0.0956659907587584 0.00521153589432561 0.995399848355307 3.59400916872589
0.993283798862698 -0.00728722320907549 -0.115473768860237 -0.196089153439519 0.00676833291269896 0.999965162422916 -0.00488503941587726 -0.043095184554577 0.115505344406522 0.00407066559826645 0.993298517614477 3.98238377553091
0.991071736261572 -0.00600542669894709 -0.133194400909482 -0.267193257293239 0.00548094470492692 0.999975717029818 -0.00430402089254207 -0.0493558357564391 0.133217014035797 0.00353556231248701 0.991080585507819 4.3761953382514
0.988836318322226 -0.00532511324244724 -0.148910640103053 -0.342296002202358 0.00489050054499288 0.999982646956158 -0.00328462950344977 -0.0589816698114844 0.148925547074252 0.00251971337866461 0.988845201471456 4.78865022659624
0.986714980113028 -0.00454819039783618 -0.162397235150882 -0.428092605323477 0.00402693135807093 0.99998563025136 -0.00353880129827311 -0.0648818060715636 0.162410996685518 0.00283782573395641 0.98671911651732 5.2067979755067
0.984231161916216 -0.00535394503641537 -0.176805981758543 -0.521179840025551 0.00450738680977969 0.99997637677984 -0.00518934932445193 -0.0837415190006698 0.176829588522969 0.00431058636512584 0.984232043508027 5.58150454384764
0.982568900703815 -0.00925058089636185 -0.185668473691085 -0.616085297793276 0.00807163110531505 0.999942184579605 -0.00710466533105148 -0.0863880723183123 0.185723461471611 0.00548217577667842 0.982586760346259 6.04766219735221
0.981070945691355 -0.00851487475762979 -0.193461356420686 -0.715482755214968 0.00690296404364947 0.999935631662984 -0.00900453320061015 -0.0926551839567541 0.19352557610735 0.00749862911542416 0.981066573660375 6.50694462647304
0.97962520304821 -0.00792943978465958 -0.200677815259819 -0.825050016697466 0.00592100712569858 0.999926219316488 -0.0106064884882978 -0.100229485463273 0.200747112625238 0.00920216866485426 0.979599875900612 6.97585615506598
0.977930608867075 -0.00852989146966412 -0.208755754872503 -0.935739963159715 0.00586794914482603 0.999893433338911 -0.0133674656744879 -0.109705681310568 0.208847531500151 0.0118474856927801 0.977876447036666 7.45729571365213
0.976199288677481 -0.0126229373779755 -0.216507760224737 -1.04630735655491 0.00959376753090345 0.999840920288311 -0.0150364138539537 -0.121259463874837 0.21666312194313 0.0126014113882572 0.976165096702848 7.95507150298896
0.974048619428911 -0.0192349559630918 -0.225520073292223 -1.13738593308047 0.0158864825581333 0.999735108481867 -0.0166533041970408 -0.140738862438034 0.22578066051051 0.0126384072511914 0.97409617800379 8.4173088956167
0.972252217797228 -0.019625118498682 -0.233110445309267 -1.28824775813708 0.0156855434877562 0.999701306278125 -0.0187419836544574 -0.15304317303488 0.233408630332869 0.0145654711466169 0.972269642813356 8.96100812660237
0.970240617672023 -0.015575606156183 -0.241641354722818 -1.43861640177094 0.0103264695429184 0.999682725945102 -0.0229741479439061 -0.16665777875823 0.241922524470522 0.0197951494017292 0.970093626519612 9.48698762249987
0.968095959574649 -0.0126368053852297 -0.250260912259375 -1.59717814531811 0.00633828380790689 0.999642945260878 -0.0259578147872115 -0.18323518172748 0.250499579268328 0.023543430926961 0.967830391983316 10.0297031341096
0.965818349311165 -0.0152887371113733 -0.258768565810061 -1.75119494748176 0.00842802584222773 0.999583473229367 -0.0276016018940557 -0.205409898757323 0.259082775410213 0.0244772254198574 0.965544913984578 10.587317232834
0.963178298838773 -0.018056572825582 -0.268256453461687 -1.89062432026441 0.0102758454800377 0.999485578406206 -0.0303806773736453 -0.228531088892979 0.268667027462839 0.0265054472855221 0.962868365675431 11.1261019291166
0.961252397145369 -0.017317752878625 -0.275125288582343 -2.0815790425458 0.0087555399789539 0.999439256035096 -0.0323189420571197 -0.250926741117592 0.275530705189022 0.0286577900622047 0.960865006942594 11.7117225914259
0.958976807231558 -0.0164859418999977 -0.283004764821436 -2.26993183674325 0.00664541569903242 0.999340582804247 -0.0356964705629964 -0.278089733004934 0.283406636552769 0.0323514030628922 0.958453997371657 12.2990701691208
0.956738767670918 -0.017443662756864 -0.290424945666101 -2.46246074868438 0.00580719368253002 0.99914715262704 -0.0408808500255585 -0.307135769251916 0.290890369275208 0.0374257401650712 0.956024114254463 12.8987211644575
0.954976947290245 -0.0189642071237556 -0.29607328314519 -2.65901691154571 0.0048482069642911 0.998819220495646 -0.0483390076201477 -0.340483730406542 0.296640396833331 0.0447272133788435 0.953941272484804 13.5081092347657
0.953288545006379 -0.019966947762384 -0.301400515853367 -2.84383376961022 0.00290467578962971 0.998372673534439 -0.0569523274173609 -0.378600728336747 0.302047202963674 0.0534165305570416 0.951795230837531 14.113542953961
0.952414712111697 -0.0195872133457618 -0.30417520810635 -3.07427033909759 -0.000288413065151716 0.99787474060467 -0.0651607157808085 -0.423891115955787 0.304805073729256 0.0621477524654839 0.950384934588292 14.7387621768949
0.951071657588054 -0.0190572186263405 -0.308382108026616 -3.29396439952745 -0.0040546893274295 0.997240208670324 -0.0741318130469413 -0.471806510742364 0.30894378392706 0.0717550599567479 0.948369627172567 15.3746534780827
0.949772657472187 -0.0182973253375013 -0.312405356874227 -3.52195102243177 -0.00746091112615111 0.996681507767964 -0.081057429508627 -0.52625966037024 0.312851776282935 0.0793169588352453 0.946484329567976 16.0285378171244
0.948225488350272 -0.016556836059718 -0.317166036048281 -3.76132147794316 -0.0119428527104265 0.996075085615487 -0.0877028624688878 -0.585221282309692 0.317373268426982 0.0869499568475523 0.944306048636873 16.6854352347308
0.94623239481121 -0.0162343545448751 -0.323080022196288 -3.98188728591627 -0.0149677735886721 0.995473013168575 -0.0938586480132517 -0.651688059522917 0.323141177759258 0.0936478819065788 0.941705821077246 17.3486158504636
0.944850161049038 -0.0134996791961491 -0.327224589276551 -4.25697837691771 -0.0199799995361767 0.99491298217954 -0.0987368092919153 -0.731938978850311 0.3268929072099 0.0998294373029055 0.93977396785804 18.0448399918363
0.943146613753016 -0.0112093469886523 -0.33218792197536 -4.51216572813691 -0.024092037295949 0.994496691755727 -0.101960305147864 -0.80073998689053 0.331502697885177 0.104166600342926 0.937686131212276 18.7148834675421
0.941393875408139 -0.0100553242387602 -0.337159401171759 -4.77871193617253 -0.0263658621120858 0.994303772114162 -0.103270760986035 -0.879791522883756 0.33627728537493 0.106107960182079 0.93576636407111 19.4124149932616
0.939196931250657 -0.00996225474588359 -0.343234435640898 -5.0512624991775 -0.0268558044102241 0.994386110553773 -0.102347588673208 -0.962274894036641 0.342327168216062 0.105342378073207 0.93365683914544 20.1269342418075
0.936931955649141 -0.0093670479093278 -0.349386274625865 -5.32744719708943 -0.0276708013454885 0.994515108066969 -0.100866379827195 -1.04545879387994 0.348414748878939 0.104172732708755 0.931533791401909 20.8426604423113
0.934096826091464 -0.00989376247487809 -0.356882659917715 -5.60896750684873 -0.0274294654187555 0.994672589892736 -0.0993683216267559 -1.131479158338 0.355964526199865 0.102608734424355 0.928849128603315 21.6146601411139
0.931166634911019 -0.00902186062058416 -0.364482241075519 -5.91208660452486 -0.0279212889779651 0.994993415245063 -0.095960956856285 -1.20786338625991 0.36352317622168 0.0995324552591142 0.926252768254861 22.277917704031
0.927741226964823 -0.00726049200669903 -0.373153455090029 -6.21953102992436 -0.0285417860259833 0.995502748422623 -0.0903307496561975 -1.28890789104619 0.37213113581136 0.0944540265887289 0.923361713859159 23.0497267551675
0.92427371433395 -0.00376630215912524 -0.3817118231852 -6.54474899395071 -0.0311146095926433 0.99588075804846 -0.0851668763001335 -1.36857697131818 0.380460224019832 0.0905943194514481 0.920349220253871 23.802336443456
0.920700307442923 0.000108454080586311 -0.390270332093307 -6.88375627991607 -0.0345053919575627 0.996106390307884 -0.0811260569339661 -1.44517227973999 0.388741973293807 0.0881592163390224 0.917119202052888 24.5684744816837
0.916780891709109 0.000447900916312233 -0.399390280279602 -7.22554343791414 -0.0350069334992141 0.996240745209709 -0.0792394610720332 -1.5244169431276 0.397853379028043 0.0866266527621484 0.913350158387896 25.3368009105714
0.912702389061095 0.0014539358535672 -0.408622362423673 -7.57313872385174 -0.0367456653124616 0.996234253027593 -0.0785306893850887 -1.60020567707924 0.406969415414616 0.0866902483851929 0.909318808643041 26.1215774682745
0.90898530652963 0.000538444395959388 -0.416827809282043 -7.93650483403929 -0.0361126336670726 0.996340865857121 -0.0774645513296878 -1.65907994360091 0.415260870059849 0.0854668889144473 0.905678652004353 26.8540673431399
0.905046020181056 0.00229817759622367 -0.425307441428161 -8.31511765186971 -0.0380865672800106 0.996405777474023 -0.0756633333207939 -1.73093108423973 0.423604904064221 0.08467729917826 0.901880613083915 27.6436787226133
0.901269672480008 0.00159790677873484 -0.43325561065231 -8.70029320251119 -0.0370654500043679 0.99661143488434 -0.0734288790173912 -1.80066051165569 0.431670163300353 0.0822380359183234 0.898274888641858 28.4288472668368
0.897276715607926 0.00196353770675722 -0.441464200301143 -9.1012310178398 -0.0363408354655319 0.996924771038122 -0.0694287013291651 -1.8837539695837 0.439970270933754 0.0783399349646233 0.894588740866001 29.2594778683979
0.893724584869712 0.00404174105299037 -0.448597849670195 -9.52444266897904 -0.0363843135419149 0.997318272380508 -0.0635015378084908 -1.93551470425643 0.447138175654401 0.0730748103331109 0.891474914939974 30.0432452108975
0.889943248917588 0.00390717159353198 -0.456054544672176 -9.93947946928777 -0.0347467123100359 0.997637816379258 -0.0592575169380976 -2.00057605192457 0.454745730809703 0.0685822232080881 0.887976800918912 30.8243374875106
0.886246525105278 0.00301533901947856 -0.463204063528612 -10.3714480298981 -0.0333654923114769 0.997796854373222 -0.0573426658406851 -2.06206322485215 0.462010649943953 0.066274769961889 0.884394603220115 31.6370699651138
0.883004437227829 0.00211201978938387 -0.469359886663074 -10.8175790425024 -0.0322426120535953 0.997900607766576 -0.0561675260898962 -2.12473526312431 0.46825588923571 0.0647295635046851 0.881218761604953 32.4573499606959
0.879891154144164 0.00284370920894032 -0.475166781432357 -11.2759457410906 -0.0324954025097848 0.998001166525436 -0.0542007419653733 -2.18160221604567 0.474062871014571 0.0631314892253058 0.878224805726653 33.2838068380924
0.876668687907764 0.00147877454781618 -0.481092324681985 -11.7264527624141 -0.0309016451651784 0.998103366220912 -0.0532424517144875 -2.25541431662796 0.480101135145674 0.0615425345945457 0.875051665027565 34.1308803268958
0.874282351096145 0.000382683546048626 -0.485417577056189 -12.2281253427609 -0.0296338235119666 0.998176593251987 -0.0525863593331874 -2.31003064039266 0.484512339436117 0.0603601046814953 0.872699519134152 34.9876699647954
0.872197876557652 -0.000611115019573363 -0.489152829560206 -12.7096475096598 -0.0292023561328159 0.998150543563213 -0.05331711527037 -2.35794054641844 0.488280745600945 0.060787489855188 0.870566938582261 35.8311046986962
0.870855506278213 -0.000106111730515636 -0.491539088908724 -13.207784635634 -0.030258528028157 0.99809186616414 -0.0538242341195357 -2.41623116128195 0.490606877924155 0.0617463799528847 0.869190586635766 36.6963393513778
0.869979353829052 -0.000271971000592743 -0.493088075239059 -13.7195490335447 -0.029827001662818 0.998139612929679 -0.0531757752402025 -2.49462077323207 0.492185202828154 0.0609691654229014 0.868352743408256 37.6312726880725
0.870296978455421 0.00130920501733845 -0.492525588445502 -14.2191138503495 -0.0302939244250392 0.998245408737935 -0.0508761444742407 -2.54268658862352 0.491594800048063 0.0591978877651591 0.868809623939473 38.4295290535537
0.869726305133159 -0.000866190434964984 -0.493533589407604 -14.7513452934708 -0.0274968961212678 0.998360172896446 -0.0502084243715544 -2.61378155987541 0.492767769708124 0.057238229255527 0.868276286816917 39.3849086181421
0.868824277063066 -0.00287266648591034 -0.49511223310791 -15.2664363758306 -0.0259959586188298 0.998339221991607 -0.0514101932371435 -2.68077938463963 0.494437645938624 0.0575373410964833 0.867306675091469 40.3026437917318
0.867748195854845 -0.00624373298178942 -0.496964872389501 -15.7991653970265 -0.0223938233087509 0.998414368942387 -0.0516455667699645 -2.7403225685215 0.496499330581902 0.0559442909314841 0.866232446312129 41.2169081408494
0.866207946740648 -0.00671013948299463 -0.499638636447852 -16.3383242292382 -0.0210384423510442 0.998533410732651 -0.0498839813373146 -2.80169474989985 0.499240600258825 0.0537215196987066 0.864796404579985 42.129453400187
0.864097373267718 -0.00588204321844671 -0.503290304972594 -16.8797929400663 -0.0198830941876883 0.998752283510162 -0.0458098106169573 -2.86655230394966 0.502931796645782 0.0495911055615249 0.862902271506937 43.0461754028808
0.861287860430635 -0.00517275595381735 -0.508090999793011 -17.416962936876 -0.018750017714195 0.998943591009553 -0.0419540083502796 -2.93079729250909 0.507771265739346 0.0456611933350433 0.860280998925748 43.9529606789736
0.857304385993528 -0.00651666502725344 -0.514768610963395 -18.0022874509455 -0.0161687560201154 0.99908575552925 -0.039575553404979 -2.99641294842871 0.514555887231914 0.0422514635896904 0.856415233831993 44.892257335205
0.85203583741655 -0.0101306438657052 -0.523385423767939 -18.5487378011489 -0.0139430382556796 0.999018830552693 -0.0420353171194281 -3.0455250130327 0.523297738808491 0.0431131796089835 0.851058593929891 45.772742830583
0.845918554044001 -0.0140767379916424 -0.533126294016362 -19.1218414764552 -0.0119075313783057 0.998903862095202 -0.0452690290128197 -3.10469163451866 0.533179154337996 0.0446421296401001 0.844823691453202 46.6784240462848
0.83980942148095 -0.0136348955631384 -0.542710074731265 -19.7281368335413 -0.0128866297839281 0.998902181971691 -0.0450373803079997 -3.16884403276163 0.542728357804017 0.0448165201145485 0.838711755706439 47.6258119025302
0.834039448149957 -0.0101354252080479 -0.551611704086822 -20.3213852864873 -0.0137429731723905 0.99913931019491 -0.039137827119316 -3.22501524414391 0.55153361603632 0.0402232765832245 0.833182308023167 48.4803787687022
0.828860300208245 -0.00553503318467204 -0.559428249328136 -20.9214125401174 -0.0168378906487075 0.999251257118411 -0.0348340434887596 -3.27825433295839 0.559202188995359 0.0382921474315454 0.828146498675132 49.3602000634522
0.82481305109234 -0.00564824243265639 -0.56537733250031 -21.5397657889401 -0.0180548184711994 0.999177041588723 -0.036321661470527 -3.33058730616401 0.565117204018526 0.0401663655242725 0.82403228626241 50.239023390875
0.821542983474962 -0.00766028349888688 -0.570095120449013 -22.1609004354278 -0.018719356696452 0.99900824942561 -0.0403992978212518 -3.38687853285517 0.569839198360317 0.0438615735729566 0.820584822170003 51.1103061690488
0.818299476809326 -0.00969692129107166 -0.574710306129147 -22.7668837794334 -0.0217208428570758 0.998621850474315 -0.0477766129066534 -3.4508828328373 0.574381555448259 0.0515787695930093 0.816961112469933 51.9621434427438
0.815652721800748 -0.0111957273965405 -0.578433482007303 -23.4101847295265 -0.0211496286300852 0.998567422238419 -0.0491507523129385 -3.50241834899429 0.578155109488657 0.0523235982342642 0.814247450373643 52.8063919212258
0.812341653172877 -0.00970209122932729 -0.583101112969384 -24.0494546468208 -0.0204129908333887 0.998775858306006 -0.0450565718884364 -3.56423818733708 0.582824457556126 0.0485041677681378 0.811149183186131 53.6759508923043
0.809330408458357 -0.007107754939001 -0.587310624596862 -24.6947683828069 -0.0200956991205817 0.999006259478058 -0.039782614299635 -3.61944969953426 0.587009755303508 0.0439996970828843 0.808383308731155 54.5315172949802
0.805656984874889 -0.00582370443396307 -0.592353701084891 -25.3518055944188 -0.0201591205781967 0.999102958278464 -0.0372409534885471 -3.6942666383593 0.592039215407068 0.0419447639865602 0.804816876186313 55.4804823779184
0.802913351812212 -0.00544384147497449 -0.596070896850093 -26.0219688450112 -0.0208841463689134 0.999087516591689 -0.0372556924656181 -3.73108226899461 0.595729806130364 0.0423615247677212 0.8020670167182 56.3035718092418
0.799359347955397 -0.00648880291972916 -0.600818215663433 -26.6712744884219 -0.0211957209651182 0.999014807433916 -0.0389891772232381 -3.79135050835046 0.600479287110797 0.0439011385324473 0.798434290212077 57.1576661563815
0.795327556713797 -0.00954942496007443 -0.606104682389597 -27.3374723642133 -0.0197037288882827 0.998940296094739 -0.0415938445692708 -3.84575167917944 0.605859588188187 0.0450232531153349 0.794296585715533 58.0179447830433
0.790842580388075 -0.00975594571394213 -0.611941855545408 -27.982855648803 -0.0203740684740016 0.998899080602375 -0.0422554624344166 -3.91648407095247 0.611680398884048 0.0458851642141152 0.789773158144854 58.9171171710449
0.786236462474784 -0.0105268468710483 -0.617836070952555 -28.6537758158337 -0.018727645265433 0.998989636057756 -0.0408531804392807 -3.9690416086605 0.617641886838926 0.0436908748384124 0.785244934449058 59.7088820131745
0.78137286155832 -0.0102602220272683 -0.623980111112617 -29.3430703064505 -0.0189606436586777 0.999012936008251 -0.0401702337586247 -4.02393407015799 0.623776358330621 0.0432189950383517 0.780407056128828 60.555930453499
0.77610624582452 -0.0113943719769991 -0.630499217667572 -30.0441235031107 -0.0187441089017472 0.998978117643587 -0.0411263765818753 -4.08436495639733 0.630323530874145 0.0437365837317521 0.775099579196006 61.3964911900774
0.770700560382151 -0.0123204954565484 -0.637078371645391 -30.7682147860821 -0.0189938520712042 0.998924565944127 -0.0422959234067994 -4.1568479398209 0.636914342600428 0.0446980642202971 0.76963770908449 62.3295498517786
0.765107796021238 -0.0138019813246523 -0.643754274377295 -31.4345582517505 -0.0184136786467028 0.998892370594028 -0.0433009053916763 -4.20266295813407 0.643638871500331 0.0449837446257745 0.764006194878826 63.0738752067944
0.759425319700378 -0.0153173583816981 -0.650414146778947 -32.1607835524652 -0.0177213684352649 0.998864851516073 -0.0442149466419992 -4.26246135156134 0.65035308632985 0.0451041787197135 0.758291814648727 63.9087338787998
0.75327410517184 -0.0175867039815436 -0.657471543354258 -32.8736190907713 -0.0163418070689776 0.998833358039116 -0.045440820965543 -4.31441231712249 0.657503663730693 0.0449736668659314 0.752107905469254 64.7232808886784
0.747007509657089 -0.0193111852313396 -0.664535069534239 -33.6798452607017 -0.0149124212550464 0.998839815399755 -0.0457891129472493 -4.39121306666985 0.664648328221945 0.044114638127778 0.745852866519013 65.6642466579444
0.740743910075482 -0.018967621855737 -0.67151968623952 -34.4127132050199 -0.0141174008549963 0.998941067547764 -0.0437886122140534 -4.43642943883439 0.671639158089509 0.0419162604208816 0.739691738789304 66.4515458363416
0.734346709714346 -0.0194977455813025 -0.678494471494765 -35.1750870646142 -0.0133457746486394 0.998979384519248 -0.0431518204085555 -4.49535371945909 0.678643352749249 0.0407434316521239 0.733337011575488 67.2623833589043
0.727801630946012 -0.0214250379434847 -0.685452955162821 -35.9484417357925 -0.012084405262696 0.998956011298099 -0.0440551318331737 -4.55159495684391 0.685681232893078 0.0403466880984256 0.726782905424802 68.0819249276521
0.721448787286242 -0.0229749468951546 -0.692086554657997 -36.7275166723954 -0.0120491868713012 0.998881628835959 -0.0457198935887053 -4.61674877007026 0.692362957139499 0.0413236420126167 0.72036511033771 68.8800565248515
0.715157673519016 -0.0220471891140394 -0.698615361596807 -37.5466961092293 -0.0139898008732544 0.998850682803803 -0.0458431994291837 -4.69943272650121 0.698823144635604 0.0425586056461793 0.714027294721328 69.7213685865649
0.710102041315761 -0.021299120011613 -0.703776554316724 -38.3691433916084 -0.0139057669881812 0.998923163905595 -0.0442621989660021 -4.7599050927137 0.703961448208394 0.0412172306149559 0.709041197207027 70.5307432584115
0.705241001616554 -0.0211218847416842 -0.708652944412029 -39.1828968717721 -0.0144846817943186 0.998918205324686 -0.0441883815524704 -4.81975328067616 0.708819669332191 0.0414280708682939 0.704172131876813 71.3215385925433
0.70035331192918 -0.0218801835693103 -0.713460928178133 -40.0227975280384 -0.0148337035596066 0.998868085022783 -0.0451941363633014 -4.88370224940042 0.713642207067754 0.0422351309917733 0.699236007369166 72.1430249595706
0.695604904359608 -0.0229777034412723 -0.718056990896562 -40.8623897039891 -0.0165047193554738 0.998713496962826 -0.0479473171645702 -4.94656777892387 0.718234927631522 0.0452037180865444 0.694330765990745 72.9192923302337
0.689790991143036 -0.026587092196567 -0.723520224365871 -41.719856185469 -0.0148944046546529 0.998592927606329 -0.0508952025696336 -5.02923258417319 0.723855334474985 0.0458834552224637 0.688424406372229 73.786603554229
0.684805565784794 -0.0279351162915199 -0.728190199294077 -42.5184195672511 -0.014295619393424 0.99855769635371 -0.0517509644251228 -5.08370715290479 0.728585597123856 0.0458492784081846 0.683418518430048 74.4905061795405
0.679974969271304 -0.0276894599775954 -0.732712313920435 -43.3624937063569 -0.01349223401753 0.998645014184127 -0.0502602752320425 -5.15274218910416 0.733111179007458 0.0440616551134158 0.678680020158956 75.261344035903
0.674855144998667 -0.0279473563089706 -0.73742082866174 -44.2400518291789 -0.0123018260882782 0.998717698708661 -0.0491082819997899 -5.22952726726915 0.737847679635656 0.0422125995576744 0.673645973857828 76.0490273226427
0.669942053056197 -0.0282090769302018 -0.741877276593369 -45.1243013197041 -0.0131686237217321 0.998669146342151 -0.0498650528277645 -5.30342781796278 0.742296593617487 0.0431761985703497 0.668678983504708 76.8286245261141
0.664923358662224 -0.0301479210788102 -0.746302907645397 -46.0574805429551 -0.011019807455616 0.998680337235623 -0.0501612187111103 -5.3689027294858 0.74683029595015 0.0415774803658004 0.663713659779157 77.6885387763424
0.660402782526176 -0.0307888030091676 -0.750280090660113 -46.9469104818164 -0.00995950099014366 0.998712043767328 -0.0497499947147177 -5.44370995576537 0.750845505528076 0.0403274502460766 0.659245571532292 78.466235831155
0.656450806047413 -0.0318565575374678 -0.753695892904801 -47.8563274199401 -0.00863806724684773 0.998725005449527 -0.0497367799930822 -5.51268625240012 0.754319377342211 0.0391602251232462 0.655338655760787 79.2466502692169
0.652440637841699 -0.033458479611592 -0.757100881147814 -48.8265783760132 -0.00759088562351456 0.998686278898765 -0.0506763731416257 -5.60662656175357 0.757801816142035 0.0388103914102814 0.651329533316595 80.1190165399435
0.648170183993148 -0.0384051593943309 -0.760526433672219 -49.685054912865 -0.00364852791833031 0.998559314274495 -0.0535348869400136 -5.6681013651414 0.761486769961447 0.0374745194438423 0.647096252165113 80.8140331087534
0.643329577253326 -0.0426510069407538 -0.764400383724391 -50.6000817483541 0.000745707853909979 0.998481425828442 -0.0550843552689712 -5.74347370096161 0.765588988263842 0.0348673756187842 0.642384438764362 81.5784449320892
0.636876879425434 -0.0460204665225144 -0.769590772498197 -51.5208006573021 0.00562571927948351 0.998467672726444 -0.0550514105434891 -5.82237696379604 0.770944999163955 0.03073146890875 0.636159873838959 82.3318832628194
0.628357068781098 -0.0499153349458908 -0.776322003713707 -52.4582598351635 0.0106822205453604 0.99839887093345 -0.0555480394166304 -5.90504573257579 0.777851710981628 0.0266111603664848 0.627884194630589 83.0953474746721
0.61957759207235 -0.0512670740998161 -0.783259404357887 -53.3408390305626 0.0132585117425391 0.998405951100889 -0.0548613586479801 -5.97402081669607 0.784823431905675 0.0236060144787999 0.619269680197751 83.7383488132255
0.610339571009208 -0.0493322439045839 -0.790602262690687 -54.4915820213688 0.0132407825931437 0.998554803313189 -0.0520863365622891 -6.06920670801088 0.792029222779448 0.0213221596349339 0.610110707799729 84.7267339826602
0.601230254029744 -0.0491412617258895 -0.797563363022222 -55.4770998411443 0.0126095414066496 0.998566410458545 -0.0520204130072996 -6.1440567718601 0.798976333257027 0.0212193378766555 0.600987985400068 85.4651423675868
0.591773224899099 -0.0504519824765578 -0.804524112601173 -56.473583529074 0.0119302261263995 0.998478328100015 -0.0538395581257146 -6.22236321581899 0.806016203309272 0.0222626543517238 0.591474643771077 86.1850111859091
0.582320251772227 -0.0525895297511769 -0.811256719994651 -57.2179842004606 0.0123108699668473 0.998361490640835 -0.0558818081853976 -6.285985109667 0.81286626628037 0.0225538326224228 0.582013537452052 86.560428840216
0.571541061533498 -0.0545495893241308 -0.818758302117134 -58.4795468972844 0.0127945838167648 0.998259054163951 -0.0575774209621162 -6.38217182085144 0.820473712928159 0.0224321885749393 0.571243978795068 87.5961254363745
0.561362585992149 -0.0554252465595175 -0.825711868082338 -59.5128363869434 0.0159680360388398 0.99829443194505 -0.0561537974902225 -6.46707613001539 0.827415898368692 0.0183376441051543 0.561290176232761 88.2989707161673
0.551083648414573 -0.0554542605163994 -0.832605331138747 -60.5586799721269 0.0173133613797804 0.998334419981637 -0.0550330209752466 -6.55257460456636 0.834270375818186 0.0159126009975778 0.551125874153696 88.9872093205653
0.541677206461057 -0.0559538711091235 -0.838722223568953 -61.4444434052224 0.0172565405822711 0.998312012667149 -0.0554557226226365 -6.62462660415233 0.840409433435679 0.0155656568242387 0.541728432445586 89.4430456625621
0.530989581318839 -0.056939150751792 -0.845463185267406 -62.6517652567182 0.0165120963351537 0.998245709322248 -0.0568581963690414 -6.71153851445867 0.847217454497641 0.0162307403215803 0.530998255988804 90.2775106140268
0.520974226845228 -0.0572367735783094 -0.851651223631695 -63.738875249981 0.0148635483817986 0.998206282164404 -0.0579939063783525 -6.79847012634767 0.853442985730458 0.0175547713703291 0.520890487635949 90.9311048568421
0.511726927167799 -0.0585144882928403 -0.857153199067255 -64.4465515476842 0.0143698891057408 0.998121357236784 -0.0595588995439744 -6.85924462245026 0.85902797294296 0.0181606962319062 0.51160642178718 91.1488769913554
0.501736138748736 -0.0580763265121464 -0.863068935469446 -65.8050972560367 0.0129836227252153 0.998136870721204 -0.0596172193901404 -6.96620321510021 0.864923275565202 0.0187063520157569 0.501555380571104 92.0654973680415
0.492900329848066 -0.0559485073958501 -0.868285108334725 -66.9222375515446 0.0121363310314505 0.998275473763498 -0.057435075967214 -7.05614536786086 0.87000113465717 0.0177719723846594 0.492729319903734 92.6999056727025
0.485183568467441 -0.054510148619954 -0.872711606767453 -68.0238510895779 0.0131489765726225 0.998396995501265 -0.0550503750136229 -7.14863652836273 0.874313450259283 0.0152342729225395 0.48512256969165 93.2903585964242
0.477554768366678 -0.0540862499734513 -0.876935642321635 -69.0087888186353 0.0123853124776801 0.998418657472208 -0.0548341904857089 -7.2200917567586 0.878514682429997 0.0153252071830084 0.477469465808777 93.7403040631962
0.469824246673764 -0.0574443517467062 -0.88088893947525 -70.1135555035669 0.0143713697418334 0.9982459527349 -0.05743240879621 -7.30205289478826 0.882642986132657 0.0143235575466487 0.46982570675734 94.3270787659866
0.462844323402379 -0.0609351020758144 -0.884342719554588 -71.2718107639617 0.0172923310260447 0.998065335878306 -0.0597206882563327 -7.39444399478855 0.886270899658721 0.0123490345021162 0.463002585052164 94.9329312502982
0.457018034169164 -0.0632934367719715 -0.887202602174805 -72.5075810333697 0.0178173128605773 0.997916251193977 -0.0620136998201799 -7.50203491541429 0.889278955000388 0.0125338128497085 0.45719344235112 95.6143164110822
0.451332110259211 -0.0677374168751497 -0.889781416193915 -73.4424935828178 0.0205329851891169 0.997639105530203 -0.0655332864742791 -7.56744935338216 0.892119791714202 0.0113074078363967 0.451657414153504 95.9845658884349
0.446609185923864 -0.0686513786451293 -0.892091488166179 -74.6000668262342 0.0231579898498881 0.997604925768248 -0.0651776003627101 -7.66713287152813 0.894429394952188 0.00844986941033697 0.447129351700838 96.5586410794968
0.442307427395127 -0.0661848674894183 -0.894418080646021 -75.7417151219584 0.0251241633174534 0.997796352327754 -0.0614102247107607 -7.76510279626052 0.896511525909568 0.00469069257533942 0.442995577082279 97.1278959059255
0.438570063000129 -0.0643890277710894 -0.896387389995395 -77.2143393971355 0.0280025284519059 0.997924819553295 -0.0579820051380109 -7.89469612870964 0.898260629350059 0.000328058253975458 0.439463006563031 97.9928558911572
0.435280318633013 -0.0635674912122035 -0.898048004436138 -78.1401296176967 0.0294831986614371 0.99797563848836 -0.0563503858056063 -7.96041901275006 0.899812083274854 -0.00194911383374023 0.436273326881017 98.3460278676273
0.432047954075675 -0.0635809944490936 -0.899606593197208 -79.268124586557 0.0310074176314885 0.997969236780313 -0.0556411941995046 -8.04379972446877 0.901317427675095 -0.00385481322308307 0.433142049429706 98.8978282244334
0.429331730855496 -0.0628554988826176 -0.900956964089207 -80.3788296739407 0.0330247832711393 0.998000696529715 -0.0538885276853713 -8.12979368425822 0.902542867996041 -0.00661785361125494 0.430549155664091 99.4343811196681
0.427344891922355 -0.0613661376806293 -0.90200362554373 -81.6551241019185 0.0336323494936393 0.99808222746986 -0.0519685700817373 -8.24544982758208 0.903462898195276 -0.00812799821387706 0.428589229017281 100.075312764348
0.424987068492304 -0.0630251535555153 -0.903002669782112 -82.7713467224057 0.0370780375326828 0.997948003272102 -0.052201550723605 -8.3090430485373 0.904439722008627 -0.0112965828695167 0.426451845427393 100.595595001546
0.422807235321983 -0.0635532282638373 -0.90398840088611 -83.9041982623876 0.0394971226910071 0.997882286447348 -0.0516809413008787 -8.38809736802066 0.905358503057498 -0.0138538648707838 0.424422020363728 101.118820540431
0.420485375267505 -0.0626392912446638 -0.905134447680847 -85.1025899211961 0.0430247111330583 0.997868256831635 -0.0490695041722491 -8.49900534858969 0.906278612468629 -0.0183101392719902 0.422284045852762 101.708779824459
0.418145685965791 -0.0617261702260025 -0.906280345818792 -86.2058702317042 0.0437847176522841 0.997898515542955 -0.0477645389099083 -8.56475549201921 0.907324133817848 -0.0197086931681668 0.419969622241056 102.216308644137
0.417186198836467 -0.0655854253419483 -0.906451447945832 -87.3676808347531 0.0496844642750735 0.997546993924005 -0.0493097244251019 -8.61123426195355 0.907461916286341 -0.0244652180839714 0.419421415278268 102.705570837567
0.415324738441363 -0.067319302312614 -0.907178854016536 -88.4019184191862 0.0506736483927549 0.997421605338144 -0.0508165579633985 -8.67468945433871 0.908260724130016 -0.0248646886331374 0.417665182008264 103.201934525176
0.414763727960302 -0.0672566597092367 -0.907440131189507 -89.4295788173721 0.0498563421955147 0.997446272499108 -0.0511397948814671 -8.79249218345462 0.908562268153018 -0.0240307137303643 0.417057705463228 103.687375270704
0.415328782785375 -0.0674310299182107 -0.907168704483454 -90.3861978047382 0.0477387549648102 0.997490311067989 -0.0522885322025482 -8.8678594600806 0.908417862805674 -0.0215901720617618 0.417505510150363 104.133794047247
0.417445062985004 -0.0680122045682434 -0.906153386253792 -91.4515172906635 0.0470405920733911 0.997475502910758 -0.0531959001269445 -8.93920332364404 0.907483775109412 -0.0204196259196503 0.419590558509687 104.61626386529
0.422292573815955 -0.0682990095459572 -0.903882861545089 -92.504424661356 0.0453037901490835 0.997501454776516 -0.0542071426738397 -9.02346448169138 0.905326763493726 -0.0180580456798474 0.424331660718594 105.085787006599
0.427257019971689 -0.0696344586285792 -0.901444663335702 -93.528559916087 0.0446583875681624 0.997438076476311 -0.0558830208117673 -9.09016858863764 0.903026614948155 -0.0163806522074459 0.429272182803097 105.563533922803
0.432406093564126 -0.0678863745607739 -0.899119797578502 -94.6087892285424 0.0429299741231811 0.997580929507151 -0.0546745498877769 -9.20401000888518 0.900656420379267 -0.0149575811093344 0.434274433045467 106.104451449447
0.439030112154771 -0.0662330455879081 -0.896027758662375 -95.494276165961 0.0400545578266185 0.997730478864835 -0.0541250768263797 -9.26804666539445 0.897579073407287 -0.0121274571241264 0.440686659390796 106.523917984994
0.446906057129724 -0.0649099739048111 -0.89222288212556 -96.493105819442 0.0388751592631343 0.997831096073142 -0.0531208593844037 -9.349583622875 0.893735810009328 -0.0109452728220175 0.448460146400795 107.023475425097
0.455941083083962 -0.0653294432887345 -0.887609031384769 -97.5201515556013 0.0396073090511167 0.997803693563242 -0.0530947283756209 -9.41577201607657 0.88912821900216 -0.0109477372609895 0.457527220198877 107.531086789101
0.465279726539028 -0.064483289854614 -0.882811804067715 -98.4938819031509 0.038419287632403 0.997874277519199 -0.0526391926548604 -9.49723214989137 0.884329539487167 -0.00942505146206947 0.466768073024871 108.047073381342
0.475414319419197 -0.0646099067813372 -0.877386337275028 -99.5796179052645 0.0379136734838277 0.997877748018886 -0.052939147818204 -9.5918472181339 0.878944695788161 -0.00809691017999325 0.476854969347488 108.625853229398
0.485919745706236 -0.0663588760254785 -0.871480636793166 -100.456984086459 0.0359571082361947 0.997787150175819 -0.0559275362528072 -9.65957290836409 0.873263469463871 -0.00415962938897934 0.487230551570064 109.085462620458
0.497188204779127 -0.0669738494289901 -0.865053982431832 -101.406951482637 0.0340987752502357 0.997754382049192 -0.0576495154192021 -9.74066080225639 0.866972411645805 -0.000834622248604616 0.498355436260868 109.632011054897
0.509633097846342 -0.0649468573178484 -0.857937067216516 -102.452962108733 0.0321889473004549 0.997888075676757 -0.0564203872179838 -9.82301463618095 0.859789495894914 0.00113760567585207 0.510647362278605 110.242653347864
0.522143132063618 -0.0624852782625533 -0.850565776197965 -103.36539808399 0.0303807317851597 0.998042221659734 -0.0546693233971299 -9.89975634602215 0.852316584829249 0.0027044010340697 0.523019240028561 110.796891921422
0.534149152774286 -0.0600035405429312 -0.843258120454719 -104.274943528333 0.0297649125520914 0.998194322861116 -0.0521741678285834 -9.97933658577887 0.844866103339031 0.00276928332816563 0.534970651997444 111.375797634212
0.545842832658339 -0.0598124423103575 -0.835750006748663 -105.174025221989 0.0298318916867542 0.99820374935865 -0.0519551056655874 -10.0523487710167 0.837356352023385 0.00342731836903733 0.546646680420623 111.962655710707
0.557941178278754 -0.0598202254791521 -0.82772168160834 -106.152529581684 0.0300157561658927 0.998200676503728 -0.0519082248712914 -10.1287614914631 0.829337504254272 0.00411704397866823 0.558732810908911 112.595549402608
0.568800900327542 -0.0616917066991582 -0.820158319540272 -107.015394524753 0.0307835215741876 0.998081117456129 -0.0537257645549711 -10.1912876301748 0.821898966166809 0.00531190192583575 0.569608526193088 113.180353646725
0.579543876606159 -0.0634951718392211 -0.812463696568292 -107.870090669646 0.0331587551369686 0.997971763250483 -0.0543401942625208 -10.2664063875307 0.814266167813739 0.00455224206624879 0.580473845273066 113.794905694015
0.590593042762613 -0.0625483482603362 -0.804541833573806 -108.751614407129 0.0327559643917057 0.99802802110496 -0.0535454562599497 -10.3498706788389 0.806304473903728 0.00527003028649486 0.591477237215103 114.44062446577
0.600547214358129 -0.0611305083640111 -0.797249085464417 -109.646139775216 0.0330928654948319 0.998119146085426 -0.0516045780046762 -10.4199446976897 0.798904190488467 0.0046077288176834 0.601440656470038 115.106149938005
0.61042699663459 -0.0585338721715345 -0.789906746134176 -110.45388710499 0.0335725655948954 0.998281496366097 -0.0480305824703603 -10.4890311701984 0.791360704495144 0.00279996815555199 0.611343107885643 115.727958332924
0.62106092627976 -0.0558967482381186 -0.78176651206414 -111.104088970147 0.0309058792140482 0.998424400936669 -0.0468352670992643 -10.5520479751001 0.783152700613701 0.00492637297178702 0.621809921415548 116.256527923381
0.630207839997652 -0.0559570687248571 -0.774407441122059 -111.907683954026 0.0301299401424335 0.998410830137651 -0.0476235337922324 -10.6199697520731 0.775841649508782 0.0066798745173952 0.630892315822538 116.919559454037
0.639904321846542 -0.0554400292746751 -0.766452126382425 -112.732188543363 0.0281335143912609 0.998415676902305 -0.048730293285693 -10.6865729395551 0.767939427461642 0.00961973335057195 0.640450229510576 117.591577534828
0.649900819756884 -0.0546956869197567 -0.758048353544618 -113.236922063191 0.0272338578413436 0.998442470854093 -0.0486923955238425 -10.7294722449283 0.759530935160911 0.011000646669573 0.650378154850272 118.043078472634
0.658725511589809 -0.0522259413656901 -0.750568552118468 -114.244100643582 0.0265746038671275 0.998580503064962 -0.0461602570165416 -10.8219848849169 0.75191388523557 0.0104608769706667 0.659178336448456 118.887785625662
