1.000000 0.000546 -0.000496 -0.001746 -0.000546 1.000000 0.000264 0.000114 0.000496 -0.000264 1.000000 -0.005975
0.999874 0.001644 0.015777 0.009820 -0.001628 0.999998 -0.000983 -0.002082 -0.015778 0.000957 0.999875 0.134822
0.999296 0.004591 0.037226 0.025550 -0.004574 0.999989 -0.000536 -0.003802 -0.037228 0.000365 0.999307 0.287201
0.997906 0.006327 0.064371 0.052209 -0.006389 0.999979 0.000753 -0.004795 -0.064365 -0.001163 0.997926 0.457479
0.995131 0.005902 0.098388 0.095648 -0.006235 0.999976 0.003071 -0.006317 -0.098368 -0.003670 0.995143 0.631297
0.990671 0.003036 0.136244 0.158301 -0.003748 0.999981 0.004968 -0.005419 -0.136226 -0.005432 0.990663 0.807437
0.984482 0.000233 0.175485 0.235152 -0.001167 0.999986 0.005223 -0.002745 -0.175482 -0.005346 0.984468 1.000338
0.975740 0.000560 0.218931 0.322053 -0.001987 0.999978 0.006297 0.000478 -0.218923 -0.006579 0.975720 1.208551
0.963806 -0.001961 0.266599 0.394618 -0.000623 0.999954 0.009607 -0.014908 -0.266606 -0.009426 0.963760 1.243983
0.948822 -0.003365 0.315792 0.544372 -0.002167 0.999850 0.017165 -0.000337 -0.315803 -0.016971 0.948673 1.637694
0.931721 -0.012407 0.362962 0.689140 0.003616 0.999684 0.024889 0.001637 -0.363156 -0.021877 0.931471 1.881746
0.910107 -0.017547 0.414002 0.842202 0.006060 0.999560 0.029042 0.004863 -0.414329 -0.023922 0.909813 2.115166
0.884347 -0.018376 0.466469 1.008051 0.003526 0.999459 0.032689 0.011444 -0.466817 -0.027264 0.883933 2.359002
0.857934 -0.025153 0.513145 1.119481 0.006492 0.999252 0.038126 -0.019942 -0.513720 -0.029379 0.857455 2.272133
0.826947 -0.027358 0.561614 1.367637 0.003296 0.999034 0.043813 0.008313 -0.562270 -0.034380 0.826238 2.696545
0.790575 -0.032794 0.611486 1.589913 0.005099 0.998883 0.046977 0.012540 -0.612344 -0.034021 0.789859 2.921737
0.752192 -0.037047 0.657902 1.844677 0.005766 0.998750 0.049648 0.017800 -0.658919 -0.033552 0.751466 3.151872
0.711584 -0.040688 0.701422 2.102554 0.006965 0.998681 0.050865 0.021772 -0.702567 -0.031309 0.710929 3.367964
0.668514 -0.044549 0.742364 2.315284 0.009208 0.998624 0.051635 0.010878 -0.743642 -0.027683 0.668004 3.335224
0.627640 -0.041539 0.777394 2.699839 0.001790 0.998650 0.051916 0.042790 -0.778501 -0.031193 0.626867 3.691490
0.585424 -0.041890 0.809645 3.069595 -0.001503 0.998606 0.052754 0.063988 -0.810726 -0.032101 0.584545 3.930807
0.545107 -0.043535 0.837235 3.486594 -0.002623 0.998557 0.053631 0.089002 -0.838362 -0.031431 0.544206 4.168078
0.506189 -0.045643 0.861214 3.954370 -0.003717 0.998474 0.055102 0.123628 -0.862414 -0.031093 0.505247 4.421032
0.467451 -0.048840 0.882669 4.204298 -0.004557 0.998326 0.057653 0.107371 -0.884007 -0.030972 0.466446 4.388753
0.433520 -0.052538 0.899611 4.770444 -0.001887 0.998244 0.059208 0.159401 -0.901142 -0.027366 0.432660 4.692692
0.399559 -0.051169 0.915278 5.291900 -0.000535 0.998428 0.056051 0.191583 -0.916707 -0.022886 0.398903 4.907562
0.369811 -0.049980 0.927762 5.850673 0.002339 0.998599 0.052864 0.224050 -0.929104 -0.017380 0.369410 5.113967
0.343216 -0.048096 0.938024 6.559840 0.006628 0.998787 0.048787 0.308744 -0.939233 -0.010528 0.343119 5.424861
0.322856 -0.047497 0.945255 7.166235 0.007954 0.998841 0.047473 0.341809 -0.946415 -0.007808 0.322860 5.632890
0.307009 -0.043244 0.950724 7.333108 0.000775 0.998978 0.045188 0.242411 -0.951706 -0.013137 0.306729 5.492741
0.295156 -0.047456 0.954270 8.230655 0.003222 0.998810 0.048674 0.275290 -0.955444 -0.011292 0.294957 5.849079
0.284436 -0.049741 0.957404 8.889503 0.001286 0.998672 0.051503 0.287563 -0.958694 -0.013418 0.284123 6.034130
0.273512 -0.051673 0.960480 9.598574 0.000229 0.998559 0.053656 0.320857 -0.961868 -0.014456 0.273130 6.249052
0.262923 -0.053578 0.963328 10.315078 -0.001273 0.998437 0.055878 0.348264 -0.964816 -0.015918 0.262444 6.456336
0.254430 -0.052204 0.965681 10.646553 -0.003087 0.998493 0.054791 0.376302 -0.967086 -0.016921 0.253886 6.420006
0.243748 -0.053436 0.968365 11.589928 -0.004829 0.998402 0.056309 0.397990 -0.969827 -0.018401 0.243100 6.722173
0.233418 -0.054817 0.970830 12.360312 -0.005238 0.998324 0.057629 0.429463 -0.972362 -0.018537 0.232739 6.904589
0.222647 -0.057757 0.973187 13.152769 -0.006916 0.998125 0.060820 0.464147 -0.974875 -0.020272 0.221830 7.092298
0.211124 -0.061584 0.975517 13.959155 -0.008768 0.997854 0.064892 0.500623 -0.977420 -0.022253 0.210131 7.276239
0.198920 -0.065461 0.977827 14.803683 -0.009347 0.997595 0.068686 0.544814 -0.979971 -0.022803 0.197829 7.440589
0.186463 -0.067647 0.980130 15.251107 -0.008607 0.997476 0.070482 0.593679 -0.982424 -0.021578 0.185410 7.444707
0.172474 -0.068009 0.982663 16.263984 -0.010587 0.997428 0.070889 0.638223 -0.984957 -0.022630 0.171311 7.664738
0.157999 -0.066988 0.985164 17.089361 -0.012274 0.997486 0.069794 0.680478 -0.987363 -0.023120 0.156779 7.797954
0.141295 -0.066108 0.987758 17.921259 -0.012825 0.997562 0.068598 0.720861 -0.989884 -0.022361 0.140103 7.914652
0.120758 -0.064638 0.990575 18.753583 -0.015635 0.997630 0.067004 0.759542 -0.992559 -0.023579 0.119461 8.019828
0.095969 -0.063763 0.993340 19.383478 -0.018578 0.997658 0.065835 0.790634 -0.995211 -0.024772 0.094559 8.018994
0.064995 -0.063063 0.995891 20.335579 -0.023296 0.997633 0.064694 0.830901 -0.997614 -0.027405 0.063372 8.096300
0.031825 -0.062975 0.997508 21.200962 -0.026576 0.997607 0.063829 0.869680 -0.999140 -0.028541 0.030075 8.117757
-0.002676 -0.062437 0.998045 22.078204 -0.028442 0.997650 0.062336 0.905619 -0.999592 -0.028220 -0.004445 8.111264
-0.036898 -0.060989 0.997456 22.646531 -0.029505 0.997767 0.059916 0.940009 -0.998883 -0.027219 -0.038615 8.045631
-0.067704 -0.059422 0.995934 23.730717 -0.031520 0.997854 0.057394 0.967948 -0.997207 -0.027506 -0.069432 7.986518
-0.100057 -0.056483 0.993377 24.604154 -0.034045 0.997997 0.053316 1.002009 -0.994399 -0.028485 -0.101779 7.894571
-0.132447 -0.051983 0.989826 25.464064 -0.031466 0.998341 0.048220 1.029849 -0.990691 -0.024760 -0.133863 7.770882
-0.166001 -0.045551 0.985073 26.101797 -0.025062 0.998805 0.041963 1.052488 -0.985807 -0.017722 -0.166945 7.629098
-0.194462 -0.040124 0.980089 27.062894 -0.019318 0.999126 0.037071 1.067102 -0.980720 -0.011724 -0.195067 7.445063
-0.223310 -0.034436 0.974139 27.902185 -0.013378 0.999390 0.032262 1.081265 -0.974656 -0.005827 -0.223634 7.235331
-0.250977 -0.028296 0.967579 28.736601 -0.004815 0.999597 0.027983 1.091157 -0.967981 0.002365 -0.251012 6.998379
-0.279354 -0.016831 0.960041 29.273401 0.000533 0.999843 0.017684 1.088781 -0.960188 0.005452 -0.279302 6.741880
-0.303142 -0.002185 0.952943 30.268316 0.005532 0.999976 0.004053 1.081112 -0.952929 0.006501 -0.303122 6.468881
-0.327810 0.015185 0.944622 31.065515 0.006477 0.999883 -0.013826 1.065846 -0.944722 0.001586 -0.327870 6.183586
-0.352991 0.030073 0.935143 31.859009 0.006610 0.999539 -0.029649 1.039648 -0.935603 -0.004284 -0.353027 5.876941
-0.378719 0.041379 0.924586 32.450590 0.010066 0.999125 -0.040591 0.998120 -0.925457 -0.006066 -0.378805 5.572785
-0.401490 0.044838 0.914765 33.357558 0.013011 0.998979 -0.043256 0.952699 -0.915771 -0.005465 -0.401663 5.210860
-0.424232 0.044600 0.904454 34.119437 0.016527 0.999001 -0.041510 0.905437 -0.905403 -0.002662 -0.424546 4.844437
-0.444343 0.040336 0.894948 34.882305 0.020248 0.999183 -0.034981 0.854126 -0.895628 0.002577 -0.444796 4.457185
-0.462159 0.039179 0.885931 35.624357 0.028071 0.999169 -0.029544 0.807948 -0.886353 0.011215 -0.462874 4.049531
-0.476424 0.040074 0.878302 36.121310 0.029119 0.999132 -0.029792 0.758616 -0.878733 0.011381 -0.477177 3.677335
-0.487446 0.044125 0.872037 37.006634 0.034103 0.998922 -0.031483 0.722136 -0.872487 0.014393 -0.488425 3.258956
-0.497388 0.046633 0.866274 37.718071 0.034865 0.998822 -0.033750 0.679445 -0.866827 0.013416 -0.498428 2.850227
-0.508155 0.046031 0.860035 38.412689 0.029037 0.998919 -0.036308 0.634939 -0.860776 0.006523 -0.508942 2.448746
-0.519144 0.044533 0.853526 38.994344 0.027388 0.998996 -0.035465 0.579024 -0.854248 0.004965 -0.519843 2.027836
-0.527997 0.046309 0.847983 39.715855 0.029875 0.998907 -0.035949 0.546716 -0.848721 0.006353 -0.528803 1.580672
-0.535158 0.049404 0.843306 40.411689 0.033058 0.998748 -0.037533 0.502137 -0.844105 0.007792 -0.536122 1.128786
-0.538570 0.052289 0.840957 41.113985 0.034134 0.998607 -0.040231 0.460385 -0.841889 0.007038 -0.539605 0.677006
-0.538204 0.054521 0.841049 41.834010 0.033896 0.998498 -0.043037 0.418896 -0.842133 0.005345 -0.539244 0.216890
-0.534905 0.054774 0.843135 42.568905 0.035903 0.998469 -0.042087 0.375873 -0.844149 0.007758 -0.536053 -0.247415
-0.528684 0.053198 0.847150 43.197368 0.032955 0.998568 -0.042140 0.323436 -0.848179 0.005639 -0.529680 -0.665547
-0.521532 0.051981 0.851647 44.083462 0.031600 0.998634 -0.041602 0.284583 -0.852646 0.005215 -0.522463 -1.166040
-0.514387 0.051520 0.856009 44.873129 0.030016 0.998664 -0.042069 0.238055 -0.857032 0.004055 -0.515246 -1.632004
-0.508010 0.049972 0.859900 45.686727 0.026847 0.998749 -0.042180 0.190340 -0.860933 0.001658 -0.508716 -2.104651
-0.503661 0.047585 0.862590 46.514543 0.022508 0.998866 -0.041960 0.138949 -0.863608 -0.001719 -0.504160 -2.578732
-0.502364 0.044981 0.863486 47.358279 0.018302 0.998975 -0.041392 0.091490 -0.864463 -0.004990 -0.502672 -3.057233
-0.502872 0.042396 0.863321 48.219288 0.015113 0.999075 -0.040259 0.040628 -0.864229 -0.007198 -0.503047 -3.543485
-0.504038 0.041029 0.862706 49.050878 0.013270 0.999121 -0.039764 -0.019679 -0.863580 -0.008595 -0.504139 -4.015882
-0.504631 0.040323 0.862393 49.856305 0.013620 0.999156 -0.038748 -0.064977 -0.863228 -0.007808 -0.504754 -4.499577
-0.504879 0.039827 0.862271 50.732751 0.013498 0.999177 -0.038247 -0.114903 -0.863085 -0.007671 -0.505001 -5.006111
-0.504807 0.038971 0.862352 51.622067 0.013656 0.999216 -0.037162 -0.166385 -0.863124 -0.006983 -0.504943 -5.526210
-0.505026 0.038650 0.862238 52.516332 0.013115 0.999225 -0.037109 -0.216485 -0.863004 -0.007433 -0.505142 -6.043778
-0.505022 0.036957 0.862315 53.579057 0.010748 0.999275 -0.036533 -0.283010 -0.863040 -0.009182 -0.505053 -6.613310
-0.505080 0.036185 0.862313 54.364122 0.010246 0.999302 -0.035933 -0.333828 -0.863011 -0.009314 -0.505099 -7.106012
-0.504500 0.035237 0.862692 55.268975 0.008879 0.999326 -0.035625 -0.390434 -0.863366 -0.010313 -0.504473 -7.629120
-0.503011 0.033695 0.863623 56.015100 0.008309 0.999382 -0.034152 -0.440462 -0.864240 -0.010003 -0.502980 -8.084814
-0.501071 0.031774 0.864823 57.107926 0.009093 0.999464 -0.031453 -0.496152 -0.865358 -0.007897 -0.501091 -8.677597
-0.498664 0.030321 0.866265 58.006976 0.009611 0.999520 -0.029453 -0.549715 -0.866742 -0.006362 -0.498716 -9.189800
-0.496242 0.030145 0.867661 58.904833 0.009862 0.999528 -0.029086 -0.599927 -0.868128 -0.005877 -0.496305 -9.697093
-0.494200 0.030518 0.868812 59.802238 0.010250 0.999519 -0.029279 -0.648252 -0.869288 -0.005564 -0.494275 -10.204148
-0.493150 0.031092 0.869388 60.695495 0.010327 0.999500 -0.029887 -0.698217 -0.869883 -0.005761 -0.493225 -10.710612
-0.494005 0.032232 0.868862 61.599278 0.009283 0.999451 -0.031798 -0.753182 -0.869410 -0.007643 -0.494033 -11.219987
-0.497079 0.033721 0.867050 62.390192 0.007465 0.999374 -0.034588 -0.815160 -0.867673 -0.010721 -0.497020 -11.676196
-0.501459 0.034549 0.864491 63.468048 0.006803 0.999329 -0.035992 -0.861966 -0.865155 -0.012168 -0.501358 -12.252370
-0.506907 0.033170 0.861362 64.351133 0.008239 0.999400 -0.033637 -0.916376 -0.861962 -0.009954 -0.506876 -12.768526
-0.512087 0.031011 0.858374 65.230963 0.009712 0.999493 -0.030316 -0.969671 -0.858879 -0.007188 -0.512129 -13.302297
-0.517717 0.027580 0.855107 65.891239 0.005273 0.999564 -0.029047 -1.031850 -0.855536 -0.010529 -0.517637 -13.731094
-0.522640 0.031086 0.851986 66.870333 0.007772 0.999467 -0.031699 -1.080489 -0.852518 -0.009945 -0.522603 -14.319852
-0.527940 0.032803 0.848648 67.737558 0.008372 0.999406 -0.033422 -1.126072 -0.849241 -0.010540 -0.527901 -14.848845
-0.532420 0.033715 0.845808 68.585632 0.007156 0.999350 -0.035331 -1.180391 -0.846450 -0.012758 -0.532315 -15.379255
-0.535995 0.033531 0.843555 69.160013 0.005322 0.999325 -0.036342 -1.229314 -0.844204 -0.014990 -0.535812 -15.769326
-0.539431 0.032989 0.841384 70.157577 0.007080 0.999375 -0.034644 -1.295440 -0.842000 -0.012731 -0.539327 -16.392946
-0.541752 0.026288 0.840127 71.001592 0.007967 0.999627 -0.026141 -1.340124 -0.840501 -0.007468 -0.541759 -16.936473
-0.543848 0.016913 0.839013 71.651970 0.005916 0.999849 -0.016320 -1.372025 -0.839163 -0.003912 -0.543866 -17.364530
-0.545485 0.015528 0.837977 72.607000 0.007682 0.999879 -0.013528 -1.424052 -0.838086 -0.000942 -0.545538 -17.967059
-0.546623 0.019883 0.837143 73.419878 0.007376 0.999794 -0.018930 -1.456710 -0.837347 -0.004173 -0.546656 -18.495108
-0.547800 0.026475 0.836190 74.229672 0.009421 0.999631 -0.025478 -1.493700 -0.836556 -0.006079 -0.547848 -19.023501
-0.547884 0.030125 0.836012 74.820251 0.014100 0.999542 -0.026777 -1.522477 -0.836436 -0.002883 -0.548057 -19.451360
-0.547989 0.031187 0.835904 75.779660 0.017768 0.999513 -0.025643 -1.574414 -0.836297 0.000800 -0.548276 -20.056617
-0.547707 0.027711 0.836211 76.593671 0.016296 0.999615 -0.022452 -1.613143 -0.836511 0.001330 -0.547948 -20.584090
-0.546650 0.023059 0.837043 77.291114 0.014845 0.999731 -0.017846 -1.642696 -0.837229 0.002670 -0.546845 -21.050765
-0.546209 0.016267 0.837491 78.138709 0.012513 0.999858 -0.011260 -1.682975 -0.837556 0.004329 -0.546335 -21.596334
-0.545687 0.010508 0.837923 78.952131 0.003917 0.999942 -0.009988 -1.714735 -0.837980 -0.002168 -0.545697 -22.108196
-0.544120 0.005308 0.838991 79.769420 -0.003624 0.999956 -0.008677 -1.736618 -0.839000 -0.007762 -0.544076 -22.616320
-0.541835 0.006069 0.840463 80.578433 -0.000147 0.999973 -0.007315 -1.764994 -0.840485 -0.004087 -0.541820 -23.146793
-0.538538 0.009424 0.842548 81.291527 0.003255 0.999953 -0.009104 -1.790391 -0.842595 -0.002160 -0.538544 -23.598057
-0.533376 0.012614 0.845784 82.086237 0.005979 0.999920 -0.011142 -1.817045 -0.845857 -0.000885 -0.533409 -24.097958
-0.525459 0.014973 0.850687 82.885385 0.011404 0.999879 -0.010554 -1.844811 -0.850742 0.004156 -0.525567 -24.598576
-0.517203 0.018269 0.855668 83.689873 0.018819 0.999773 -0.009970 -1.874472 -0.855656 0.010946 -0.517429 -25.095423
-0.507318 0.016946 0.861592 84.426551 0.015259 0.999827 -0.010680 -1.896289 -0.861624 0.007729 -0.507488 -25.529178
-0.495763 0.015066 0.868327 85.282843 0.014407 0.999855 -0.009123 -1.922794 -0.868339 0.007987 -0.495908 -26.011661
-0.484078 0.011992 0.874943 86.115187 0.014915 0.999874 -0.005452 -1.946604 -0.874898 0.010411 -0.484195 -26.469932
-0.472932 0.011147 0.881029 86.935764 0.014165 0.999887 -0.005047 -1.969537 -0.880985 0.010093 -0.473036 -26.906285
-0.461998 0.010310 0.886821 87.793601 0.014872 0.999882 -0.003877 -1.990490 -0.886756 0.011398 -0.462097 -27.329457
-0.449404 0.011375 0.893256 88.533509 0.016793 0.999850 -0.004284 -2.011873 -0.893171 0.013075 -0.449527 -27.713555
-0.437171 0.015051 0.899252 89.374074 0.016218 0.999829 -0.008850 -2.041188 -0.899232 0.010715 -0.437341 -28.121028
-0.425550 0.024142 0.904613 90.205773 0.018499 0.999667 -0.017976 -2.064359 -0.904746 0.009085 -0.425855 -28.510927
-0.413029 0.028695 0.910265 91.062861 0.017414 0.999570 -0.023609 -2.087836 -0.910551 0.006100 -0.413351 -28.895867
-0.401170 0.025690 0.915643 91.945785 0.016373 0.999648 -0.020874 -2.126273 -0.915857 0.006618 -0.401450 -29.278756
-0.390213 0.021881 0.920464 92.810384 0.015851 0.999729 -0.017046 -2.164410 -0.920588 0.007938 -0.390454 -29.622546
-0.379838 0.022214 0.924786 93.581398 0.013190 0.999740 -0.018596 -2.201987 -0.924959 0.005135 -0.380032 -29.938559
-0.372889 0.026717 0.927491 94.435546 0.008329 0.999641 -0.025447 -2.238466 -0.927839 -0.001764 -0.372978 -30.270652
-0.367904 0.031541 0.929329 95.281280 0.003009 0.999460 -0.032730 -2.280389 -0.929859 -0.009245 -0.367800 -30.589810
-0.364945 0.034032 0.930407 96.141675 0.000243 0.999335 -0.036458 -2.322252 -0.931029 -0.013079 -0.364710 -30.908666
-0.360889 0.033308 0.932014 97.034005 -0.000612 0.999353 -0.035951 -2.374335 -0.932608 -0.013545 -0.360635 -31.255855
-0.356032 0.033517 0.933873 97.885016 -0.001110 0.999341 -0.036290 -2.421773 -0.934473 -0.013957 -0.355760 -31.571071
-0.350750 0.029486 0.936005 98.715478 -0.003919 0.999449 -0.032953 -2.466909 -0.936461 -0.015227 -0.350441 -31.869670
-0.345067 0.025826 0.938223 99.540665 -0.003391 0.999581 -0.028762 -2.512062 -0.938572 -0.013107 -0.344835 -32.163116
-0.339157 0.022711 0.940456 100.400615 -0.005346 0.999646 -0.026068 -2.557044 -0.940714 -0.013868 -0.338916 -32.467370
-0.333424 0.021061 0.942542 101.250835 -0.013564 0.999540 -0.027133 -2.595030 -0.942680 -0.021831 -0.332984 -32.748801
-0.327855 0.020924 0.944496 102.128578 -0.021431 0.999333 -0.029578 -2.635643 -0.944485 -0.029938 -0.327188 -33.033977
-0.320720 0.025180 0.946839 102.922577 -0.019046 0.999273 -0.033026 -2.679915 -0.946983 -0.028626 -0.320007 -33.290797
-0.313824 0.028819 0.949044 103.827759 -0.016957 0.999210 -0.035950 -2.722796 -0.949330 -0.027374 -0.313088 -33.596637
-0.307156 0.026857 0.951280 104.649996 -0.018751 0.999237 -0.034265 -2.761900 -0.951475 -0.028362 -0.306418 -33.848265
-0.300062 0.021903 0.953668 105.514337 -0.018882 0.999404 -0.028895 -2.808330 -0.953733 -0.026678 -0.299470 -34.112664
-0.293139 0.019183 0.955877 106.376321 -0.020663 0.999438 -0.026394 -2.850694 -0.955847 -0.027488 -0.292578 -34.370442
-0.286995 0.022592 0.957666 107.274121 -0.021852 0.999307 -0.030123 -2.890638 -0.957683 -0.029572 -0.286303 -34.637435
-0.280466 0.025183 0.959534 108.122159 -0.021381 0.999244 -0.032475 -2.930024 -0.959626 -0.029624 -0.279715 -34.877837
-0.273868 0.025651 0.961425 108.982432 -0.023809 0.999157 -0.033440 -2.971833 -0.961473 -0.032049 -0.273026 -35.111294
-0.266960 0.025146 0.963380 109.848338 -0.024185 0.999170 -0.032782 -3.014396 -0.963404 -0.032051 -0.266130 -35.346932
-0.258429 0.025333 0.965698 110.734098 -0.018656 0.999339 -0.031208 -3.065745 -0.965850 -0.026081 -0.257786 -35.588608
-0.251022 0.025978 0.967633 111.604148 -0.016800 0.999372 -0.031188 -3.107912 -0.967836 -0.024085 -0.250428 -35.814758
-0.244596 0.026671 0.969258 112.482488 -0.015304 0.999391 -0.031363 -3.149925 -0.969504 -0.022505 -0.244039 -36.027195
-0.237499 0.025663 0.971049 113.348483 -0.021408 0.999270 -0.031645 -3.193967 -0.971152 -0.028304 -0.236776 -36.227322
-0.231923 0.023944 0.972439 114.231859 -0.025282 0.999211 -0.030633 -3.234847 -0.972406 -0.031689 -0.231134 -36.429362
-0.227373 0.024025 0.973511 115.106675 -0.022383 0.999303 -0.029890 -3.278423 -0.973551 -0.028586 -0.226676 -36.626795
-0.222326 0.024698 0.974659 115.975197 -0.020390 0.999343 -0.029974 -3.318708 -0.974759 -0.026537 -0.221677 -36.821937
-0.218088 0.025465 0.975597 116.820233 -0.020093 0.999330 -0.030576 -3.359178 -0.975722 -0.026271 -0.217430 -36.997734
-0.211971 0.024606 0.976966 117.690036 -0.013572 0.999512 -0.028119 -3.398741 -0.977182 -0.019220 -0.211533 -37.194192
-0.206652 0.023416 0.978134 118.571078 -0.006375 0.999660 -0.025278 -3.437999 -0.978394 -0.011459 -0.206433 -37.386779
-0.201880 0.022446 0.979153 119.446381 -0.004723 0.999703 -0.023891 -3.478798 -0.979399 -0.009447 -0.201714 -37.563228
-0.197266 0.024614 0.980041 120.357151 -0.006081 0.999635 -0.026330 -3.517724 -0.980331 -0.011154 -0.197045 -37.746916
-0.193944 0.026262 0.980661 121.208542 -0.008266 0.999562 -0.028403 -3.550956 -0.980978 -0.013615 -0.193642 -37.902340
-0.192149 0.025439 0.981036 122.088415 -0.010540 0.999553 -0.027984 -3.594123 -0.981309 -0.015717 -0.191795 -38.068734
-0.191072 0.024284 0.981276 122.964250 -0.010999 0.999578 -0.026878 -3.634040 -0.981514 -0.015929 -0.190724 -38.232051
-0.190062 0.019906 0.981570 123.833822 -0.009511 0.999710 -0.022116 -3.669732 -0.981726 -0.013539 -0.189818 -38.396465
-0.188895 0.014907 0.981884 124.786432 -0.010391 0.999798 -0.017178 -3.710106 -0.981942 -0.013448 -0.188702 -38.585090
-0.187799 0.013150 0.982119 125.616280 -0.008932 0.999846 -0.015096 -3.743810 -0.982167 -0.011608 -0.187653 -38.735844
-0.186563 0.018056 0.982277 126.476271 -0.008543 0.999763 -0.020000 -3.775738 -0.982406 -0.012123 -0.186365 -38.895257
-0.186574 0.021648 0.982202 127.334158 -0.008814 0.999680 -0.023707 -3.808040 -0.982401 -0.013081 -0.186324 -39.054933
-0.186606 0.020532 0.982220 128.207439 -0.012969 0.999643 -0.023360 -3.840448 -0.982349 -0.017097 -0.186273 -39.217250
-0.185869 0.019612 0.982379 129.087698 -0.014144 0.999644 -0.022633 -3.884677 -0.982473 -0.018102 -0.185526 -39.376687
-0.185159 0.020204 0.982501 129.946991 -0.009632 0.999703 -0.022372 -3.922947 -0.982661 -0.013606 -0.184910 -39.543183
-0.184489 0.022713 0.982572 130.764866 -0.012304 0.999601 -0.025417 -3.948967 -0.982758 -0.016779 -0.184136 -39.682734
-0.184994 0.023528 0.982458 131.659926 -0.020601 0.999401 -0.027813 -3.994815 -0.982524 -0.025384 -0.184399 -39.843869
-0.184185 0.024825 0.982578 132.516569 -0.026155 0.999203 -0.030148 -4.036274 -0.982544 -0.031252 -0.183389 -39.996206
-0.183926 0.028432 0.982529 133.347944 -0.022779 0.999190 -0.033178 -4.079606 -0.982676 -0.028483 -0.183129 -40.143767
-0.183416 0.029689 0.982587 134.107083 -0.021628 0.999180 -0.034227 -4.115125 -0.982797 -0.027529 -0.182624 -40.266767
-0.181712 0.030695 0.982873 134.962473 -0.022752 0.999114 -0.035409 -4.158455 -0.983089 -0.028796 -0.180853 -40.428385
-0.179883 0.030426 0.983217 135.772716 -0.014224 0.999337 -0.033527 -4.193673 -0.983585 -0.020017 -0.179331 -40.576953
-0.176355 0.026931 0.983958 136.600222 -0.008558 0.999546 -0.028892 -4.243366 -0.984289 -0.013516 -0.176045 -40.728060
-0.174387 0.022334 0.984424 137.388522 -0.004223 0.999717 -0.023429 -4.283943 -0.984668 -0.008243 -0.174243 -40.864818
-0.170519 0.021618 0.985117 138.199097 -0.002420 0.999747 -0.022357 -4.325875 -0.985351 -0.006196 -0.170423 -41.003870
-0.165805 0.026442 0.985804 138.999883 -0.002574 0.999625 -0.027246 -4.364830 -0.986155 -0.007055 -0.165675 -41.133260
-0.158956 0.029717 0.986838 139.843906 -0.000381 0.999545 -0.030161 -4.399260 -0.987286 -0.005170 -0.158872 -41.277297
-0.150898 0.030586 0.988076 140.599522 -0.000947 0.999516 -0.031085 -4.428959 -0.988549 -0.005626 -0.150796 -41.377033
-0.141203 0.026107 0.989636 141.409050 0.001718 0.999657 -0.026126 -4.471227 -0.989979 -0.001989 -0.141200 -41.487963
-0.129188 0.024618 0.991315 142.210741 0.005963 0.999693 -0.024049 -4.508611 -0.991602 0.002804 -0.129295 -41.600290
-0.115598 0.027281 0.992921 143.006785 0.010013 0.999604 -0.026299 -4.543625 -0.993246 0.006902 -0.115825 -41.687914
-0.101454 0.028304 0.994438 143.801782 0.009333 0.999578 -0.027498 -4.578247 -0.994796 0.006491 -0.101675 -41.763518
-0.087486 0.028391 0.995761 144.599149 0.011546 0.999556 -0.027485 -4.613623 -0.996099 0.009092 -0.087775 -41.830618
-0.073719 0.029916 0.996830 145.398930 0.012276 0.999501 -0.029089 -4.652983 -0.997203 0.010093 -0.074049 -41.894155
-0.060219 0.036239 0.997527 146.150716 0.009624 0.999315 -0.035723 -4.695822 -0.998139 0.007449 -0.060526 -41.919670
-0.047520 0.045331 0.997841 146.922912 0.002339 0.998972 -0.045271 -4.738890 -0.998868 0.000183 -0.047577 -41.938551
-0.033632 0.053304 0.998012 147.659757 -0.001167 0.998574 -0.053374 -4.780906 -0.999434 -0.002960 -0.033522 -41.952752
-0.020079 0.053858 0.998347 148.454313 -0.000426 0.998547 -0.053878 -4.831474 -0.999798 -0.001507 -0.020027 -41.967440
-0.008345 0.049704 0.998729 149.227464 -0.004600 0.998751 -0.049743 -4.885163 -0.999955 -0.005009 -0.008106 -41.960095
0.002308 0.047441 0.998871 149.999326 -0.008814 0.998836 -0.047419 -4.939750 -0.999958 -0.008695 0.002723 -41.945932
0.011173 0.054363 0.998459 150.783982 -0.012055 0.998456 -0.054228 -4.993536 -0.999865 -0.011431 0.011811 -41.930094
0.017797 0.061887 0.997924 151.462365 -0.015849 0.997975 -0.061608 -5.044341 -0.999716 -0.014720 0.018741 -41.898422
0.020884 0.064838 0.997677 152.221460 -0.018527 0.997749 -0.064454 -5.094653 -0.999610 -0.017138 0.022038 -41.874484
0.020768 0.060413 0.997957 152.974663 -0.020902 0.997981 -0.059979 -5.150200 -0.999566 -0.019614 0.021989 -41.848062
0.018955 0.056125 0.998244 153.737846 -0.021933 0.998206 -0.055706 -5.210395 -0.999580 -0.020838 0.020152 -41.827489
0.016326 0.053154 0.998453 154.525578 -0.020225 0.998399 -0.052820 -5.262973 -0.999662 -0.019332 0.017375 -41.820039
0.013644 0.053728 0.998462 155.285624 -0.017694 0.998412 -0.053483 -5.314601 -0.999750 -0.016937 0.014573 -41.819364
0.009549 0.053492 0.998523 155.977737 -0.016587 0.998439 -0.053329 -5.361616 -0.999817 -0.016053 0.010421 -41.793141
0.005095 0.051883 0.998640 156.718672 -0.017747 0.998501 -0.051785 -5.414935 -0.999830 -0.017459 0.006008 -41.786295
-0.000333 0.052433 0.998624 157.456213 -0.018361 0.998456 -0.052430 -5.458041 -0.999831 -0.018353 0.000630 -41.782241
-0.006413 0.050458 0.998706 158.192029 -0.019930 0.998521 -0.050576 -5.507568 -0.999781 -0.020229 -0.005398 -41.780202
-0.011808 0.047433 0.998805 158.943370 -0.017656 0.998709 -0.047637 -5.566767 -0.999774 -0.018197 -0.010955 -41.797072
-0.017363 0.047388 0.998726 159.708163 -0.017336 0.998712 -0.047688 -5.616072 -0.999699 -0.018142 -0.016519 -41.806428
-0.022217 0.049147 0.998544 160.471908 -0.019511 0.998579 -0.049583 -5.661318 -0.999563 -0.020584 -0.021226 -41.825581
-0.026305 0.051006 0.998352 161.161051 -0.019348 0.998484 -0.051522 -5.713274 -0.999467 -0.020672 -0.025278 -41.834036
-0.028747 0.053225 0.998169 161.873635 -0.019777 0.998356 -0.053804 -5.763757 -0.999391 -0.021288 -0.027647 -41.853046
-0.030196 0.054873 0.998037 162.594671 -0.016696 0.998325 -0.055394 -5.809742 -0.999405 -0.018336 -0.029229 -41.878314
-0.029337 0.053251 0.998150 163.322860 -0.013357 0.998470 -0.053660 -5.859232 -0.999480 -0.014906 -0.028581 -41.901073
-0.025453 0.049532 0.998448 164.028611 -0.011040 0.998697 -0.049826 -5.909697 -0.999615 -0.012291 -0.024873 -41.919418
-0.017946 0.049260 0.998625 164.821587 -0.012128 0.998701 -0.049482 -5.963455 -0.999765 -0.013000 -0.017326 -41.938603
-0.006912 0.050102 0.998720 165.525263 -0.007605 0.998713 -0.050154 -6.014044 -0.999947 -0.007942 -0.006522 -41.934543
0.007637 0.050332 0.998703 166.214068 -0.004794 0.998723 -0.050297 -6.057856 -0.999959 -0.004403 0.007869 -41.927078
0.022830 0.048240 0.998575 166.895897 -0.006037 0.998824 -0.048114 -6.099243 -0.999721 -0.004930 0.023095 -41.900914
0.038994 0.043354 0.998298 167.587098 -0.011490 0.999012 -0.042937 -6.143168 -0.999173 -0.009796 0.039453 -41.858823
0.055669 0.036821 0.997770 168.204110 -0.011843 0.999274 -0.036216 -6.179856 -0.998379 -0.009801 0.056065 -41.805553
0.072243 0.029777 0.996942 168.953867 -0.012668 0.999501 -0.028936 -6.215658 -0.997307 -0.010539 0.072584 -41.747532
0.089743 0.022822 0.995703 169.624264 -0.014309 0.999664 -0.021623 -6.241950 -0.995862 -0.012307 0.090039 -41.675451
0.106821 0.016997 0.994133 170.287170 -0.016323 0.999749 -0.015339 -6.269899 -0.994144 -0.014589 0.107071 -41.590878
0.124805 0.014176 0.992080 170.946801 -0.015133 0.999809 -0.012383 -6.299604 -0.992066 -0.013468 0.124996 -41.494866
0.142572 0.013235 0.989696 171.591349 -0.014079 0.999837 -0.011342 -6.307712 -0.989684 -0.012317 0.142735 -41.389463
0.160572 0.011794 0.986954 172.141696 -0.013590 0.999860 -0.009737 -6.333200 -0.986931 -0.011849 0.160710 -41.282194
0.176292 0.011240 0.984274 172.805364 -0.022358 0.999723 -0.007412 -6.336809 -0.984084 -0.020700 0.176494 -41.153359
0.190781 0.007545 0.981604 173.442084 -0.023878 0.999710 -0.003044 -6.354642 -0.981342 -0.022858 0.190906 -41.016686
0.203084 0.003348 0.979156 174.068510 -0.019946 0.999801 0.000718 -6.369980 -0.978958 -0.019676 0.203110 -40.883819
0.213874 0.002559 0.976858 174.677256 -0.017996 0.999837 0.001321 -6.375963 -0.976695 -0.017862 0.213885 -40.752000
0.223500 0.005786 0.974687 175.279677 -0.021468 0.999769 -0.001012 -6.400702 -0.974468 -0.020699 0.223572 -40.592634
0.232526 0.013344 0.972499 175.863772 -0.026656 0.999618 -0.007342 -6.411674 -0.972225 -0.024215 0.232792 -40.434066
0.241726 0.022453 0.970085 176.379969 -0.021988 0.999602 -0.017657 -6.452889 -0.970095 -0.017062 0.242123 -40.287607
0.249601 0.028228 0.967937 176.983226 -0.017364 0.999545 -0.024672 -6.458586 -0.968193 -0.010649 0.249978 -40.130060
0.256147 0.026182 0.966283 177.583789 -0.016151 0.999610 -0.022803 -6.473430 -0.966503 -0.009765 0.256470 -39.968178
0.261998 0.018686 0.964888 178.194917 -0.018441 0.999727 -0.014354 -6.489941 -0.964892 -0.014032 0.262271 -39.789941
0.266228 0.008394 0.963874 178.798642 -0.023379 0.999724 -0.002249 -6.509422 -0.963627 -0.021936 0.266351 -39.608996
0.268429 0.000281 0.963299 179.421611 -0.023817 0.999696 0.006345 -6.528769 -0.963005 -0.024647 0.268354 -39.431303
0.269296 -0.000615 0.963057 179.999961 -0.020031 0.999780 0.006239 -6.544308 -0.962849 -0.020971 0.269225 -39.270938
0.270619 0.001581 0.962685 180.625627 -0.016894 0.999852 0.003107 -6.547186 -0.962538 -0.017104 0.270606 -39.100372
0.272036 0.000843 0.962287 181.213799 -0.013048 0.999911 0.002812 -6.554568 -0.962199 -0.013321 0.272022 -38.931284
0.273775 -0.001329 0.961793 181.829172 -0.015270 0.999867 0.005728 -6.557497 -0.961672 -0.016254 0.273719 -38.750326
0.276909 -0.005347 0.960881 182.400638 -0.014083 0.999855 0.009622 -6.582913 -0.960793 -0.016197 0.276794 -38.575358
0.279773 -0.009843 0.960016 182.985875 -0.013694 0.999805 0.014242 -6.573146 -0.959968 -0.017131 0.279584 -38.389066
0.284224 -0.012832 0.958672 183.602169 -0.012306 0.999779 0.017031 -6.576509 -0.958679 -0.016638 0.284004 -38.201525
0.290606 -0.015090 0.956724 184.230424 -0.010016 0.999773 0.018811 -6.572610 -0.956790 -0.015049 0.290389 -38.010840
0.298257 -0.018504 0.954306 184.837140 -0.008011 0.999728 0.021889 -6.576626 -0.954452 -0.014174 0.298027 -37.810687
0.307996 -0.020281 0.951171 185.461006 -0.005723 0.999715 0.023170 -6.573507 -0.951370 -0.012580 0.307792 -37.607252
0.318616 -0.018129 0.947710 186.052988 -0.007022 0.999745 0.021485 -6.565916 -0.947858 -0.013500 0.318408 -37.386778
0.330045 -0.014910 0.943847 186.698898 -0.008100 0.999794 0.018626 -6.580768 -0.943930 -0.013792 0.329856 -37.164418
0.342093 -0.011898 0.939591 187.352624 -0.009082 0.999831 0.015968 -6.568731 -0.939622 -0.013996 0.341927 -36.917154
0.353910 -0.011764 0.935206 187.971454 -0.007569 0.999852 0.015442 -6.565786 -0.935249 -0.012543 0.353768 -36.679524
0.365023 -0.014816 0.930881 188.585970 -0.006455 0.999809 0.018444 -6.559159 -0.930976 -0.012741 0.364857 -36.424957
0.376103 -0.016086 0.926438 189.214610 -0.007533 0.999763 0.020417 -6.572126 -0.926547 -0.014657 0.375893 -36.166217
0.387230 -0.016770 0.921831 189.844476 -0.008926 0.999720 0.021936 -6.559511 -0.921940 -0.016723 0.386972 -35.890657
0.396694 -0.017994 0.917775 190.469240 -0.012553 0.999608 0.025024 -6.552858 -0.917865 -0.021448 0.396312 -35.605471
0.403762 -0.016827 0.914709 191.095482 -0.016124 0.999545 0.025505 -6.544596 -0.914722 -0.025046 0.403307 -35.316000
0.407923 -0.019843 0.912801 191.739515 -0.015838 0.999460 0.028805 -6.533929 -0.912879 -0.026207 0.407388 -35.016709
0.410245 -0.023432 0.911674 192.310444 -0.013613 0.999401 0.031812 -6.533057 -0.911874 -0.025461 0.409680 -34.738643
0.409845 -0.022543 0.911877 192.962529 -0.009004 0.999546 0.028758 -6.518218 -0.912111 -0.019997 0.409455 -34.459010
0.408576 -0.022266 0.912453 193.623299 -0.007541 0.999586 0.027770 -6.510462 -0.912693 -0.018227 0.408239 -34.159745
0.408132 -0.021288 0.912675 194.288517 -0.003669 0.999682 0.024958 -6.498592 -0.912916 -0.013535 0.407924 -33.869793
0.408394 -0.022878 0.912519 194.967685 -0.001285 0.999670 0.025638 -6.488448 -0.912805 -0.011643 0.408230 -33.558412
0.407232 -0.029044 0.912863 195.626398 0.002831 0.999530 0.030539 -6.474383 -0.913320 -0.009852 0.407123 -33.266143
0.405987 -0.031983 0.913319 196.311699 0.003405 0.999433 0.033485 -6.461883 -0.913872 -0.010485 0.405866 -32.959188
0.404242 -0.034735 0.913992 196.992848 0.004988 0.999348 0.035772 -6.448963 -0.914639 -0.009901 0.404151 -32.657565
0.403444 -0.034122 0.914368 197.734667 0.002651 0.999344 0.036123 -6.439222 -0.915000 -0.012150 0.403270 -32.338210
0.401287 -0.034398 0.915306 198.373318 0.000732 0.999306 0.037234 -6.418600 -0.915952 -0.014271 0.401034 -32.036720
0.399549 -0.033209 0.916110 199.060013 -0.000191 0.999341 0.036310 -6.407709 -0.916712 -0.014683 0.399279 -31.731909
0.398299 -0.029754 0.916773 199.743110 0.000228 0.999477 0.032339 -6.399507 -0.917256 -0.012672 0.398097 -31.433931
0.397922 -0.023893 0.917108 200.461329 0.000351 0.999665 0.025892 -6.392340 -0.917419 -0.009981 0.397797 -31.135297
0.396773 -0.021246 0.917671 201.118354 -0.001422 0.999717 0.023760 -6.378703 -0.917916 -0.010732 0.396631 -30.835607
0.395278 -0.024166 0.918244 201.810148 -0.002120 0.999627 0.027221 -6.369876 -0.918559 -0.012706 0.395079 -30.532050
0.394271 -0.026891 0.918601 202.503197 -0.003970 0.999513 0.030963 -6.359386 -0.918985 -0.015855 0.393973 -30.231608
0.391693 -0.026054 0.919727 203.218196 -0.008358 0.999457 0.031872 -6.362154 -0.920058 -0.020171 0.391263 -29.926971
0.387039 -0.026222 0.921690 203.890908 -0.011200 0.999388 0.033136 -6.347707 -0.921995 -0.023148 0.386508 -29.630942
0.380492 -0.027501 0.924375 204.582807 -0.010851 0.999356 0.034199 -6.333066 -0.924720 -0.023043 0.379949 -29.346963
0.371630 -0.027790 0.927965 205.271690 -0.010633 0.999359 0.034187 -6.322837 -0.928320 -0.022572 0.371096 -29.072272
0.361768 -0.026843 0.931882 206.002298 -0.008048 0.999458 0.031914 -6.323721 -0.932233 -0.019045 0.361356 -28.798692
0.351207 -0.023863 0.935994 206.641451 -0.008844 0.999546 0.028802 -6.311648 -0.936256 -0.018394 0.350836 -28.560985
0.339637 -0.023685 0.940258 207.337752 -0.011595 0.999501 0.029366 -6.292613 -0.940485 -0.020876 0.339193 -28.303784
0.328606 -0.031770 0.943933 208.053410 -0.006628 0.999332 0.035942 -6.276460 -0.944444 -0.018067 0.328175 -28.053858
0.320310 -0.039976 0.946469 208.794040 -0.003073 0.999060 0.043237 -6.274524 -0.947308 -0.016758 0.319886 -27.822441
0.313233 -0.045394 0.948591 209.476577 -0.003048 0.998804 0.048804 -6.252369 -0.949671 -0.018179 0.312720 -27.593776
0.309004 -0.046223 0.949937 210.180102 -0.008463 0.998645 0.051346 -6.226994 -0.951023 -0.023905 0.308195 -27.354611
0.306362 -0.048237 0.950692 210.886414 -0.007478 0.998562 0.053076 -6.202691 -0.951886 -0.023370 0.305561 -27.123509
0.304931 -0.049224 0.951102 211.562671 -0.005765 0.998550 0.053528 -6.182157 -0.952357 -0.021806 0.304205 -26.917201
0.303991 -0.047478 0.951491 212.351825 -0.006519 0.998630 0.051913 -6.154186 -0.952653 -0.021984 0.303265 -26.653522
0.303653 -0.045363 0.951702 213.067382 -0.009878 0.998662 0.050753 -6.125705 -0.952732 -0.024812 0.302798 -26.417288
0.304037 -0.046156 0.951541 213.789424 -0.010444 0.998604 0.051776 -6.100180 -0.952603 -0.025679 0.303131 -26.180066
0.305861 -0.047313 0.950900 214.382587 -0.010144 0.998546 0.052947 -6.079895 -0.952022 -0.025840 0.304936 -25.992406
0.307302 -0.049086 0.950345 215.189506 -0.009861 0.998451 0.054759 -6.051102 -0.951561 -0.026199 0.306342 -25.727239
0.308768 -0.050177 0.949813 215.912795 -0.006053 0.998484 0.054716 -6.022570 -0.951118 -0.022644 0.307996 -25.493509
0.311931 -0.051451 0.948710 216.640221 -0.005145 0.998427 0.055839 -5.990750 -0.950091 -0.022299 0.311176 -25.252440
0.316057 -0.053285 0.947243 217.299102 -0.005701 0.998297 0.058059 -5.964348 -0.948723 -0.023750 0.315215 -25.016053
0.321096 -0.057073 0.945325 218.089877 -0.007582 0.997996 0.062828 -5.930646 -0.947016 -0.027341 0.320019 -24.749060
0.326147 -0.060754 0.943365 218.824896 -0.008304 0.997710 0.067125 -5.894984 -0.945283 -0.029726 0.324896 -24.488676
0.330352 -0.060740 0.941901 219.552803 -0.009509 0.997662 0.067671 -5.860250 -0.943810 -0.031312 0.329002 -24.224171
0.334980 -0.056432 0.940534 220.212301 -0.013817 0.997803 0.064790 -5.834072 -0.942124 -0.034699 0.333465 -23.979491
0.339494 -0.050296 0.939262 220.974439 -0.018823 0.998006 0.060245 -5.790260 -0.940420 -0.038133 0.337871 -23.691752
0.344102 -0.047217 0.937744 221.708958 -0.022434 0.998036 0.058486 -5.751674 -0.938664 -0.041163 0.342366 -23.409020
0.348371 -0.047528 0.936151 222.435339 -0.024469 0.997912 0.059769 -5.722081 -0.937037 -0.043728 0.346481 -23.110557
0.352587 -0.045042 0.934694 223.127379 -0.025729 0.997997 0.057798 -5.694806 -0.935425 -0.044427 0.350722 -22.862000
0.356360 -0.042173 0.933396 223.861083 -0.026316 0.998131 0.055145 -5.662056 -0.933978 -0.044215 0.354584 -22.572922
0.361137 -0.041965 0.931568 224.599909 -0.026227 0.998135 0.055131 -5.630218 -0.932144 -0.044342 0.359363 -22.282958
0.365193 -0.043470 0.929916 225.391545 -0.026229 0.998032 0.056955 -5.602994 -0.930562 -0.045190 0.363334 -21.958555
0.369558 -0.043897 0.928170 226.078466 -0.022013 0.998190 0.055974 -5.574764 -0.928947 -0.041118 0.367923 -21.688914
0.373900 -0.043754 0.926436 226.815782 -0.019174 0.998308 0.054886 -5.548108 -0.927271 -0.038286 0.372428 -21.392740
0.377922 -0.041526 0.924906 227.544589 -0.020096 0.998390 0.053037 -5.517510 -0.925619 -0.038631 0.376479 -21.088417
0.382302 -0.041853 0.923089 228.277568 -0.024475 0.998165 0.055394 -5.487621 -0.923713 -0.043770 0.380576 -20.769085
0.387069 -0.042512 0.921070 229.041584 -0.027205 0.997975 0.057494 -5.461526 -0.921649 -0.047312 0.385129 -20.438390
0.391175 -0.040075 0.919443 229.734320 -0.024400 0.998249 0.053891 -5.438593 -0.919993 -0.043515 0.389512 -20.142246
0.394920 -0.033330 0.918111 230.454612 -0.023596 0.998644 0.046403 -5.413113 -0.918412 -0.039989 0.393598 -19.828690
0.398272 -0.026678 0.916879 231.172449 -0.029773 0.998674 0.041991 -5.383049 -0.916784 -0.044022 0.396950 -19.500332
0.401361 -0.027835 0.915497 231.928567 -0.036098 0.998281 0.046178 -5.358282 -0.915208 -0.051581 0.399667 -19.156805
0.403615 -0.038262 0.914129 232.667063 -0.034458 0.997781 0.056978 -5.331886 -0.914280 -0.054496 0.401400 -18.821085
0.405388 -0.050587 0.912744 233.406022 -0.030903 0.997139 0.068989 -5.297453 -0.913622 -0.056174 0.402665 -18.495123
0.407535 -0.058248 0.911330 234.138356 -0.032383 0.996414 0.078168 -5.261795 -0.912615 -0.061368 0.404187 -18.170760
0.409625 -0.060426 0.910251 234.844324 -0.032878 0.996178 0.080926 -5.223769 -0.911661 -0.063077 0.406072 -17.840589
0.412330 -0.055966 0.909314 235.560163 -0.032426 0.996577 0.076040 -5.179409 -0.910457 -0.060839 0.409104 -17.509891
0.416403 -0.050259 0.907790 236.274851 -0.031126 0.997098 0.069481 -5.132702 -0.908647 -0.057188 0.413630 -17.182289
0.420824 -0.045462 0.906003 236.971673 -0.031942 0.997381 0.064884 -5.095360 -0.906580 -0.056245 0.418270 -16.859600
0.424911 -0.043792 0.904175 237.722721 -0.029774 0.997613 0.062309 -5.056733 -0.904746 -0.053397 0.422592 -16.499020
0.428906 -0.041959 0.902374 238.437903 -0.028676 0.997785 0.060025 -5.020731 -0.902894 -0.051621 0.426752 -16.154121
0.432637 -0.043182 0.900534 239.149317 -0.027844 0.997736 0.061220 -4.984972 -0.901138 -0.051560 0.430455 -15.805872
0.436239 -0.048118 0.898543 239.844220 -0.026617 0.997442 0.066336 -4.945960 -0.899437 -0.052855 0.433843 -15.475712
0.439062 -0.054466 0.896804 240.619678 -0.023886 0.997100 0.072251 -4.906783 -0.898139 -0.053144 0.436488 -15.091358
0.441562 -0.059960 0.895225 241.344539 -0.022500 0.996711 0.077855 -4.863822 -0.896949 -0.054520 0.438760 -14.735492
0.443429 -0.065259 0.893931 242.067618 -0.020254 0.996362 0.082783 -4.810594 -0.896081 -0.054814 0.440494 -14.371671
0.445043 -0.071981 0.892612 242.796371 -0.018699 0.995800 0.089625 -4.757711 -0.895314 -0.056578 0.441828 -14.012265
0.446829 -0.073064 0.891631 243.522719 -0.018304 0.995704 0.090765 -4.709524 -0.894432 -0.056877 0.443572 -13.649378
0.448444 -0.060596 0.891754 244.165456 -0.029104 0.996180 0.082328 -4.666678 -0.893337 -0.062873 0.444968 -13.297932
0.449078 -0.047619 0.892223 244.887934 -0.029919 0.997217 0.068282 -4.619922 -0.892992 -0.057358 0.446404 -12.928543
0.449907 -0.039867 0.892185 245.602649 -0.029946 0.997768 0.059686 -4.569311 -0.892573 -0.053570 0.447709 -12.564105
0.449687 -0.042471 0.892176 246.327020 -0.029378 0.997625 0.062298 -4.527777 -0.892703 -0.054225 0.447372 -12.196270
