1.000000 0.000000 0.000000 0.000000 0.000000 1.000000 0.000000 0.000000 0.000000 0.000000 1.000000 0.000000
0.999991 -0.002466 -0.003343 -0.003080 0.002459 0.999995 -0.002216 -0.005077 0.003349 0.002208 0.999992 0.666620
0.999971 -0.001361 -0.007448 -0.012069 0.001334 0.999993 -0.003543 -0.011140 0.007453 0.003533 0.999966 1.365900
0.999938 -0.001027 -0.011106 -0.032269 0.000972 0.999987 -0.004986 -0.013089 0.011111 0.004975 0.999926 2.067020
0.999871 0.000216 -0.016033 -0.051484 -0.000308 0.999984 -0.005717 -0.015239 0.016031 0.005721 0.999855 2.797500
0.999795 -0.000756 -0.020225 -0.070140 0.000642 0.999984 -0.005643 -0.031231 0.020229 0.005629 0.999780 3.539850
0.999693 0.001050 -0.024758 -0.095091 -0.001225 0.999974 -0.007039 -0.034324 0.024750 0.007068 0.999669 4.294810
0.999567 0.003900 -0.029172 -0.131196 -0.004125 0.999962 -0.007670 -0.044149 0.029141 0.007788 0.999545 5.053440
0.999421 0.003938 -0.033794 -0.158059 -0.004137 0.999974 -0.005833 -0.053436 0.033771 0.005970 0.999412 5.848000
0.999258 0.003344 -0.038383 -0.191541 -0.003474 0.999988 -0.003329 -0.058438 0.038371 0.003460 0.999258 6.649460
0.999135 0.002939 -0.041489 -0.234817 -0.002963 0.999995 -0.000511 -0.066194 0.041487 0.000634 0.999139 7.453410
0.999017 0.004261 -0.044113 -0.274905 -0.004321 0.999990 -0.001271 -0.075667 0.044107 0.001460 0.999026 8.269160
0.998924 0.003825 -0.046223 -0.320634 -0.003900 0.999991 -0.001522 -0.080357 0.046217 0.001701 0.998930 9.088860
0.998864 0.001277 -0.047634 -0.366125 -0.001383 0.999997 -0.002200 -0.086981 0.047631 0.002263 0.998862 9.915700
0.998737 0.000685 -0.050230 -0.400639 -0.000746 0.999999 -0.001186 -0.096135 0.050229 0.001222 0.998737 10.765300
0.998658 -0.000762 -0.051780 -0.446667 0.000679 0.999998 -0.001618 -0.101842 0.051781 0.001581 0.998657 11.617400
0.998559 0.001409 -0.053650 -0.498171 -0.001615 0.999992 -0.003791 -0.112569 0.053644 0.003872 0.998553 12.476800
0.998497 0.001704 -0.054787 -0.551285 -0.002050 0.999978 -0.006250 -0.124528 0.054775 0.006353 0.998478 13.336800
0.998403 0.005483 -0.056227 -0.612720 -0.005929 0.999952 -0.007758 -0.137585 0.056182 0.008079 0.998388 14.211300
0.998328 0.006681 -0.057423 -0.665783 -0.007116 0.999948 -0.007364 -0.149352 0.057371 0.007760 0.998323 15.106500
0.998248 0.005688 -0.058900 -0.723590 -0.006040 0.999965 -0.005801 -0.163933 0.058865 0.006146 0.998247 15.992400
0.998179 0.006509 -0.059973 -0.786942 -0.006800 0.999966 -0.004655 -0.172371 0.059941 0.005054 0.998189 16.888600
0.998141 0.006031 -0.060650 -0.849245 -0.006313 0.999970 -0.004463 -0.188872 0.060622 0.004837 0.998149 17.793400
0.998012 0.006068 -0.062733 -0.905298 -0.006394 0.999967 -0.005001 -0.205425 0.062701 0.005393 0.998018 18.693300
0.997970 0.004420 -0.063535 -0.969152 -0.004772 0.999974 -0.005395 -0.220036 0.063510 0.005687 0.997965 19.605100
0.997926 0.004247 -0.064226 -1.027310 -0.004512 0.999982 -0.003990 -0.228049 0.064208 0.004271 0.997927 20.523100
0.997919 0.006111 -0.064196 -1.089470 -0.006176 0.999981 -0.000813 -0.238251 0.064190 0.001208 0.997937 21.447200
0.997977 0.007256 -0.063162 -1.152990 -0.007083 0.999971 0.002961 -0.247573 0.063182 -0.002508 0.997999 22.376500
0.998089 0.006281 -0.061477 -1.217920 -0.005946 0.999966 0.005629 -0.250846 0.061511 -0.005252 0.998093 23.311700
0.998175 0.006035 -0.060082 -1.272800 -0.005636 0.999961 0.006800 -0.261691 0.060121 -0.006449 0.998170 24.252600
0.998259 0.006572 -0.058622 -1.329650 -0.006360 0.999973 0.003798 -0.266557 0.058646 -0.003418 0.998273 25.197100
0.998308 0.007077 -0.057719 -1.389410 -0.007135 0.999974 -0.000793 -0.272101 0.057712 0.001204 0.998333 26.137100
0.998373 0.006945 -0.056600 -1.442560 -0.007157 0.999968 -0.003536 -0.288126 0.056573 0.003935 0.998391 27.085000
0.998410 0.004191 -0.056215 -1.490830 -0.004352 0.999987 -0.002737 -0.294938 0.056203 0.002978 0.998415 28.042700
0.998448 0.002587 -0.055634 -1.559190 -0.002459 0.999994 0.002374 -0.306711 0.055640 -0.002234 0.998448 29.016000
0.998394 -0.001386 -0.056639 -1.606950 0.001727 0.999981 0.005971 -0.318755 0.056630 -0.006059 0.998377 29.970200
0.998291 -0.008924 -0.057747 -1.654730 0.009257 0.999942 0.005494 -0.325604 0.057695 -0.006019 0.998316 30.947200
0.998190 -0.011194 -0.059093 -1.710150 0.011294 0.999935 0.001367 -0.328198 0.059074 -0.002032 0.998252 31.913300
0.998100 -0.010884 -0.060644 -1.770330 0.010735 0.999939 -0.002778 -0.333734 0.060670 0.002122 0.998156 32.892200
0.997993 -0.009369 -0.062629 -1.840170 0.009177 0.999952 -0.003355 -0.345756 0.062657 0.002773 0.998031 33.876400
0.997934 -0.009847 -0.063489 -1.896170 0.009766 0.999951 -0.001585 -0.363517 0.063501 0.000961 0.997981 34.850900
0.997883 -0.006747 -0.064682 -1.966370 0.006835 0.999976 0.001140 -0.375100 0.064672 -0.001579 0.997905 35.848800
0.997800 -0.006747 -0.065951 -2.033620 0.006943 0.999972 0.002737 -0.390813 0.065931 -0.003189 0.997819 36.827200
0.997745 -0.005537 -0.066890 -2.103960 0.005904 0.999969 0.005290 -0.398393 0.066858 -0.005673 0.997746 37.806000
0.997755 -0.005660 -0.066725 -2.167480 0.006222 0.999947 0.008212 -0.404162 0.066675 -0.008609 0.997738 38.792800
0.997733 0.000057 -0.067295 -2.245050 0.000647 0.999945 0.010440 -0.405366 0.067292 -0.010460 0.997679 39.777000
0.997721 0.000354 -0.067472 -2.320440 0.000300 0.999953 0.009692 -0.408444 0.067473 -0.009690 0.997674 40.780500
0.997737 0.000187 -0.067238 -2.394770 0.000362 0.999967 0.008159 -0.410899 0.067237 -0.008165 0.997704 41.772500
0.997721 0.002624 -0.067417 -2.466630 -0.002217 0.999979 0.006119 -0.422176 0.067432 -0.005956 0.997706 42.755100
0.997661 0.002244 -0.068324 -2.529180 -0.001849 0.999981 0.005847 -0.421228 0.068336 -0.005707 0.997646 43.737300
0.997584 0.000757 -0.069466 -2.600630 -0.000275 0.999976 0.006943 -0.428813 0.069470 -0.006907 0.997560 44.721700
0.997518 0.001532 -0.070390 -2.668980 -0.000974 0.999968 0.007959 -0.437018 0.070400 -0.007871 0.997488 45.691900
0.997505 0.003061 -0.070534 -2.741290 -0.002742 0.999986 0.004621 -0.446478 0.070547 -0.004416 0.997499 46.664800
0.997419 0.003591 -0.071711 -2.814630 -0.003568 0.999994 0.000446 -0.452832 0.071712 -0.000189 0.997425 47.632300
0.997412 0.005047 -0.071724 -2.900310 -0.005130 0.999986 -0.000967 -0.458687 0.071719 0.001333 0.997424 48.583300
0.997389 0.002961 -0.072156 -2.964170 -0.002755 0.999992 0.002952 -0.475547 0.072164 -0.002745 0.997389 49.570100
0.997390 0.001148 -0.072196 -3.037340 -0.000722 0.999982 0.005927 -0.483503 0.072201 -0.005859 0.997373 50.541200
0.997367 -0.000187 -0.072514 -3.108980 0.000663 0.999978 0.006551 -0.495981 0.072511 -0.006582 0.997346 51.500400
0.997323 -0.003848 -0.073023 -3.167820 0.004257 0.999976 0.005444 -0.502563 0.073000 -0.005740 0.997315 52.449400
0.997298 -0.006525 -0.073174 -3.240390 0.006859 0.999967 0.004316 -0.512424 0.073143 -0.004807 0.997310 53.405000
0.997195 -0.008202 -0.074400 -3.308700 0.008609 0.999950 0.005146 -0.516314 0.074354 -0.005772 0.997215 54.358500
0.997054 -0.012052 -0.075751 -3.369850 0.012811 0.999872 0.009539 -0.525689 0.075626 -0.010482 0.997081 55.305000
0.997028 -0.012583 -0.076001 -3.447960 0.013687 0.999808 0.014022 -0.523905 0.075810 -0.015021 0.997009 56.248500
0.997001 -0.010633 -0.076649 -3.526900 0.011935 0.999792 0.016547 -0.527082 0.076457 -0.017412 0.996921 57.184100
0.996862 -0.010084 -0.078515 -3.595150 0.011096 0.999861 0.012471 -0.527373 0.078378 -0.013303 0.996835 58.142100
0.996796 -0.008227 -0.079562 -3.673140 0.008661 0.999949 0.005113 -0.536996 0.079516 -0.005785 0.996817 59.045000
0.996754 -0.006062 -0.080283 -3.754980 0.006096 0.999981 0.000180 -0.543620 0.080280 -0.000668 0.996772 59.956600
0.996693 -0.001467 -0.081242 -3.837540 0.001550 0.999998 0.000964 -0.551715 0.081241 -0.001086 0.996694 60.857300
0.996594 0.000890 -0.082465 -3.918760 -0.000596 0.999993 0.003586 -0.567966 0.082468 -0.003525 0.996588 61.756000
0.996511 0.003513 -0.083386 -3.998310 -0.003103 0.999982 0.005041 -0.578851 0.083403 -0.004765 0.996505 62.642000
0.996363 0.004085 -0.085107 -4.067890 -0.003678 0.999981 0.004936 -0.592104 0.085126 -0.004605 0.996360 63.522000
0.996264 0.005656 -0.086171 -4.154560 -0.005168 0.999969 0.005895 -0.599654 0.086202 -0.005428 0.996263 64.370900
0.996139 0.006702 -0.087531 -4.233800 -0.006147 0.999959 0.006616 -0.610623 0.087571 -0.006053 0.996140 65.213400
0.996010 0.006321 -0.089014 -4.305940 -0.005725 0.999959 0.006947 -0.619307 0.089054 -0.006409 0.996006 66.030300
0.995930 0.006402 -0.089898 -4.383440 -0.005724 0.999953 0.007797 -0.624085 0.089944 -0.007251 0.995920 66.834600
0.995754 0.008868 -0.091629 -4.459510 -0.007917 0.999911 0.010738 -0.631958 0.091716 -0.009967 0.995735 67.637200
0.995625 0.010570 -0.092844 -4.540460 -0.009232 0.999847 0.014827 -0.636036 0.092986 -0.013905 0.995570 68.428700
0.995444 0.013462 -0.094394 -4.621450 -0.011954 0.999792 0.016515 -0.638332 0.094597 -0.015311 0.995398 69.199900
0.995277 0.016293 -0.095696 -4.703820 -0.015173 0.999808 0.012420 -0.644144 0.095880 -0.010909 0.995333 69.953800
0.995136 0.016242 -0.097158 -4.776100 -0.015810 0.999861 0.005217 -0.651228 0.097229 -0.003656 0.995255 70.676600
0.994992 0.015306 -0.098777 -4.848250 -0.015435 0.999881 -0.000540 -0.659507 0.098757 0.002062 0.995109 71.384500
0.994940 0.015728 -0.099233 -4.920680 -0.015991 0.999870 -0.001855 -0.663337 0.099191 0.003433 0.995062 72.074200
0.994842 0.018543 -0.099728 -5.003500 -0.018454 0.999828 0.001817 -0.673649 0.099745 0.000033 0.995013 72.754700
0.994706 0.019123 -0.100964 -5.077060 -0.018795 0.999815 0.004199 -0.690912 0.101025 -0.002279 0.994881 73.407500
0.994665 0.015685 -0.101961 -5.140830 -0.015691 0.999877 0.000737 -0.697998 0.101960 0.000867 0.994788 74.037600
0.994746 0.007462 -0.102102 -5.191150 -0.007941 0.999959 -0.004287 -0.714000 0.102066 0.005075 0.994765 74.654800
0.994865 0.003581 -0.101150 -5.244310 -0.004541 0.999947 -0.009263 -0.719006 0.101112 0.009675 0.994828 75.254200
0.995151 0.005863 -0.098185 -5.302390 -0.006809 0.999933 -0.009308 -0.733747 0.098124 0.009931 0.995125 75.834400
0.995508 0.010945 -0.094043 -5.367280 -0.011598 0.999912 -0.006397 -0.745381 0.093965 0.007459 0.995548 76.408200
0.995963 0.009379 -0.089268 -5.418870 -0.009693 0.999948 -0.003082 -0.757649 0.089235 0.003935 0.996003 76.965100
0.996472 0.005632 -0.083740 -5.453700 -0.005590 0.999984 0.000732 -0.761471 0.083743 -0.000261 0.996487 77.510200
0.997152 0.001219 -0.075409 -5.484460 -0.000887 0.999990 0.004440 -0.778637 0.075413 -0.004360 0.997143 78.040500
0.997881 0.004903 -0.064874 -5.514170 -0.004630 0.999980 0.004354 -0.788772 0.064894 -0.004045 0.997884 78.556200
0.998714 0.010166 -0.049675 -5.543670 -0.009991 0.999943 0.003766 -0.793407 0.049710 -0.003265 0.998758 79.061700
0.999390 0.015255 -0.031409 -5.560830 -0.015130 0.999877 0.004227 -0.796928 0.031470 -0.003750 0.999498 79.557000
0.999865 0.013694 -0.009076 -5.553830 -0.013648 0.999894 0.005085 -0.806805 0.009145 -0.004960 0.999946 80.033300
0.999803 0.010452 0.016894 -5.519480 -0.010553 0.999927 0.005929 -0.810318 -0.016831 -0.006106 0.999840 80.493300
0.998890 0.009209 0.046194 -5.472480 -0.009564 0.999926 0.007467 -0.817183 -0.046122 -0.007901 0.998905 80.949600
0.996803 0.008849 0.079413 -5.417860 -0.009604 0.999912 0.009124 -0.825202 -0.079325 -0.009858 0.996800 81.400900
0.993085 0.008837 0.117063 -5.343360 -0.009988 0.999907 0.009251 -0.824815 -0.116970 -0.010356 0.993081 81.840700
0.987285 0.008859 0.158712 -5.255310 -0.010502 0.999900 0.009513 -0.833623 -0.158612 -0.011059 0.987279 82.250900
0.978948 0.008516 0.203930 -5.141070 -0.010649 0.999899 0.009362 -0.837377 -0.203829 -0.011336 0.978941 82.667300
0.967478 0.010690 0.252731 -5.004630 -0.012964 0.999889 0.007332 -0.845454 -0.252624 -0.010370 0.967509 83.069500
0.951935 0.011686 0.306078 -4.855150 -0.013768 0.999894 0.004643 -0.853414 -0.305992 -0.008634 0.951995 83.451200
0.932090 0.012306 0.362018 -4.676180 -0.013943 0.999901 0.001908 -0.851276 -0.361959 -0.006826 0.932169 83.822200
0.907997 0.012499 0.418789 -4.482700 -0.013970 0.999902 0.000446 -0.861757 -0.418743 -0.006255 0.908083 84.147900
0.878764 0.012814 0.477084 -4.266220 -0.013736 0.999904 -0.001556 -0.866519 -0.477059 -0.005186 0.878856 84.477800
0.845304 0.011726 0.534157 -4.022330 -0.011231 0.999928 -0.004177 -0.868706 -0.534168 -0.002468 0.845375 84.782200
0.808437 0.011163 0.588477 -3.759930 -0.009981 0.999936 -0.005257 -0.879734 -0.588498 -0.001624 0.808497 85.069900
0.768420 0.010270 0.639864 -3.481320 -0.008969 0.999946 -0.005279 -0.880637 -0.639883 -0.001682 0.768470 85.341700
0.726695 0.008863 0.686903 -3.187370 -0.010135 0.999946 -0.002180 -0.897275 -0.686885 -0.005377 0.726746 85.572200
0.681048 0.008146 0.732193 -2.895560 -0.009907 0.999949 -0.001910 -0.904045 -0.732172 -0.005953 0.681094 85.795700
0.634337 0.006900 0.773025 -2.575320 -0.006814 0.999971 -0.003334 -0.909618 -0.773026 -0.003153 0.634366 86.001600
0.587416 0.004298 0.809274 -2.241090 -0.001248 0.999990 -0.004405 -0.916150 -0.809284 0.001578 0.587415 86.184800
0.541162 0.006493 0.840893 -1.900970 -0.003829 0.999979 -0.005257 -0.927751 -0.840910 -0.000375 0.541175 86.349500
0.493071 0.009463 0.869938 -1.571500 -0.007298 0.999951 -0.006741 -0.934119 -0.869958 -0.003025 0.493116 86.514800
0.447921 0.011558 0.893999 -1.228090 -0.007850 0.999929 -0.008995 -0.940937 -0.894039 -0.002989 0.447979 86.645900
0.404440 0.009234 0.914518 -0.877043 -0.001086 0.999953 -0.009617 -0.947780 -0.914564 0.002896 0.404432 86.771600
0.365085 0.001532 0.930973 -0.506170 0.013926 0.999878 -0.007107 -0.951842 -0.930870 0.015560 0.365020 86.856500
0.329657 -0.001995 0.944099 -0.139864 0.018128 0.999827 -0.004218 -0.954729 -0.943927 0.018505 0.329636 86.946300
0.296631 0.002104 0.954990 0.230503 0.015651 0.999853 -0.007064 -0.961271 -0.954864 0.017042 0.296555 87.042000
0.265519 0.009108 0.964062 0.592896 0.004869 0.999930 -0.010788 -0.979086 -0.964093 0.007558 0.265457 87.141600
0.236338 0.014364 0.971565 0.981783 -0.001105 0.999894 -0.014514 -0.991462 -0.971670 0.002357 0.236329 87.237900
0.210649 0.015937 0.977432 1.371960 0.000363 0.999866 -0.016381 -1.005620 -0.977562 0.003805 0.210615 87.301100
0.186860 0.017458 0.982231 1.782290 0.007468 0.999788 -0.019191 -1.014640 -0.982358 0.010922 0.186690 87.358600
0.167102 0.023398 0.985662 2.192490 0.014463 0.999553 -0.026179 -1.018610 -0.985834 0.018631 0.166688 87.394600
0.147397 0.030721 0.988600 2.620580 0.016234 0.999308 -0.033474 -1.012930 -0.988944 0.020983 0.146796 87.446200
0.129763 0.031274 0.991052 3.059140 0.013996 0.999345 -0.033369 -1.026880 -0.991446 0.018201 0.129240 87.499100
0.114358 0.026935 0.993074 3.522510 0.011908 0.999523 -0.028482 -1.050590 -0.993368 0.015083 0.113983 87.548200
0.099546 0.023693 0.994751 3.992650 0.011460 0.999623 -0.024956 -1.071920 -0.994967 0.013884 0.099237 87.593500
0.086591 0.021333 0.996016 4.477590 0.014137 0.999644 -0.022640 -1.085680 -0.996144 0.016041 0.086258 87.621200
0.074959 0.020530 0.996975 4.972900 0.017740 0.999602 -0.021917 -1.100130 -0.997029 0.019329 0.074565 87.645300
0.064649 0.021256 0.997682 5.486100 0.021149 0.999519 -0.022666 -1.113130 -0.997684 0.022565 0.064168 87.673000
0.056820 0.021823 0.998146 6.025040 0.023018 0.999467 -0.023162 -1.125230 -0.998119 0.024291 0.056288 87.696400
0.051397 0.022068 0.998434 6.564320 0.024931 0.999416 -0.023373 -1.144280 -0.998367 0.026093 0.050817 87.714800
0.046019 0.023121 0.998673 7.124000 0.026283 0.999358 -0.024348 -1.158810 -0.998595 0.027368 0.045382 87.733100
0.039967 0.023834 0.998917 7.711420 0.026456 0.999340 -0.024903 -1.177610 -0.998851 0.027422 0.039310 87.755800
0.035164 0.023868 0.999097 8.313580 0.028887 0.999273 -0.024888 -1.191010 -0.998964 0.029737 0.034449 87.775200
0.032345 0.023786 0.999194 8.935970 0.030205 0.999237 -0.024765 -1.208150 -0.999020 0.030982 0.031602 87.789300
0.029528 0.023150 0.999296 9.574060 0.031362 0.999218 -0.024075 -1.230200 -0.999072 0.032051 0.028779 87.800900
0.027029 0.022447 0.999383 10.230300 0.033402 0.999169 -0.023346 -1.250310 -0.999076 0.034012 0.026257 87.817100
0.026574 0.022152 0.999401 10.908200 0.038095 0.999006 -0.023156 -1.269580 -0.998921 0.038688 0.025704 87.826000
0.027734 0.021679 0.999380 11.598600 0.041866 0.998862 -0.022830 -1.287270 -0.998738 0.042473 0.026795 87.840000
0.030081 0.021495 0.999316 12.304700 0.043542 0.998792 -0.022794 -1.310640 -0.998599 0.044198 0.029108 87.863200
0.033760 0.021436 0.999200 13.025900 0.046038 0.998675 -0.022981 -1.330350 -0.998369 0.046777 0.032728 87.888000
0.038405 0.020875 0.999044 13.784800 0.046439 0.998664 -0.022652 -1.353430 -0.998183 0.047265 0.037384 87.910700
0.042399 0.019430 0.998912 14.542400 0.048001 0.998617 -0.021462 -1.370060 -0.997947 0.048859 0.041408 87.945400
0.045952 0.017787 0.998785 15.308500 0.047563 0.998669 -0.019973 -1.392300 -0.997811 0.048423 0.045044 87.990000
0.050489 0.015640 0.998602 16.084300 0.044494 0.998849 -0.017893 -1.411770 -0.997733 0.045335 0.049735 88.026600
0.054135 0.014626 0.998426 16.878800 0.043649 0.998902 -0.017000 -1.431330 -0.997579 0.044500 0.053438 88.084900
0.058334 0.015525 0.998176 17.682100 0.041155 0.998992 -0.017943 -1.452470 -0.997448 0.042127 0.057636 88.139200
0.061578 0.019453 0.997913 18.482700 0.038362 0.999025 -0.021842 -1.481910 -0.997365 0.039627 0.060772 88.183500
0.062846 0.024892 0.997713 19.284700 0.032559 0.999106 -0.026978 -1.503780 -0.997492 0.034180 0.061980 88.246200
0.062703 0.027957 0.997641 20.092200 0.029674 0.999113 -0.029863 -1.531930 -0.997591 0.031477 0.061818 88.303700
0.063050 0.027604 0.997629 20.911600 0.027450 0.999191 -0.029382 -1.560580 -0.997633 0.029237 0.062241 88.360200
0.062898 0.025906 0.997684 21.724300 0.024612 0.999319 -0.027500 -1.591820 -0.997716 0.026285 0.062217 88.422400
0.063154 0.024545 0.997702 22.544700 0.025568 0.999330 -0.026204 -1.626010 -0.997676 0.027164 0.062484 88.469500
0.063205 0.023707 0.997719 23.365200 0.023068 0.999416 -0.025209 -1.662540 -0.997734 0.024609 0.062621 88.531700
0.063338 0.024201 0.997699 24.177300 0.021373 0.999444 -0.025600 -1.691680 -0.997763 0.022945 0.062786 88.589900
0.062940 0.024795 0.997709 24.985200 0.018442 0.999492 -0.026002 -1.723670 -0.997847 0.020037 0.062451 88.652700
0.062355 0.025857 0.997719 25.801200 0.015909 0.999512 -0.026898 -1.758210 -0.997927 0.017550 0.061913 88.701300
0.059422 0.025559 0.997906 26.615100 0.012803 0.999570 -0.026364 -1.788540 -0.998151 0.014343 0.059069 88.758800
0.055122 0.024466 0.998180 27.422800 0.010103 0.999635 -0.025060 -1.818900 -0.998429 0.011466 0.054855 88.816100
0.050492 0.021838 0.998486 28.243900 0.008685 0.999714 -0.022304 -1.849780 -0.998687 0.009798 0.050288 88.859900
0.044736 0.019556 0.998807 29.057800 0.006646 0.999780 -0.019872 -1.880660 -0.998977 0.007527 0.044596 88.895900
0.037005 0.020191 0.999111 29.865200 0.006114 0.999773 -0.020431 -1.905810 -0.999296 0.006864 0.036873 88.928900
0.028607 0.020783 0.999375 30.651400 0.005875 0.999763 -0.020959 -1.936330 -0.999573 0.006471 0.028478 88.942000
0.018162 0.021349 0.999607 31.454300 0.006124 0.999751 -0.021463 -1.959870 -0.999816 0.006512 0.018027 88.962300
0.008007 0.020320 0.999761 32.255200 0.008154 0.999759 -0.020385 -1.987600 -0.999935 0.008316 0.007839 88.966400
-0.002570 0.019554 0.999806 33.044400 0.006891 0.999785 -0.019536 -2.011680 -0.999973 0.006840 -0.002704 88.960800
-0.013528 0.018784 0.999732 33.832500 0.008480 0.999790 -0.018671 -2.036610 -0.999873 0.008225 -0.013685 88.946800
-0.024546 0.019164 0.999515 34.615800 0.008863 0.999781 -0.018951 -2.063200 -0.999659 0.008393 -0.024710 88.924500
-0.035759 0.019854 0.999163 35.394700 0.009116 0.999768 -0.019540 -2.087680 -0.999319 0.008409 -0.035932 88.896900
-0.046001 0.020703 0.998727 36.164600 0.008421 0.999758 -0.020336 -2.116220 -0.998906 0.007475 -0.046164 88.854200
-0.056474 0.021785 0.998166 36.928300 0.008872 0.999733 -0.021317 -2.140040 -0.998365 0.007652 -0.056652 88.812200
-0.065462 0.022405 0.997604 37.688400 0.010493 0.999708 -0.021764 -2.170900 -0.997800 0.009043 -0.065678 88.748700
-0.075371 0.022996 0.996890 38.451000 0.010922 0.999693 -0.022235 -2.196030 -0.997096 0.009212 -0.075599 88.695300
-0.084800 0.023436 0.996122 39.190900 0.011552 0.999679 -0.022536 -2.222750 -0.996331 0.009596 -0.085044 88.634000
-0.093482 0.022858 0.995359 39.922200 0.012980 0.999679 -0.021738 -2.247780 -0.995536 0.010887 -0.093748 88.560000
-0.100904 0.021771 0.994658 40.647900 0.014317 0.999689 -0.020429 -2.274100 -0.994793 0.012179 -0.101184 88.485900
-0.105803 0.020052 0.994185 41.392000 0.017712 0.999676 -0.018278 -2.306890 -0.994229 0.015676 -0.106123 88.395600
-0.109003 0.018695 0.993866 42.097400 0.021123 0.999641 -0.016487 -2.327750 -0.993817 0.019196 -0.109359 88.302500
-0.112159 0.017421 0.993538 42.813000 0.022223 0.999640 -0.015019 -2.350550 -0.993442 0.020395 -0.112506 88.230100
-0.113984 0.016436 0.993347 43.497300 0.022206 0.999656 -0.013992 -2.373790 -0.993234 0.020463 -0.114309 88.153500
-0.114732 0.017014 0.993251 44.171300 0.023095 0.999629 -0.014455 -2.392680 -0.993128 0.021281 -0.115082 88.075000
-0.113598 0.017891 0.993366 44.824800 0.023743 0.999601 -0.015288 -2.415140 -0.993243 0.021849 -0.113977 87.999400
-0.110436 0.019670 0.993689 45.446800 0.024889 0.999545 -0.017020 -2.434070 -0.993572 0.022852 -0.110876 87.929500
-0.105556 0.020078 0.994211 46.049500 0.025383 0.999525 -0.017491 -2.457030 -0.994089 0.023389 -0.106016 87.868500
-0.097586 0.021034 0.995005 46.649300 0.024820 0.999517 -0.018695 -2.474010 -0.994918 0.022871 -0.098061 87.815500
-0.086432 0.020752 0.996042 47.228100 0.023550 0.999546 -0.018781 -2.500770 -0.995979 0.021833 -0.086881 87.775100
-0.072674 0.020900 0.997137 47.788400 0.022847 0.999553 -0.019286 -2.523430 -0.997094 0.021380 -0.073119 87.741500
-0.055753 0.022128 0.998199 48.328300 0.021645 0.999546 -0.020949 -2.548270 -0.998210 0.020438 -0.056207 87.726600
-0.034400 0.024670 0.999104 48.861800 0.019691 0.999518 -0.024002 -2.569790 -0.999214 0.018847 -0.034869 87.726700
-0.009810 0.027642 0.999570 49.377300 0.017593 0.999468 -0.027467 -2.594280 -0.999797 0.017315 -0.010291 87.739900
0.018489 0.029255 0.999401 49.899000 0.015893 0.999437 -0.029550 -2.617320 -0.999703 0.016430 0.018014 87.768400
0.052059 0.028503 0.998237 50.396500 0.013173 0.999486 -0.029226 -2.641620 -0.998557 0.014671 0.051657 87.803900
0.090486 0.026256 0.995552 50.891400 0.012639 0.999542 -0.027510 -2.660060 -0.995818 0.015072 0.090113 87.865200
0.132573 0.022440 0.990919 51.390400 0.010383 0.999657 -0.024027 -2.678540 -0.991119 0.013474 0.132295 87.957000
0.177755 0.017882 0.983912 51.880300 0.007385 0.999782 -0.019505 -2.704870 -0.984047 0.010733 0.177584 88.070700
0.226467 0.014707 0.973908 52.357800 0.002727 0.999873 -0.015733 -2.724140 -0.974015 0.006219 0.226398 88.211700
0.277833 0.013599 0.960533 52.830500 -0.000485 0.999902 -0.014016 -2.733530 -0.960629 0.003429 0.277813 88.376300
0.333923 0.013586 0.942502 53.287900 -0.001279 0.999902 -0.013960 -2.744230 -0.942599 0.003456 0.333908 88.557400
0.391393 0.014384 0.920111 53.725600 0.001265 0.999868 -0.016169 -2.753050 -0.920223 0.007493 0.391323 88.777600
0.450675 0.017538 0.892516 54.136400 0.002459 0.999779 -0.020887 -2.769250 -0.892685 0.011608 0.450532 89.024900
0.510567 0.020311 0.859598 54.534500 0.004231 0.999650 -0.026133 -2.788030 -0.859828 0.016980 0.510302 89.293200
0.569479 0.025636 0.821606 54.905100 0.000133 0.999511 -0.031280 -2.787230 -0.822006 0.017923 0.569196 89.585400
0.625356 0.027544 0.779853 55.255300 -0.003759 0.999472 -0.032286 -2.814100 -0.780330 0.017259 0.625129 89.912900
0.676467 0.029461 0.735884 55.539800 -0.005941 0.999385 -0.034548 -2.820830 -0.736449 0.018999 0.676226 90.256100
0.726668 0.026512 0.686477 55.855900 -0.005804 0.999456 -0.032455 -2.848280 -0.686964 0.019600 0.726427 90.613100
0.771440 0.022781 0.635894 56.109900 -0.007831 0.999623 -0.026310 -2.868900 -0.636253 0.015317 0.771328 90.995200
0.811838 0.020331 0.583528 56.339000 -0.009349 0.999718 -0.021824 -2.854150 -0.583807 0.012262 0.811800 91.407400
0.848730 0.017406 0.528539 56.562000 -0.011354 0.999828 -0.014695 -2.870080 -0.528704 0.006471 0.848782 91.827600
0.879974 0.014229 0.474809 56.748600 -0.012085 0.999898 -0.007567 -2.877220 -0.474869 0.000921 0.880056 92.258500
0.905328 0.015283 0.424438 56.905400 -0.015997 0.999870 -0.001881 -2.890090 -0.424412 -0.005086 0.905455 92.697500
0.925457 0.016671 0.378485 57.038400 -0.018920 0.999819 0.002225 -2.904710 -0.378380 -0.009221 0.925605 93.125400
0.940412 0.022790 0.339272 57.145400 -0.026075 0.999647 0.005126 -2.915960 -0.339035 -0.013667 0.940674 93.564700
0.952139 0.027976 0.304383 57.250700 -0.030665 0.999521 0.004056 -2.918110 -0.304124 -0.013196 0.952541 94.012200
0.961505 0.029184 0.273231 57.371700 -0.031536 0.999494 0.004217 -2.913070 -0.272970 -0.012671 0.961939 94.472400
0.967625 0.024447 0.251204 57.485300 -0.026289 0.999646 0.003981 -2.914640 -0.251018 -0.010456 0.967926 94.944000
0.971586 0.021357 0.235722 57.590000 -0.023217 0.999717 0.005117 -2.925530 -0.235546 -0.010444 0.971807 95.432800
0.974370 0.026025 0.223443 57.680000 -0.027738 0.999605 0.004532 -2.922800 -0.223236 -0.010614 0.974707 95.928100
0.976429 0.031162 0.213579 57.773700 -0.033079 0.999438 0.005408 -2.925030 -0.213291 -0.012345 0.976911 96.434900
0.977435 0.039469 0.207515 57.867700 -0.041218 0.999142 0.004110 -2.927920 -0.207174 -0.012571 0.978223 96.939400
0.977784 0.045145 0.204698 57.960400 -0.046260 0.998929 0.000663 -2.930650 -0.204449 -0.010117 0.978825 97.452200
0.977873 0.046724 0.203915 58.063700 -0.047402 0.998875 -0.001559 -2.942650 -0.203758 -0.008142 0.978987 97.977900
0.977566 0.044369 0.205902 58.195400 -0.044187 0.999008 -0.005485 -2.944630 -0.205941 -0.003736 0.978557 98.487400
0.976825 0.043306 0.209611 58.318300 -0.041709 0.999057 -0.012034 -2.949970 -0.209934 0.003013 0.977711 99.034000
0.975964 0.043319 0.213583 58.443000 -0.040627 0.999030 -0.016979 -2.951860 -0.214111 0.007893 0.976777 99.587800
0.974676 0.048495 0.218302 58.559700 -0.046077 0.998807 -0.016153 -2.967650 -0.218825 0.005685 0.975748 100.170000
0.973210 0.051208 0.224144 58.686100 -0.049635 0.998687 -0.012653 -2.973250 -0.224498 0.001189 0.974474 100.767000
0.972330 0.048214 0.228581 58.833100 -0.047728 0.998831 -0.007654 -2.989650 -0.228683 -0.003467 0.973495 101.353000
0.971649 0.044059 0.232288 58.985800 -0.044787 0.998994 -0.002140 -2.998800 -0.232148 -0.008324 0.972645 101.967000
0.970818 0.041528 0.236196 59.138700 -0.043359 0.999056 0.002562 -3.006410 -0.235867 -0.012728 0.971702 102.596000
0.970373 0.036256 0.238877 59.301500 -0.038163 0.999266 0.003360 -3.015230 -0.238579 -0.012377 0.971044 103.221000
0.970307 0.033133 0.239596 59.453600 -0.034163 0.999416 0.000147 -3.020080 -0.239451 -0.008328 0.970873 103.869000
0.970486 0.032735 0.238924 59.620800 -0.031989 0.999464 -0.007000 -3.025950 -0.239025 -0.000849 0.971013 104.510000
0.970637 0.034984 0.237990 59.777400 -0.032660 0.999373 -0.013704 -3.033440 -0.238321 0.005528 0.971171 105.170000
0.971152 0.038117 0.235395 59.932700 -0.034919 0.999233 -0.017740 -3.037090 -0.235890 0.009008 0.971738 105.852000
0.971764 0.036479 0.233118 60.094400 -0.034330 0.999322 -0.013272 -3.044730 -0.233444 0.004894 0.972358 106.540000
0.972265 0.032157 0.231662 60.268100 -0.031738 0.999481 -0.005536 -3.061170 -0.231719 -0.001970 0.972781 107.254000
0.972819 0.032854 0.229224 60.434000 -0.033897 0.999425 0.000615 -3.075100 -0.229072 -0.008369 0.973373 107.968000
0.973096 0.036295 0.227523 60.592700 -0.037269 0.999305 -0.000014 -3.084250 -0.227365 -0.008466 0.973773 108.696000
0.973362 0.041797 0.225434 60.748000 -0.041799 0.999115 -0.004767 -3.091150 -0.225433 -0.004783 0.974247 109.429000
0.974243 0.042472 0.221463 60.912400 -0.041272 0.999097 -0.010046 -3.098300 -0.221690 0.000647 0.975117 110.170000
0.975212 0.040948 0.217449 61.079400 -0.039040 0.999152 -0.013065 -3.106640 -0.217800 0.004252 0.975984 110.926000
0.976121 0.038572 0.213776 61.245000 -0.036967 0.999250 -0.011503 -3.117630 -0.214060 0.003326 0.976815 111.700000
0.977000 0.035166 0.210320 61.414000 -0.033962 0.999380 -0.009336 -3.132630 -0.210518 0.001978 0.977588 112.479000
0.977437 0.033759 0.208513 61.581700 -0.033128 0.999430 -0.006518 -3.145540 -0.208614 -0.000537 0.977998 113.274000
0.977731 0.031149 0.207538 61.746000 -0.030931 0.999512 -0.004293 -3.154980 -0.207571 -0.002222 0.978217 114.073000
0.977926 0.026058 0.207322 61.913500 -0.026023 0.999657 -0.002896 -3.167820 -0.207327 -0.002563 0.978268 114.862000
0.978043 0.026819 0.206670 62.078900 -0.027129 0.999631 -0.001333 -3.176130 -0.206630 -0.004303 0.978410 115.666000
0.977851 0.032110 0.206824 62.245400 -0.032116 0.999479 -0.003332 -3.185780 -0.206823 -0.003384 0.978373 116.487000
0.977561 0.037422 0.207302 62.409900 -0.036852 0.999299 -0.006614 -3.197850 -0.207404 -0.001174 0.978255 117.301000
0.977005 0.046067 0.208183 62.573500 -0.045360 0.998937 -0.008167 -3.207710 -0.208338 -0.001464 0.978056 118.131000
0.976082 0.051940 0.211105 62.737300 -0.051431 0.998645 -0.007908 -3.215040 -0.211230 -0.003139 0.977431 118.962000
0.975256 0.054604 0.214231 62.906000 -0.054639 0.998490 -0.005764 -3.237000 -0.214222 -0.006084 0.976766 119.803000
0.974717 0.055096 0.216546 63.091400 -0.055030 0.998465 -0.006335 -3.257420 -0.216562 -0.005741 0.976252 120.628000
0.974368 0.053499 0.218505 63.272900 -0.052707 0.998565 -0.009455 -3.265050 -0.218697 -0.002304 0.975790 121.461000
0.974333 0.047327 0.220080 63.463400 -0.046710 0.998876 -0.008007 -3.281450 -0.220211 -0.002478 0.975449 122.308000
0.974591 0.041084 0.220193 63.663600 -0.039999 0.999156 -0.009383 -3.304810 -0.220392 0.000337 0.975411 123.130000
0.974357 0.040127 0.221402 63.849300 -0.039061 0.999195 -0.009193 -3.325210 -0.221593 0.000309 0.975139 123.969000
0.973808 0.042711 0.223323 64.036900 -0.042296 0.999083 -0.006645 -3.336320 -0.223402 -0.002975 0.974722 124.815000
0.973350 0.044872 0.224892 64.217000 -0.045876 0.998947 -0.000762 -3.351590 -0.224689 -0.009575 0.974383 125.659000
0.972977 0.048694 0.225709 64.402700 -0.050747 0.998706 0.003300 -3.367440 -0.225256 -0.014665 0.974189 126.501000
0.972786 0.047862 0.226709 64.588300 -0.048419 0.998822 -0.003106 -3.382550 -0.226591 -0.007956 0.973958 127.311000
0.973021 0.043730 0.226534 64.778600 -0.040835 0.999013 -0.017454 -3.400660 -0.227074 0.007733 0.973847 128.119000
0.973316 0.041135 0.225754 64.976700 -0.036052 0.998996 -0.026593 -3.417660 -0.226621 0.017744 0.973821 128.938000
0.973604 0.038601 0.224957 65.168000 -0.035606 0.999215 -0.017354 -3.435610 -0.225451 0.008886 0.974214 129.761000
0.974035 0.031868 0.224144 65.361000 -0.033507 0.999432 0.003512 -3.456520 -0.223904 -0.010931 0.974550 130.603000
0.974255 0.028654 0.223620 65.543100 -0.033655 0.999261 0.018585 -3.472510 -0.222922 -0.025633 0.974499 131.430000
0.974283 0.033081 0.222888 65.717500 -0.036888 0.999236 0.012934 -3.480530 -0.222290 -0.020823 0.974758 132.241000
0.974482 0.041314 0.220629 65.890600 -0.041697 0.999126 -0.002922 -3.484610 -0.220557 -0.006352 0.975353 133.035000
0.974726 0.041559 0.219505 66.061800 -0.040126 0.999134 -0.010985 -3.487370 -0.219771 0.001899 0.975550 133.834000
0.975381 0.037481 0.217318 66.239200 -0.035803 0.999291 -0.011656 -3.505730 -0.217601 0.003589 0.976031 134.631000
0.975988 0.037031 0.214654 66.418400 -0.035750 0.999312 -0.009848 -3.532970 -0.214871 0.001938 0.976641 135.453000
0.976800 0.036665 0.210990 66.586600 -0.035100 0.999321 -0.011160 -3.547890 -0.211256 0.003495 0.977424 136.261000
0.977806 0.037747 0.206085 66.752700 -0.035917 0.999275 -0.012617 -3.565870 -0.206411 0.004935 0.978453 137.059000
0.978161 0.042713 0.203411 66.899500 -0.041052 0.999080 -0.012383 -3.594370 -0.203753 0.003763 0.979015 137.871000
0.978299 0.049025 0.201315 67.057100 -0.047412 0.998793 -0.012829 -3.604630 -0.201701 0.003006 0.979443 138.672000
0.978608 0.050347 0.199479 67.209500 -0.049143 0.998731 -0.010988 -3.624360 -0.199779 0.000950 0.979841 139.473000
0.978925 0.048411 0.198400 67.366300 -0.048232 0.998820 -0.005738 -3.646000 -0.198444 -0.003952 0.980104 140.269000
0.979259 0.047435 0.196980 67.521100 -0.047192 0.998868 -0.005927 -3.663290 -0.197038 -0.003492 0.980390 141.063000
0.979889 0.045309 0.194333 67.677000 -0.044454 0.998973 -0.008760 -3.681920 -0.194530 -0.000055 0.980896 141.857000
0.981030 0.040698 0.189538 67.833000 -0.039024 0.999159 -0.012559 -3.698730 -0.189890 0.004925 0.981793 142.638000
0.982378 0.037896 0.183025 67.980100 -0.035981 0.999258 -0.013771 -3.710350 -0.183411 0.006943 0.983012 143.426000
0.983566 0.036488 0.176821 68.121100 -0.035574 0.999332 -0.008340 -3.722880 -0.177007 0.001912 0.984208 144.221000
0.984762 0.034080 0.170538 68.257200 -0.034577 0.999402 -0.000053 -3.735460 -0.170438 -0.005845 0.985351 145.017000
0.985374 0.031090 0.167543 68.381500 -0.033158 0.999404 0.009558 -3.746770 -0.167146 -0.014974 0.985818 145.815000
0.985885 0.037513 0.163167 68.509300 -0.039981 0.999130 0.011867 -3.747470 -0.162580 -0.018223 0.986527 146.614000
0.986533 0.040470 0.158478 68.625100 -0.042237 0.999077 0.007799 -3.761020 -0.158016 -0.014387 0.987332 147.406000
0.987689 0.041159 0.150919 68.738800 -0.041251 0.999146 -0.002522 -3.764790 -0.150894 -0.003735 0.988543 148.187000
0.988835 0.037886 0.144121 68.857200 -0.037163 0.999280 -0.007707 -3.769920 -0.144310 0.002265 0.989530 148.969000
0.989729 0.037303 0.138005 68.961000 -0.036767 0.999303 -0.006434 -3.782720 -0.138149 0.001294 0.990411 149.781000
0.990494 0.044023 0.130321 69.051600 -0.043983 0.999027 -0.003187 -3.793870 -0.130334 -0.002576 0.991467 150.596000
0.991222 0.049556 0.122568 69.127400 -0.049389 0.998770 -0.004401 -3.809890 -0.122635 -0.001691 0.992450 151.404000
0.992258 0.052496 0.112557 69.202500 -0.051687 0.998612 -0.010094 -3.820340 -0.112931 0.004198 0.993594 152.214000
0.993320 0.050742 0.103639 69.302900 -0.049714 0.998686 -0.012483 -3.831730 -0.104136 0.007247 0.994537 153.032000
0.994131 0.050582 0.095634 69.371700 -0.049875 0.998708 -0.009767 -3.842370 -0.096004 0.004940 0.995369 153.851000
0.994644 0.053655 0.088343 69.424300 -0.053659 0.998557 -0.002328 -3.857980 -0.088340 -0.002425 0.996087 154.687000
0.995144 0.056802 0.080390 69.475000 -0.057283 0.998351 0.003677 -3.870490 -0.080048 -0.008264 0.996757 155.497000
0.995807 0.055598 0.072638 69.538400 -0.056248 0.998393 0.006943 -3.877100 -0.072136 -0.010999 0.997334 156.327000
0.996214 0.056125 0.066396 69.585700 -0.056841 0.998343 0.008945 -3.877960 -0.065784 -0.012685 0.997753 157.148000
0.996505 0.055571 0.062363 69.626800 -0.056119 0.998399 0.007061 -3.882990 -0.061871 -0.010536 0.998029 157.971000
0.996513 0.060414 0.057545 69.664000 -0.060644 0.998157 0.002260 -3.894680 -0.057303 -0.005742 0.998340 158.781000
0.996353 0.066301 0.053708 69.694700 -0.066146 0.997799 -0.004671 -3.900230 -0.053900 0.001102 0.998546 159.611000
0.996433 0.067516 0.050633 69.725900 -0.067259 0.997713 -0.006752 -3.908230 -0.050973 0.003322 0.998694 160.430000
0.996427 0.069431 0.048087 69.750800 -0.069480 0.997583 -0.000654 -3.917550 -0.048016 -0.002689 0.998843 161.252000
0.996394 0.071147 0.046229 69.772400 -0.071660 0.997384 0.009517 -3.920570 -0.045431 -0.012795 0.998886 162.093000
0.996475 0.072166 0.042779 69.813400 -0.072945 0.997192 0.016946 -3.925280 -0.041436 -0.020006 0.998941 162.910000
0.996914 0.068954 0.037525 69.843800 -0.069509 0.997487 0.013704 -3.926060 -0.036486 -0.016270 0.999202 163.719000
0.997880 0.056932 0.031542 69.877800 -0.057084 0.998361 0.003962 -3.932860 -0.031265 -0.005754 0.999495 164.527000
0.998264 0.053934 0.023677 69.906600 -0.053935 0.998544 -0.000609 -3.930530 -0.023675 -0.000669 0.999719 165.334000
0.998160 0.058064 0.017464 69.908100 -0.058092 0.998311 0.001071 -3.934940 -0.017372 -0.002083 0.999847 166.144000
0.998374 0.056059 0.010370 69.908000 -0.056136 0.998396 0.007335 -3.941030 -0.009942 -0.007905 0.999919 166.975000
0.998723 0.050439 0.002717 69.915100 -0.050466 0.998662 0.011254 -3.946110 -0.002146 -0.011377 0.999933 167.813000
0.999118 0.041889 -0.002989 69.917000 -0.041838 0.999008 0.015269 -3.939450 0.003626 -0.015131 0.999879 168.658000
0.999234 0.037992 -0.009364 69.914400 -0.037845 0.999165 0.015419 -3.941620 0.009942 -0.015053 0.999837 169.494000
0.999270 0.034702 -0.016004 69.907400 -0.034563 0.999363 0.008897 -3.948890 0.016302 -0.008337 0.999832 170.309000
0.999391 0.025646 -0.023643 69.893200 -0.025684 0.999669 -0.001332 -3.948310 0.023601 0.001938 0.999720 171.134000
0.999421 0.015248 -0.030401 69.884300 -0.015417 0.999867 -0.005333 -3.951710 0.030316 0.005799 0.999524 171.967000
0.999154 0.018975 -0.036476 69.840200 -0.018892 0.999818 0.002594 -3.962130 0.036518 -0.001903 0.999331 172.812000
0.998696 0.029846 -0.041407 69.794800 -0.029211 0.999447 0.015863 -3.965780 0.041858 -0.014633 0.999016 173.648000
0.998335 0.034726 -0.046062 69.741100 -0.033665 0.999154 0.023613 -3.966980 0.046843 -0.022023 0.998659 174.499000
0.998173 0.034115 -0.049859 69.692500 -0.033121 0.999239 0.020621 -3.963230 0.050525 -0.018932 0.998543 175.340000
0.997981 0.036383 -0.052059 69.642000 -0.035926 0.999308 0.009688 -3.957030 0.052376 -0.007798 0.998597 176.164000
0.997388 0.046569 -0.055211 69.575700 -0.046613 0.998913 0.000485 -3.954640 0.055173 0.002090 0.998475 177.000000
0.997326 0.045181 -0.057434 69.519400 -0.045416 0.998964 -0.002792 -3.964770 0.057248 0.005393 0.998345 177.841000
0.997426 0.039471 -0.059864 69.478200 -0.039416 0.999221 0.002098 -3.969620 0.059900 0.000267 0.998204 178.689000
0.997460 0.039378 -0.059347 69.426000 -0.038812 0.999190 0.010658 -3.969350 0.059719 -0.008328 0.998180 179.551000
0.997400 0.041207 -0.059115 69.366200 -0.040304 0.999053 0.016390 -3.972110 0.059734 -0.013965 0.998117 180.402000
0.997290 0.041162 -0.060985 69.310400 -0.040292 0.999069 0.015419 -3.971290 0.061563 -0.012920 0.998020 181.250000
0.997260 0.037789 -0.063601 69.259400 -0.037470 0.999279 0.006201 -3.972930 0.063790 -0.003801 0.997956 182.095000
0.997451 0.027186 -0.065979 69.208600 -0.027589 0.999606 -0.005196 -3.981960 0.065812 0.007003 0.997807 182.941000
0.997561 0.016502 -0.067826 69.166000 -0.017174 0.999809 -0.009340 -3.989000 0.067658 0.010483 0.997653 183.786000
0.997472 0.019152 -0.068431 69.093500 -0.019522 0.999798 -0.004730 -3.999280 0.068327 0.006054 0.997645 184.641000
0.997264 0.025189 -0.069503 69.025800 -0.024817 0.999673 0.006207 -4.012440 0.069637 -0.004465 0.997562 185.497000
0.997112 0.026851 -0.071038 68.962600 -0.026205 0.999607 0.010002 -4.028540 0.071279 -0.008112 0.997423 186.338000
0.997090 0.025570 -0.071823 68.891000 -0.025207 0.999664 0.005960 -4.034270 0.071952 -0.004132 0.997400 187.188000
0.997104 0.024959 -0.071844 68.837800 -0.025038 0.999686 -0.000187 -4.035310 0.071817 0.001985 0.997416 188.001000
0.996900 0.031450 -0.072118 68.762900 -0.031580 0.999501 -0.000653 -4.041590 0.072061 0.002928 0.997396 188.839000
0.996774 0.033925 -0.072736 68.697300 -0.033859 0.999424 0.002144 -4.047690 0.072767 0.000326 0.997349 189.672000
0.996584 0.038472 -0.073075 68.619700 -0.038143 0.999255 0.005895 -4.063250 0.073247 -0.003087 0.997309 190.521000
0.996441 0.042190 -0.072968 68.555100 -0.041664 0.999094 0.008721 -4.066150 0.073270 -0.005650 0.997296 191.356000
0.996273 0.044777 -0.073720 68.485300 -0.044274 0.998984 0.008444 -4.071990 0.074023 -0.005149 0.997243 192.178000
0.996337 0.042655 -0.074117 68.420200 -0.042429 0.999089 0.004613 -4.081790 0.074247 -0.001451 0.997239 192.995000
0.996153 0.044614 -0.075425 68.357200 -0.044781 0.998997 -0.000528 -4.087710 0.075326 0.003903 0.997151 193.804000
0.995995 0.046306 -0.076482 68.286700 -0.046480 0.998919 -0.000499 -4.088510 0.076377 0.004052 0.997071 194.612000
0.995817 0.046795 -0.078480 68.218600 -0.046208 0.998889 0.009275 -4.091970 0.078827 -0.005610 0.996873 195.418000
0.995810 0.044703 -0.079778 68.149700 -0.043353 0.998887 0.018576 -4.103390 0.080520 -0.015040 0.996640 196.229000
0.996022 0.038579 -0.080320 68.093200 -0.037059 0.999106 0.020327 -4.108570 0.081032 -0.017270 0.996562 196.994000
