1.000000 0.000000 0.000000 0.000000 0.000000 1.000000 0.000000 0.000000 0.000000 0.000000 1.000000 0.000000
0.999038 -0.000546 0.043839 0.045356 0.000647 0.999997 -0.002279 -0.021309 -0.043837 0.002305 0.999036 1.025970
0.996022 -0.004746 0.088983 0.138157 0.005415 0.999959 -0.007280 -0.039600 -0.088945 0.007733 0.996007 2.048060
0.990853 -0.004134 0.134884 0.269776 0.005724 0.999919 -0.011407 -0.061005 -0.134826 0.012075 0.990796 3.057000
0.983528 -0.001115 0.180753 0.450703 0.003613 0.999902 -0.013491 -0.093221 -0.180720 0.013922 0.983436 4.087390
0.973999 -0.003729 0.226524 0.686790 0.006951 0.999886 -0.013429 -0.123969 -0.226448 0.014655 0.973913 5.091950
0.962342 -0.004234 0.271809 0.960940 0.008569 0.999854 -0.014763 -0.152887 -0.271707 0.016536 0.962238 6.097050
0.948794 -0.006994 0.315819 1.285560 0.013117 0.999765 -0.017263 -0.188210 -0.315624 0.020522 0.948662 7.077310
0.933646 -0.008671 0.358092 1.660200 0.016641 0.999678 -0.019181 -0.218364 -0.357811 0.023867 0.933489 8.030940
0.916249 -0.008498 0.400520 2.067520 0.018052 0.999635 -0.020087 -0.249541 -0.400203 0.025635 0.916068 8.964930
0.896818 -0.009386 0.442301 2.529230 0.019594 0.999637 -0.018518 -0.288267 -0.441966 0.025274 0.896676 9.887690
0.875012 -0.009042 0.484016 3.019930 0.020027 0.999646 -0.017529 -0.325804 -0.483686 0.025032 0.874884 10.771100
0.850991 -0.008974 0.525103 3.552320 0.020674 0.999651 -0.016421 -0.357693 -0.524773 0.024831 0.850880 11.640700
0.825525 -0.009531 0.564285 4.139400 0.022627 0.999612 -0.016218 -0.398766 -0.563912 0.026157 0.825421 12.491500
0.798245 -0.011369 0.602226 4.743200 0.026154 0.999533 -0.015797 -0.431798 -0.601765 0.028360 0.798170 13.285700
0.769377 -0.010192 0.638714 5.414860 0.026694 0.999512 -0.016205 -0.467574 -0.638237 0.029518 0.769274 14.106000
0.738877 -0.013586 0.673704 6.092550 0.031820 0.999385 -0.014745 -0.498895 -0.673089 0.032332 0.738854 14.840500
0.706793 -0.012723 0.707306 6.840290 0.032122 0.999384 -0.014121 -0.532195 -0.706691 0.032701 0.706767 15.577500
0.672638 -0.011294 0.739885 7.590720 0.032972 0.999348 -0.014721 -0.565307 -0.739236 0.034298 0.672572 16.260900
0.637018 -0.012560 0.770747 8.397270 0.037979 0.999164 -0.015107 -0.589772 -0.769913 0.038896 0.636962 16.929600
0.600390 -0.010868 0.799634 9.181870 0.038237 0.999154 -0.015129 -0.618312 -0.798793 0.039659 0.600297 17.512800
0.562837 -0.009779 0.826510 10.057500 0.041363 0.999010 -0.016347 -0.646020 -0.825532 0.043388 0.562685 18.103900
0.523901 -0.007924 0.851742 10.898500 0.045711 0.998777 -0.018825 -0.672014 -0.850551 0.048796 0.523623 18.622100
0.485293 -0.006840 0.874325 11.799700 0.047269 0.998712 -0.018423 -0.697330 -0.873073 0.050269 0.484992 19.117600
0.446876 -0.008668 0.894554 12.711500 0.052607 0.998477 -0.016604 -0.722936 -0.893048 0.054479 0.446652 19.565700
0.410183 -0.009270 0.911956 13.645500 0.056441 0.998290 -0.015239 -0.747313 -0.910255 0.057723 0.410005 19.969600
0.374890 -0.006837 0.927044 14.594900 0.058101 0.998180 -0.016134 -0.774618 -0.925247 0.059911 0.374605 20.343500
0.341715 -0.007765 0.939772 15.543500 0.058735 0.998188 -0.013109 -0.800183 -0.937967 0.059677 0.341551 20.681700
0.308179 -0.009272 0.951283 16.534700 0.061087 0.998082 -0.010062 -0.822394 -0.949365 0.061212 0.308155 21.001200
0.275698 -0.009240 0.961200 17.521100 0.061854 0.998052 -0.008147 -0.844702 -0.959252 0.061700 0.275732 21.272200
0.243478 -0.006531 0.969885 18.525800 0.059453 0.998197 -0.008204 -0.867391 -0.968083 0.059660 0.243427 21.529000
0.212725 -0.004943 0.977100 19.560900 0.059187 0.998216 -0.007836 -0.885059 -0.975318 0.059498 0.212638 21.749900
0.182116 -0.004882 0.983265 20.594200 0.061105 0.998111 -0.006362 -0.905885 -0.981377 0.061241 0.182070 21.940900
0.151609 -0.004916 0.988428 21.680300 0.062812 0.998014 -0.004671 -0.916982 -0.986443 0.062794 0.151617 22.096100
0.120979 -0.005664 0.992639 22.763500 0.061204 0.998124 -0.001764 -0.931576 -0.990766 0.060967 0.121099 22.233500
0.091935 -0.006086 0.995746 23.858300 0.061943 0.998080 0.000381 -0.944758 -0.993837 0.061645 0.092135 22.326600
0.064911 -0.005716 0.997875 24.983000 0.064731 0.997902 0.001506 -0.948808 -0.995789 0.064495 0.065144 22.390600
0.040125 -0.005006 0.999182 26.109300 0.069115 0.997606 0.002222 -0.952697 -0.996801 0.068969 0.040375 22.418300
0.017494 -0.004624 0.999836 27.290300 0.073343 0.997301 0.003329 -0.957144 -0.997153 0.073273 0.017786 22.430000
-0.002495 -0.004825 0.999985 28.448300 0.078943 0.996867 0.005007 -0.959059 -0.996876 0.078954 -0.002106 22.418400
-0.019770 -0.005509 0.999789 29.639700 0.083479 0.996484 0.007142 -0.960925 -0.996313 0.083602 -0.019240 22.377700
-0.035262 -0.005238 0.999364 30.851500 0.086772 0.996194 0.008283 -0.957827 -0.995604 0.087008 -0.034673 22.323200
-0.049685 -0.005941 0.998747 32.052900 0.088983 0.995979 0.010351 -0.954400 -0.994793 0.089386 -0.048957 22.266700
-0.062487 -0.006907 0.998022 33.265700 0.089261 0.995930 0.012482 -0.949852 -0.994046 0.089865 -0.061616 22.176800
-0.074719 -0.006734 0.997182 34.465100 0.089052 0.995937 0.013398 -0.948028 -0.993220 0.089802 -0.073816 22.092300
-0.085871 -0.004121 0.996298 35.694200 0.088941 0.995967 0.011786 -0.945129 -0.992328 0.089624 -0.085159 21.990500
-0.096145 -0.000492 0.995367 36.924700 0.089310 0.995962 0.009119 -0.933599 -0.991353 0.089773 -0.095712 21.875000
-0.105536 0.001837 0.994414 38.183900 0.090607 0.995856 0.007776 -0.934261 -0.990279 0.090921 -0.105265 21.746900
-0.112869 0.002956 0.993605 39.474300 0.090491 0.995870 0.007317 -0.925892 -0.989481 0.090739 -0.112671 21.607500
-0.118556 0.003611 0.992941 40.790600 0.090103 0.995907 0.007136 -0.918897 -0.988851 0.090313 -0.118396 21.453700
-0.123504 0.005060 0.992331 42.113300 0.091354 0.995799 0.006292 -0.917327 -0.988130 0.091431 -0.123448 21.288100
-0.128170 0.006529 0.991731 43.453600 0.090178 0.995913 0.005098 -0.912017 -0.987644 0.090085 -0.128235 21.123000
-0.132734 0.007424 0.991124 44.834800 0.090845 0.995854 0.004706 -0.907250 -0.986980 0.090663 -0.132858 20.952800
-0.135226 0.006738 0.990792 46.224500 0.090741 0.995859 0.005612 -0.900335 -0.986651 0.090664 -0.135277 20.767700
-0.137599 0.004656 0.990477 47.653500 0.091525 0.995770 0.008034 -0.898542 -0.986250 0.091759 -0.137443 20.564700
-0.139930 0.003133 0.990156 49.073800 0.091366 0.995769 0.009761 -0.900028 -0.985937 0.091833 -0.139625 20.375300
-0.142230 0.004200 0.989825 50.503500 0.094250 0.995505 0.009318 -0.890963 -0.985336 0.094616 -0.141986 20.185300
-0.142558 0.004237 0.989777 51.982200 0.093865 0.995542 0.009258 -0.869422 -0.985326 0.094225 -0.142320 19.944400
-0.142912 0.005910 0.989718 53.448700 0.096044 0.995346 0.007924 -0.853564 -0.985064 0.096189 -0.142815 19.733000
-0.142625 0.005951 0.989759 54.935900 0.095761 0.995374 0.007814 -0.846494 -0.985134 0.095894 -0.142535 19.515500
-0.141877 0.007591 0.989855 56.442100 0.095798 0.995382 0.006098 -0.836659 -0.985238 0.095692 -0.141949 19.299000
-0.140351 0.007474 0.990074 57.975300 0.096345 0.995329 0.006144 -0.828963 -0.985403 0.096251 -0.140415 19.075600
-0.138509 0.006350 0.990341 59.508800 0.095807 0.995375 0.007017 -0.825721 -0.985716 0.095854 -0.138477 18.857000
-0.136923 0.007254 0.990555 61.083200 0.096751 0.995290 0.006085 -0.816359 -0.985845 0.096671 -0.136980 18.638800
-0.135864 0.007999 0.990695 62.676400 0.096472 0.995322 0.005194 -0.807405 -0.986019 0.096280 -0.136000 18.429100
-0.134460 0.008487 0.990883 64.281200 0.097577 0.995217 0.004717 -0.807152 -0.986103 0.097322 -0.134645 18.204000
-0.133550 0.008129 0.991009 65.911400 0.096876 0.995284 0.004891 -0.802481 -0.986296 0.096658 -0.133707 17.984600
-0.132210 0.006558 0.991200 67.564800 0.098979 0.995067 0.006619 -0.797000 -0.986268 0.098983 -0.132207 17.756100
-0.131265 0.004830 0.991335 69.260100 0.101167 0.994833 0.008549 -0.790743 -0.986172 0.101412 -0.131076 17.516600
-0.130366 0.005498 0.991451 70.950700 0.102470 0.994704 0.007957 -0.790498 -0.986157 0.102632 -0.130239 17.291300
-0.129132 0.007631 0.991598 72.624800 0.104467 0.994511 0.005951 -0.778087 -0.986109 0.104358 -0.129220 17.069100
-0.127969 0.007532 0.991750 74.328300 0.103701 0.994591 0.005827 -0.773861 -0.986342 0.103591 -0.128058 16.846700
-0.127708 0.007065 0.991787 76.082700 0.104096 0.994547 0.006320 -0.772206 -0.986334 0.104048 -0.127747 16.608500
-0.127157 0.006130 0.991864 77.825000 0.104271 0.994523 0.007221 -0.765006 -0.986387 0.104340 -0.127100 16.378100
-0.126958 0.006514 0.991887 79.548400 0.105785 0.994364 0.007009 -0.759944 -0.986251 0.105817 -0.126932 16.166000
-0.127006 0.006409 0.991881 81.325100 0.106784 0.994256 0.007248 -0.750570 -0.986137 0.106837 -0.126961 15.940000
-0.126847 0.007695 0.991892 83.095300 0.107416 0.994196 0.006024 -0.738981 -0.986089 0.107309 -0.126937 15.709700
-0.127177 0.008777 0.991841 84.907600 0.107081 0.994238 0.004932 -0.732404 -0.986083 0.106834 -0.127384 15.466500
-0.128497 0.009162 0.991668 86.702700 0.106332 0.994320 0.004592 -0.743473 -0.985993 0.106036 -0.128742 15.245600
-0.130083 0.009604 0.991457 88.504700 0.105555 0.994405 0.004216 -0.749205 -0.985868 0.105201 -0.130369 15.025500
-0.131046 0.008680 0.991338 90.329800 0.104516 0.994510 0.005108 -0.752465 -0.985852 0.104280 -0.131234 14.793100
-0.132131 0.008405 0.991197 92.171300 0.104680 0.994491 0.005522 -0.752881 -0.985689 0.104488 -0.132283 14.555000
-0.132505 0.007408 0.991155 94.024400 0.102273 0.994737 0.006238 -0.751569 -0.985892 0.102195 -0.132565 14.308100
-0.134390 0.008119 0.990895 95.854600 0.102161 0.994752 0.005705 -0.755110 -0.985648 0.101997 -0.134514 14.072300
-0.136627 0.009008 0.990582 97.729000 0.101618 0.994811 0.004969 -0.753198 -0.985397 0.101340 -0.136834 13.807700
-0.140527 0.009949 0.990027 99.601200 0.102013 0.994773 0.004483 -0.751370 -0.984807 0.101626 -0.140808 13.540400
-0.145145 0.009010 0.989369 101.483000 0.100042 0.994967 0.005616 -0.751755 -0.984340 0.099794 -0.145316 13.274100
-0.149752 0.008430 0.988688 103.388000 0.098733 0.995093 0.006470 -0.749445 -0.983782 0.098585 -0.149849 12.988200
-0.154433 0.008941 0.987963 105.293000 0.097171 0.995248 0.006183 -0.753474 -0.983213 0.096956 -0.154568 12.699700
-0.158513 0.010922 0.987297 107.218000 0.097822 0.995193 0.004697 -0.749866 -0.982499 0.097324 -0.158819 12.376900
-0.163125 0.012590 0.986525 109.156000 0.097607 0.995219 0.003439 -0.757333 -0.981765 0.096853 -0.163574 12.058400
-0.167733 0.012565 0.985752 111.092000 0.096402 0.995336 0.003717 -0.767213 -0.981108 0.095652 -0.168162 11.728700
-0.172507 0.012317 0.984931 113.034000 0.094489 0.995517 0.004100 -0.771464 -0.980466 0.093772 -0.172897 11.394800
-0.177024 0.012026 0.984133 115.003000 0.092930 0.995662 0.004550 -0.771982 -0.979809 0.092261 -0.177374 11.037700
-0.183632 0.011178 0.982932 116.954000 0.091521 0.995786 0.005774 -0.773679 -0.978725 0.091019 -0.183881 10.698900
-0.188924 0.011008 0.981930 118.931000 0.092109 0.995727 0.006559 -0.775763 -0.977662 0.091684 -0.189130 10.320300
-0.194435 0.012399 0.980837 120.883000 0.092204 0.995724 0.005691 -0.776128 -0.976572 0.091544 -0.194747 9.942170
-0.200466 0.013771 0.979604 122.849000 0.092156 0.995733 0.004861 -0.777948 -0.975357 0.091251 -0.200880 9.555990
-0.206066 0.013752 0.978441 124.833000 0.092528 0.995695 0.005492 -0.773552 -0.974154 0.091665 -0.206452 9.148760
-0.211664 0.013638 0.977247 126.821000 0.091405 0.995796 0.005901 -0.773847 -0.973059 0.090575 -0.212021 8.726630
-0.216960 0.014332 0.976075 128.808000 0.090594 0.995873 0.005514 -0.773647 -0.971968 0.089623 -0.217363 8.290000
-0.222587 0.014952 0.974798 130.815000 0.089886 0.995938 0.005248 -0.778004 -0.970760 0.088789 -0.223027 7.855220
-0.227009 0.014306 0.973788 132.799000 0.091116 0.995818 0.006612 -0.779479 -0.969621 0.090229 -0.227363 7.400260
-0.230732 0.014278 0.972913 134.811000 0.093339 0.995606 0.007525 -0.772517 -0.968530 0.092546 -0.231051 6.916890
-0.234165 0.015187 0.972078 136.813000 0.094808 0.995469 0.007286 -0.769690 -0.967563 0.093867 -0.234543 6.431950
-0.237259 0.015820 0.971318 138.812000 0.095373 0.995416 0.007084 -0.772518 -0.966753 0.094318 -0.237680 5.948700
-0.240838 0.015977 0.970434 140.850000 0.094805 0.995470 0.007140 -0.772879 -0.965924 0.093722 -0.241261 5.455180
-0.244368 0.016296 0.969546 142.846000 0.093382 0.995607 0.006803 -0.776979 -0.965176 0.092200 -0.244816 4.951350
-0.249411 0.016766 0.968253 144.882000 0.092478 0.995693 0.006580 -0.781496 -0.963972 0.091183 -0.249887 4.441120
-0.253036 0.016377 0.967318 146.951000 0.090693 0.995855 0.006864 -0.784951 -0.963197 0.089465 -0.253472 3.910520
-0.257937 0.016833 0.966015 148.991000 0.090862 0.995840 0.006909 -0.787048 -0.961880 0.089556 -0.258394 3.380310
-0.262857 0.017152 0.964682 151.051000 0.090214 0.995899 0.006874 -0.790377 -0.960608 0.088834 -0.263326 2.834460
-0.268045 0.017254 0.963252 153.108000 0.089635 0.995949 0.007103 -0.790775 -0.959227 0.088245 -0.268506 2.285320
-0.272477 0.016677 0.962018 155.154000 0.089585 0.995946 0.008108 -0.793856 -0.957983 0.088392 -0.272866 1.713410
-0.277238 0.016742 0.960655 157.214000 0.090068 0.995898 0.008637 -0.793129 -0.956570 0.088919 -0.277609 1.136960
-0.281719 0.017428 0.959339 159.296000 0.090747 0.995837 0.008558 -0.791913 -0.955196 0.089468 -0.282128 0.545082
-0.285156 0.018719 0.958298 161.363000 0.091352 0.995789 0.007732 -0.788457 -0.954118 0.089747 -0.285665 -0.066654
-0.288969 0.020229 0.957125 163.431000 0.091176 0.995814 0.006480 -0.790478 -0.952987 0.089139 -0.289604 -0.680378
-0.292552 0.021655 0.956004 165.521000 0.092063 0.995737 0.005618 -0.791658 -0.951807 0.089656 -0.293299 -1.306690
-0.295970 0.022249 0.954938 167.611000 0.091641 0.995778 0.005202 -0.796504 -0.950791 0.089052 -0.296759 -1.946990
-0.299762 0.022337 0.953752 169.711000 0.091985 0.995745 0.005590 -0.802179 -0.949569 0.089406 -0.300541 -2.596420
-0.303667 0.022719 0.952507 171.806000 0.091981 0.995745 0.005574 -0.803252 -0.948328 0.089305 -0.304465 -3.253010
-0.308190 0.023528 0.951034 173.929000 0.093762 0.995578 0.005754 -0.805415 -0.946693 0.090944 -0.309033 -3.928670
-0.310860 0.023802 0.950157 176.024000 0.096046 0.995356 0.006488 -0.810669 -0.945590 0.093276 -0.311703 -4.623250
-0.313103 0.023906 0.949418 178.091000 0.097542 0.995206 0.007108 -0.810735 -0.944697 0.094833 -0.313934 -5.305950
-0.315708 0.023421 0.948567 180.174000 0.097098 0.995245 0.007743 -0.808328 -0.943875 0.094549 -0.316481 -5.999120
-0.318874 0.024052 0.947492 182.298000 0.096177 0.995339 0.007102 -0.807554 -0.942905 0.093391 -0.319701 -6.702810
-0.321588 0.026034 0.946522 184.407000 0.095649 0.995402 0.005119 -0.810720 -0.942036 0.092180 -0.322599 -7.417060
-0.324719 0.028195 0.945390 186.528000 0.095522 0.995422 0.003123 -0.814043 -0.940975 0.091320 -0.325926 -8.140030
-0.327790 0.029050 0.944304 188.652000 0.094715 0.995502 0.002253 -0.828142 -0.939991 0.090178 -0.329067 -8.874280
-0.331635 0.030188 0.942924 190.817000 0.092966 0.995669 0.000820 -0.834541 -0.938816 0.087932 -0.333006 -9.617550
-0.335108 0.030624 0.941682 192.952000 0.094042 0.995568 0.001090 -0.848074 -0.937475 0.088923 -0.336502 -10.383900
-0.339015 0.029327 0.940324 195.126000 0.093123 0.995651 0.002521 -0.860842 -0.936161 0.088421 -0.340271 -11.153300
-0.342487 0.028799 0.939081 197.287000 0.093147 0.995646 0.003437 -0.871857 -0.934894 0.088650 -0.343678 -11.940500
-0.346489 0.028906 0.937609 199.452000 0.093204 0.995640 0.003748 -0.877558 -0.933412 0.088688 -0.347672 -12.732900
-0.350197 0.029229 0.936220 201.615000 0.092204 0.995734 0.003402 -0.879935 -0.932127 0.087514 -0.351398 -13.527700
-0.353913 0.029714 0.934806 203.780000 0.091575 0.995794 0.003017 -0.897577 -0.930784 0.086673 -0.355145 -14.344000
-0.357717 0.030328 0.933337 205.976000 0.091055 0.995843 0.002539 -0.905074 -0.929380 0.085893 -0.358991 -15.166000
-0.360310 0.031013 0.932317 208.089000 0.092585 0.995701 0.002660 -0.926007 -0.928227 0.087277 -0.361632 -15.983700
-0.362949 0.030831 0.931299 210.241000 0.093688 0.995595 0.003553 -0.941480 -0.927087 0.088541 -0.364239 -16.819300
-0.365681 0.030540 0.930239 212.424000 0.095312 0.995436 0.004787 -0.951209 -0.925847 0.090413 -0.366923 -17.680100
-0.368345 0.031293 0.929162 214.609000 0.096480 0.995324 0.004726 -0.962322 -0.924669 0.091386 -0.369642 -18.544400
-0.371348 0.032227 0.927934 216.802000 0.096791 0.995296 0.004168 -0.974336 -0.923435 0.091363 -0.372721 -19.415000
-0.374128 0.032248 0.926816 218.988000 0.095893 0.995383 0.004075 -0.986032 -0.922406 0.090399 -0.375493 -20.287200
-0.377056 0.033808 0.925573 221.167000 0.096006 0.995377 0.002753 -1.002260 -0.921201 0.089898 -0.378559 -21.169400
-0.380266 0.034666 0.924227 223.360000 0.095251 0.995452 0.001853 -1.014230 -0.919959 0.088738 -0.381839 -22.060400
-0.382607 0.034887 0.923252 225.531000 0.093511 0.995618 0.001131 -1.031740 -0.919167 0.086767 -0.384193 -22.952100
-0.385933 0.035953 0.921826 227.707000 0.094479 0.995527 0.000728 -1.049470 -0.917676 0.087374 -0.387604 -23.850400
-0.388415 0.035707 0.920792 229.867000 0.096069 0.995373 0.001925 -1.071510 -0.916463 0.089207 -0.390048 -24.764600
-0.391342 0.034601 0.919594 232.039000 0.096375 0.995339 0.003562 -1.090860 -0.915185 0.090020 -0.392853 -25.678600
-0.394463 0.034327 0.918271 234.175000 0.095397 0.995432 0.003768 -1.102380 -0.913947 0.089086 -0.395936 -26.589800
-0.397422 0.034427 0.916990 236.308000 0.094239 0.995544 0.003467 -1.121960 -0.912784 0.087795 -0.398895 -27.511500
-0.401394 0.033963 0.915276 238.505000 0.092414 0.995714 0.003581 -1.132640 -0.911231 0.086021 -0.402812 -28.455700
-0.405589 0.032987 0.913460 240.678000 0.091174 0.995825 0.004521 -1.150850 -0.909497 0.085117 -0.406903 -29.393400
-0.409125 0.033114 0.911877 242.824000 0.090846 0.995854 0.004596 -1.169380 -0.907945 0.084721 -0.410437 -30.354600
-0.413081 0.033140 0.910091 244.984000 0.090549 0.995880 0.004836 -1.178750 -0.906181 0.084405 -0.414380 -31.318100
-0.417514 0.032138 0.908102 247.153000 0.088819 0.996032 0.005586 -1.193700 -0.904319 0.082989 -0.418711 -32.288000
-0.421446 0.032514 0.906271 249.279000 0.088314 0.996078 0.005333 -1.199570 -0.902543 0.082285 -0.422664 -33.263000
-0.425026 0.033311 0.904568 251.427000 0.088476 0.996066 0.004891 -1.218070 -0.900847 0.082111 -0.426302 -34.264200
-0.428699 0.033466 0.902828 253.508000 0.088498 0.996063 0.005100 -1.235920 -0.899103 0.082085 -0.429973 -35.240000
-0.432392 0.033602 0.901060 255.646000 0.088608 0.996052 0.005377 -1.246780 -0.897322 0.082166 -0.433662 -36.256100
-0.436519 0.033847 0.899058 257.768000 0.087545 0.996148 0.005004 -1.261050 -0.895425 0.080892 -0.437801 -37.265600
-0.440504 0.034276 0.897096 259.902000 0.087857 0.996120 0.005081 -1.271480 -0.893441 0.081055 -0.441806 -38.302400
-0.444142 0.034860 0.895278 262.020000 0.088126 0.996097 0.004933 -1.272950 -0.891612 0.081088 -0.445481 -39.350400
-0.447700 0.036406 0.893442 264.144000 0.089624 0.995966 0.004326 -1.277460 -0.889681 0.082010 -0.449157 -40.401100
-0.451450 0.038413 0.891469 266.274000 0.091867 0.995765 0.003616 -1.288520 -0.887554 0.083529 -0.453067 -41.475200
-0.454321 0.038879 0.889989 268.406000 0.093250 0.995634 0.004108 -1.304480 -0.885944 0.084858 -0.455963 -42.563100
-0.457699 0.041241 0.888150 270.544000 0.094835 0.995489 0.002647 -1.305190 -0.884035 0.085440 -0.459546 -43.659600
-0.460454 0.043725 0.886606 272.660000 0.096780 0.995305 0.001176 -1.323510 -0.882392 0.086347 -0.462524 -44.742500
-0.463912 0.043830 0.884796 274.806000 0.096919 0.995291 0.001513 -1.335030 -0.880564 0.086455 -0.465976 -45.837200
-0.467334 0.044677 0.882951 276.960000 0.097212 0.995263 0.001093 -1.353110 -0.878720 0.086344 -0.469463 -46.939700
-0.470732 0.044720 0.881142 279.123000 0.096219 0.995360 0.000886 -1.358890 -0.877014 0.085200 -0.472850 -48.085500
-0.474111 0.046327 0.879245 281.291000 0.097502 0.995235 0.000137 -1.373740 -0.875050 0.085793 -0.476369 -49.238300
-0.477161 0.046251 0.877598 283.441000 0.096560 0.995327 0.000046 -1.387290 -0.873495 0.084763 -0.479398 -50.403400
-0.479757 0.046157 0.876186 285.594000 0.095245 0.995454 -0.000288 -1.399260 -0.872216 0.083314 -0.481972 -51.578800
-0.481886 0.047191 0.874962 287.726000 0.097023 0.995282 -0.000245 -1.407850 -0.870846 0.084773 -0.484191 -52.758300
-0.484582 0.047109 0.873476 289.922000 0.098394 0.995147 0.000915 -1.423320 -0.869194 0.086388 -0.486866 -53.950300
-0.486791 0.047352 0.872234 292.100000 0.099545 0.995032 0.001537 -1.436300 -0.867828 0.087574 -0.489086 -55.156900
-0.488376 0.046617 0.871387 294.259000 0.098944 0.995091 0.002219 -1.445690 -0.867006 0.087302 -0.490591 -56.364200
-0.491010 0.046018 0.869938 296.472000 0.098419 0.995141 0.002908 -1.447130 -0.865577 0.087046 -0.493153 -57.590200
-0.493696 0.046620 0.868384 298.696000 0.099893 0.994992 0.003374 -1.443790 -0.863878 0.088411 -0.495881 -58.847400
-0.495821 0.046682 0.867169 300.898000 0.100351 0.994945 0.003817 -1.443940 -0.862607 0.088914 -0.497999 -60.103000
-0.497987 0.047368 0.865890 303.098000 0.099730 0.995010 0.002925 -1.453670 -0.861431 0.087812 -0.500226 -61.356500
-0.501120 0.049509 0.863961 305.308000 0.098861 0.995101 0.000318 -1.457290 -0.859713 0.085571 -0.503559 -62.607900
-0.504851 0.048527 0.861842 307.524000 0.097140 0.995270 0.000862 -1.472910 -0.857724 0.084154 -0.507177 -63.891700
-0.509338 0.045790 0.859347 309.715000 0.094019 0.995567 0.002677 -1.489560 -0.855415 0.082158 -0.511385 -65.160300
-0.514390 0.043626 0.856446 311.926000 0.091884 0.995760 0.004464 -1.496760 -0.852620 0.080990 -0.516217 -66.456200
-0.518888 0.042489 0.853786 314.133000 0.090727 0.995860 0.005580 -1.492920 -0.850014 0.080357 -0.520595 -67.786900
-0.524133 0.042713 0.850565 316.380000 0.091199 0.995813 0.006192 -1.496640 -0.846739 0.080816 -0.525834 -69.133100
-0.528681 0.044596 0.847648 318.627000 0.093854 0.995567 0.006160 -1.492170 -0.843616 0.082812 -0.530523 -70.520500
-0.532652 0.045012 0.845137 320.878000 0.094256 0.995527 0.006383 -1.490360 -0.841070 0.083060 -0.534512 -71.943200
-0.536888 0.045511 0.842425 323.111000 0.095660 0.995388 0.007191 -1.498830 -0.838213 0.084447 -0.538765 -73.347800
-0.541064 0.044225 0.839818 325.319000 0.095823 0.995355 0.009320 -1.498740 -0.835505 0.085517 -0.542788 -74.774100
-0.544840 0.042622 0.837456 327.539000 0.093936 0.995523 0.010446 -1.487490 -0.833262 0.084359 -0.546404 -76.219600
-0.548842 0.041935 0.834873 329.748000 0.092840 0.995620 0.011024 -1.488150 -0.830754 0.083560 -0.550332 -77.647900
-0.552915 0.041728 0.832192 331.959000 0.092864 0.995609 0.011778 -1.481890 -0.828047 0.083793 -0.554362 -79.101600
-0.556685 0.042141 0.829654 334.172000 0.094136 0.995480 0.012600 -1.471610 -0.825373 0.085114 -0.558136 -80.569500
-0.561110 0.041497 0.826700 336.391000 0.094394 0.995435 0.014102 -1.459870 -0.822341 0.085949 -0.562466 -82.051500
-0.564564 0.040395 0.824400 338.602000 0.092669 0.995589 0.014678 -1.445920 -0.820171 0.084683 -0.565817 -83.549900
-0.567759 0.039391 0.822252 340.805000 0.092452 0.995586 0.016142 -1.431410 -0.817987 0.085184 -0.568895 -85.061800
-0.570396 0.039250 0.820431 342.999000 0.093543 0.995463 0.017411 -1.416550 -0.816026 0.086677 -0.571480 -86.577000
-0.573139 0.038366 0.818559 345.203000 0.090962 0.995709 0.017021 -1.396830 -0.814394 0.084213 -0.574170 -88.113900
-0.576574 0.037477 0.816185 347.367000 0.087059 0.996078 0.015763 -1.376540 -0.812393 0.080145 -0.577576 -89.605400
-0.580062 0.036961 0.813733 349.525000 0.083883 0.996370 0.014538 -1.358090 -0.810241 0.076691 -0.581057 -91.105700
-0.582475 0.034193 0.812129 351.688000 0.081655 0.996522 0.016607 -1.346500 -0.808737 0.075988 -0.583241 -92.649400
-0.585731 0.033876 0.809797 353.853000 0.082702 0.996409 0.018136 -1.325440 -0.806275 0.077595 -0.586429 -94.188000
-0.588581 0.034279 0.807711 356.004000 0.082266 0.996454 0.017658 -1.300530 -0.804241 0.076840 -0.589314 -95.737000
-0.591786 0.032891 0.805424 358.178000 0.079790 0.996650 0.017925 -1.278570 -0.802136 0.074873 -0.592429 -97.306800
-0.595095 0.028667 0.803144 360.347000 0.076992 0.996801 0.021469 -1.258740 -0.799959 0.074612 -0.595399 -98.881700
-0.598274 0.026522 0.800853 362.516000 0.074593 0.996955 0.022709 -1.229650 -0.797812 0.073324 -0.598431 -100.466000
-0.601294 0.025770 0.798612 364.693000 0.073252 0.997049 0.022980 -1.193200 -0.795663 0.072318 -0.601407 -102.074000
-0.604189 0.025668 0.796427 366.859000 0.072568 0.997100 0.022917 -1.162860 -0.793530 0.071641 -0.604300 -103.678000
-0.606737 0.025306 0.794500 369.000000 0.072673 0.997073 0.023740 -1.136110 -0.791574 0.072143 -0.606800 -105.297000
-0.609728 0.024322 0.792237 371.143000 0.072105 0.997087 0.024883 -1.107310 -0.789324 0.072296 -0.609706 -106.919000
-0.612214 0.022928 0.790359 373.277000 0.068779 0.997335 0.024344 -1.077400 -0.787695 0.069264 -0.612160 -108.524000
-0.615592 0.019162 0.787832 375.425000 0.058660 0.998045 0.021561 -1.049560 -0.785879 0.059487 -0.615512 -110.149000
-0.619142 0.021749 0.784978 377.568000 0.051181 0.998609 0.012701 -1.034340 -0.783610 0.048039 -0.619393 -111.784000
-0.621788 0.031913 0.782535 379.691000 0.061276 0.998089 0.007985 -1.032510 -0.780785 0.052916 -0.622555 -113.452000
-0.622543 0.033141 0.781884 381.807000 0.068761 0.997555 0.012465 -1.032710 -0.779559 0.061523 -0.623300 -115.124000
-0.624391 0.023899 0.780747 383.932000 0.067827 0.997415 0.023713 -1.009800 -0.778162 0.067762 -0.624398 -116.813000
-0.627900 0.013008 0.778185 386.066000 0.061275 0.997583 0.032766 -0.960574 -0.775878 0.068257 -0.627180 -118.485000
-0.631192 0.006880 0.775596 388.170000 0.055393 0.997807 0.036229 -0.900605 -0.773646 0.065830 -0.630189 -120.152000
-0.633470 0.006729 0.773738 390.247000 0.054447 0.997871 0.035898 -0.833639 -0.771849 0.064868 -0.632488 -121.837000
-0.635848 0.011706 0.771726 392.315000 0.059800 0.997626 0.034138 -0.784971 -0.769494 0.067855 -0.635039 -123.513000
-0.637304 0.018284 0.770395 394.345000 0.064242 0.997499 0.029469 -0.729170 -0.767930 0.068272 -0.636885 -125.187000
-0.639819 0.020986 0.768239 396.408000 0.064986 0.997524 0.026873 -0.686005 -0.765774 0.067118 -0.639598 -126.873000
-0.643235 0.021079 0.765378 398.502000 0.065124 0.997505 0.027260 -0.642879 -0.762894 0.067379 -0.643003 -128.597000
-0.645529 0.020559 0.763459 400.566000 0.066272 0.997375 0.029177 -0.601193 -0.760855 0.069431 -0.645197 -130.335000
-0.647621 0.020021 0.761700 402.620000 0.066743 0.997303 0.030533 -0.543344 -0.759034 0.070612 -0.647210 -132.075000
-0.649423 0.020005 0.760165 404.676000 0.066865 0.997284 0.030879 -0.494597 -0.757482 0.070882 -0.648996 -133.807000
-0.650511 0.020582 0.759218 406.761000 0.067598 0.997234 0.030885 -0.439439 -0.756483 0.071413 -0.650103 -135.577000
-0.651725 0.021314 0.758156 408.812000 0.068631 0.997161 0.030964 -0.389542 -0.755344 0.072213 -0.651338 -137.332000
-0.652877 0.020443 0.757188 410.851000 0.069423 0.997043 0.032941 -0.333860 -0.754276 0.074073 -0.652366 -139.082000
-0.653695 0.019590 0.756504 412.896000 0.070979 0.996845 0.035520 -0.275633 -0.753422 0.076915 -0.653024 -140.838000
-0.654679 0.019218 0.755663 414.935000 0.072494 0.996665 0.037459 -0.209893 -0.752423 0.079305 -0.653889 -142.594000
-0.656160 0.019603 0.754367 416.961000 0.071160 0.996815 0.035993 -0.140604 -0.751259 0.077298 -0.655465 -144.337000
-0.657676 0.019600 0.753046 418.976000 0.067369 0.997186 0.032882 -0.081441 -0.750283 0.072357 -0.657145 -146.076000
-0.659213 0.018999 0.751716 420.984000 0.064393 0.997435 0.031260 -0.026188 -0.749194 0.069012 -0.658745 -147.811000
-0.660308 0.018246 0.750773 422.997000 0.063789 0.997455 0.031862 0.026558 -0.748281 0.068930 -0.659791 -149.554000
-0.661824 0.016869 0.749470 424.984000 0.061482 0.997600 0.031838 0.077389 -0.747134 0.067150 -0.661273 -151.256000
-0.662845 0.015693 0.748592 426.999000 0.058459 0.997813 0.030845 0.128695 -0.746471 0.064207 -0.662313 -153.016000
-0.663588 0.014948 0.747949 429.005000 0.057398 0.997871 0.030981 0.178428 -0.745893 0.063489 -0.663033 -154.769000
-0.664162 0.013676 0.747464 431.000000 0.058044 0.997758 0.033319 0.234225 -0.745332 0.065516 -0.663467 -156.524000
-0.663967 0.012748 0.747653 432.998000 0.060561 0.997487 0.036774 0.299238 -0.745305 0.069696 -0.663070 -158.281000
-0.663057 0.011686 0.748478 434.991000 0.065165 0.996983 0.042162 0.372580 -0.745727 0.076731 -0.661818 -160.040000
-0.661917 0.010789 0.749499 436.993000 0.068792 0.996551 0.046409 0.453894 -0.746414 0.082278 -0.660376 -161.784000
-0.660380 0.008310 0.750885 438.985000 0.062973 0.997029 0.044348 0.543036 -0.748286 0.076572 -0.658942 -163.513000
-0.659856 0.007539 0.751354 440.994000 0.055628 0.997696 0.038843 0.623890 -0.749330 0.067427 -0.658755 -165.240000
-0.658529 0.004975 0.752539 443.012000 0.050663 0.998003 0.037737 0.687389 -0.750848 0.062977 -0.657465 -166.975000
-0.655694 0.004668 0.755013 445.036000 0.048587 0.998169 0.036025 0.755442 -0.753462 0.060305 -0.654720 -168.734000
-0.652544 0.005734 0.757729 447.049000 0.050742 0.998058 0.036145 0.825320 -0.756050 0.062034 -0.651568 -170.468000
-0.650284 0.005474 0.759672 449.061000 0.051322 0.998006 0.036741 0.887344 -0.757956 0.062880 -0.649268 -172.162000
-0.647853 0.006299 0.761740 451.068000 0.048858 0.998251 0.033299 0.949388 -0.760197 0.058790 -0.647027 -173.846000
-0.645629 0.001387 0.763650 453.099000 0.041875 0.998558 0.033589 1.013510 -0.762502 0.053664 -0.644756 -175.556000
-0.645251 -0.004838 0.763955 455.136000 0.033186 0.998859 0.034355 1.066330 -0.763250 0.047520 -0.644354 -177.225000
-0.645183 -0.008224 0.763984 457.186000 0.026079 0.999122 0.032778 1.123000 -0.763583 0.041072 -0.644403 -178.905000
-0.644572 -0.008645 0.764495 459.224000 0.024772 0.999175 0.032184 1.174730 -0.764142 0.039683 -0.643826 -180.597000
-0.643886 -0.008505 0.765074 461.265000 0.026762 0.999076 0.033629 1.230040 -0.764653 0.042129 -0.643063 -182.284000
-0.642974 -0.009763 0.765826 463.310000 0.027967 0.998953 0.036215 1.287050 -0.765377 0.044703 -0.642028 -183.957000
-0.641542 -0.011782 0.766997 465.313000 0.026856 0.998924 0.037807 1.355870 -0.766618 0.044853 -0.640536 -185.614000
-0.640580 -0.011608 0.767804 467.380000 0.025455 0.999015 0.036341 1.426510 -0.767469 0.042824 -0.639654 -187.311000
-0.639515 -0.011284 0.768696 469.416000 0.023636 0.999131 0.034331 1.487930 -0.768415 0.040125 -0.638693 -188.977000
-0.638107 -0.009942 0.769883 471.460000 0.024094 0.999169 0.032873 1.543230 -0.769570 0.039526 -0.637338 -190.661000
-0.636973 -0.009179 0.770832 473.480000 0.026544 0.999075 0.033831 1.598810 -0.770429 0.042011 -0.636140 -192.316000
-0.635419 -0.009333 0.772111 475.516000 0.028195 0.998980 0.035279 1.660140 -0.771652 0.044187 -0.634508 -193.991000
-0.634320 -0.009429 0.773013 477.570000 0.028614 0.998954 0.035665 1.722410 -0.772541 0.044742 -0.633387 -195.669000
-0.633304 -0.009671 0.773843 479.608000 0.028457 0.998955 0.035773 1.787160 -0.773380 0.044677 -0.632367 -197.314000
-0.632170 -0.011076 0.774751 481.638000 0.027933 0.998922 0.037073 1.846140 -0.774326 0.045078 -0.631179 -198.963000
-0.631449 -0.011416 0.775333 483.701000 0.028164 0.998894 0.037645 1.914620 -0.774906 0.045608 -0.630429 -200.616000
-0.630566 -0.011481 0.776051 485.733000 0.026550 0.998986 0.036352 1.971860 -0.775682 0.043526 -0.629622 -202.238000
-0.630133 -0.010346 0.776418 487.768000 0.026719 0.999030 0.034997 2.032980 -0.776027 0.042798 -0.629245 -203.866000
-0.629856 -0.009986 0.776648 489.817000 0.027981 0.998977 0.035536 2.099590 -0.776208 0.044114 -0.628932 -205.505000
-0.629102 -0.011681 0.777235 491.894000 0.026949 0.998958 0.036826 2.167170 -0.776855 0.044113 -0.628132 -207.172000
-0.629345 -0.012429 0.777027 493.977000 0.026227 0.998963 0.037222 2.233670 -0.776683 0.043804 -0.628366 -208.833000
-0.629392 -0.013540 0.776970 496.025000 0.024974 0.998979 0.037640 2.296290 -0.776687 0.043094 -0.628411 -210.444000
-0.629326 -0.013120 0.777031 498.066000 0.025174 0.998989 0.037256 2.366320 -0.776734 0.043007 -0.628359 -212.085000
-0.630045 -0.012588 0.776457 500.146000 0.025771 0.998979 0.037107 2.431530 -0.776131 0.043389 -0.629077 -213.721000
-0.630535 -0.013846 0.776037 502.192000 0.025519 0.998931 0.038557 2.499200 -0.775741 0.044115 -0.629507 -215.338000
-0.630770 -0.015518 0.775815 504.247000 0.024856 0.998883 0.040189 2.572330 -0.775572 0.044634 -0.629679 -216.989000
-0.631023 -0.016379 0.775592 506.309000 0.023520 0.998914 0.040232 2.645550 -0.775408 0.043629 -0.629952 -218.635000
-0.631303 -0.016384 0.775363 508.356000 0.023263 0.998927 0.040049 2.718360 -0.775187 0.043321 -0.630244 -220.269000
-0.631411 -0.015646 0.775290 510.400000 0.023174 0.998969 0.039033 2.790440 -0.775102 0.042612 -0.630398 -221.905000
-0.631178 -0.015004 0.775493 512.419000 0.024458 0.998931 0.039233 2.857950 -0.775252 0.043730 -0.630136 -223.530000
-0.631201 -0.015527 0.775464 514.477000 0.024181 0.998920 0.039684 2.926550 -0.775242 0.043800 -0.630143 -225.181000
-0.631268 -0.015139 0.775417 516.514000 0.024217 0.998937 0.039218 2.997920 -0.775186 0.043535 -0.630231 -226.818000
-0.631441 -0.015286 0.775273 518.560000 0.023370 0.998976 0.038731 3.061750 -0.775072 0.042575 -0.630438 -228.448000
-0.631627 -0.015887 0.775110 520.596000 0.023134 0.998959 0.039326 3.133970 -0.774927 0.042770 -0.630602 -230.052000
-0.631287 -0.016903 0.775365 522.622000 0.023544 0.998884 0.040944 3.197050 -0.775192 0.044103 -0.630184 -231.679000
-0.631722 -0.018297 0.774979 524.655000 0.023097 0.998833 0.042410 3.273180 -0.774851 0.044691 -0.630562 -233.296000
-0.632048 -0.017294 0.774737 526.702000 0.023591 0.998858 0.041544 3.351590 -0.774570 0.044535 -0.630918 -234.920000
-0.632152 -0.016440 0.774670 528.743000 0.024500 0.998851 0.041190 3.432370 -0.774457 0.045018 -0.631023 -236.546000
-0.632364 -0.016439 0.774497 530.803000 0.025371 0.998799 0.041915 3.510510 -0.774256 0.046156 -0.631187 -238.190000
-0.632560 -0.017804 0.774307 532.867000 0.024296 0.998788 0.042814 3.585090 -0.774130 0.045895 -0.631360 -239.813000
-0.633035 -0.018353 0.773905 534.925000 0.023325 0.998813 0.042767 3.668670 -0.773771 0.045124 -0.631856 -241.457000
-0.633344 -0.018071 0.773659 536.967000 0.022802 0.998857 0.041998 3.747070 -0.773534 0.044240 -0.632209 -243.068000
-0.633152 -0.019553 0.773781 538.984000 0.022083 0.998818 0.043309 3.822530 -0.773713 0.044508 -0.631971 -244.689000
-0.633467 -0.020693 0.773493 541.035000 0.022436 0.998731 0.045093 3.909650 -0.773444 0.045919 -0.632199 -246.343000
-0.633815 -0.021590 0.773183 543.104000 0.021608 0.998726 0.045601 4.002310 -0.773183 0.045609 -0.632541 -248.013000
-0.634421 -0.020912 0.772705 545.137000 0.020384 0.998834 0.043768 4.078640 -0.772719 0.043519 -0.633254 -249.637000
-0.635031 -0.018553 0.772264 547.188000 0.020911 0.998932 0.041193 4.161770 -0.772204 0.042308 -0.633965 -251.294000
-0.635221 -0.018066 0.772119 549.214000 0.020812 0.998963 0.040497 4.238440 -0.772050 0.041794 -0.634187 -252.930000
-0.635080 -0.020445 0.772175 551.272000 0.020455 0.998854 0.043270 4.317400 -0.772175 0.043275 -0.633934 -254.589000
-0.635699 -0.021464 0.771639 553.342000 0.020694 0.998780 0.044830 4.405480 -0.771660 0.044466 -0.634479 -256.218000
-0.635736 -0.020113 0.771645 555.395000 0.022232 0.998769 0.044350 4.495220 -0.771587 0.045350 -0.634506 -257.885000
-0.635984 -0.019362 0.771459 557.436000 0.022354 0.998803 0.043496 4.583350 -0.771378 0.044908 -0.634791 -259.558000
-0.635595 -0.018925 0.771791 559.484000 0.022129 0.998842 0.042717 4.666340 -0.771705 0.044229 -0.634440 -261.231000
-0.635592 -0.018660 0.771799 561.547000 0.023851 0.998756 0.043788 4.748780 -0.771656 0.046239 -0.634357 -262.909000
-0.635513 -0.019310 0.771848 563.590000 0.024803 0.998661 0.045407 4.828470 -0.771691 0.048001 -0.634183 -264.573000
-0.635687 -0.020218 0.771682 565.677000 0.024462 0.998627 0.046314 4.919220 -0.771559 0.048318 -0.634320 -266.262000
-0.635763 -0.020053 0.771624 567.733000 0.024298 0.998647 0.045973 5.007740 -0.771502 0.047977 -0.634416 -267.916000
-0.636042 -0.020116 0.771392 569.800000 0.024663 0.998620 0.046377 5.098660 -0.771260 0.048522 -0.634668 -269.577000
-0.636403 -0.020817 0.771076 571.852000 0.025126 0.998546 0.047695 5.187940 -0.770948 0.049727 -0.634954 -271.230000
-0.636634 -0.022062 0.770851 573.917000 0.023975 0.998541 0.048380 5.280500 -0.770794 0.049281 -0.635176 -272.886000
-0.636322 -0.023681 0.771060 575.949000 0.022234 0.998550 0.049017 5.372700 -0.771103 0.048334 -0.634873 -274.542000
-0.636540 -0.022707 0.770909 577.989000 0.022641 0.998586 0.048108 5.462190 -0.770911 0.048076 -0.635126 -276.176000
-0.636092 -0.021220 0.771321 580.020000 0.024153 0.998584 0.047391 5.551450 -0.771235 0.048775 -0.634679 -277.831000
-0.635378 -0.020441 0.771931 582.099000 0.025011 0.998580 0.047030 5.637710 -0.771796 0.049189 -0.633965 -279.513000
-0.634404 -0.021019 0.772716 584.134000 0.025374 0.998525 0.047994 5.728910 -0.772585 0.050054 -0.632935 -281.172000
-0.634180 -0.021935 0.772874 586.197000 0.024950 0.998496 0.048810 5.826990 -0.772783 0.050237 -0.632679 -282.825000
-0.633497 -0.021569 0.773444 588.232000 0.024736 0.998536 0.048107 5.911210 -0.773350 0.049607 -0.632036 -284.451000
-0.632891 -0.021445 0.773944 590.273000 0.024395 0.998568 0.047618 6.004080 -0.773857 0.049017 -0.631461 -286.088000
-0.632623 -0.021599 0.774158 592.313000 0.024280 0.998567 0.047701 6.093540 -0.774079 0.048973 -0.631192 -287.721000
-0.631856 -0.022597 0.774756 594.349000 0.023149 0.998579 0.048005 6.186150 -0.774740 0.048267 -0.630435 -289.350000
-0.631783 -0.022918 0.774807 596.392000 0.022712 0.998586 0.048057 6.275480 -0.774813 0.047959 -0.630369 -290.980000
-0.631656 -0.023988 0.774877 598.449000 0.021521 0.998593 0.048456 6.365680 -0.774950 0.047284 -0.630252 -292.615000
-0.631226 -0.024713 0.775205 600.509000 0.020269 0.998625 0.048340 6.457220 -0.775334 0.046226 -0.629858 -294.275000
-0.631387 -0.024079 0.775094 602.560000 0.019139 0.998729 0.046617 6.551120 -0.775231 0.044268 -0.630124 -295.909000
-0.631816 -0.023959 0.774748 604.601000 0.019707 0.998703 0.046956 6.645210 -0.774868 0.044935 -0.630524 -297.540000
-0.631692 -0.025033 0.774815 606.635000 0.020409 0.998595 0.048902 6.739900 -0.774951 0.046704 -0.630293 -299.192000
-0.632370 -0.026292 0.774220 608.667000 0.019271 0.998581 0.049651 6.840730 -0.774427 0.046318 -0.630966 -300.813000
-0.632859 -0.025106 0.773860 610.730000 0.018955 0.998672 0.047901 6.943530 -0.774035 0.044983 -0.631543 -302.466000
-0.632904 -0.023966 0.773859 612.766000 0.019056 0.998736 0.046515 7.028450 -0.773996 0.044186 -0.631647 -304.111000
-0.633017 -0.022505 0.773810 614.814000 0.019448 0.998800 0.044957 7.119570 -0.773893 0.043507 -0.631820 -305.758000
-0.632829 -0.022390 0.773968 616.879000 0.019790 0.998788 0.045075 7.211120 -0.774039 0.043842 -0.631619 -307.437000
-0.632969 -0.023226 0.773829 618.942000 0.019690 0.998744 0.046082 7.301510 -0.773927 0.044405 -0.631716 -309.100000
-0.632755 -0.023448 0.773997 621.000000 0.021037 0.998652 0.047452 7.395400 -0.774066 0.046308 -0.631409 -310.773000
-0.632436 -0.024050 0.774239 623.065000 0.020626 0.998641 0.047869 7.490910 -0.774338 0.046244 -0.631080 -312.436000
-0.632079 -0.023789 0.774539 625.120000 0.020384 0.998672 0.047308 7.584610 -0.774636 0.045691 -0.630755 -314.092000
-0.632034 -0.023669 0.774580 627.173000 0.019427 0.998735 0.046371 7.681710 -0.774698 0.044355 -0.630774 -315.717000
-0.632309 -0.024159 0.774339 629.227000 0.019395 0.998707 0.046997 7.766390 -0.774473 0.044735 -0.631023 -317.345000
-0.631455 -0.024020 0.775041 631.275000 0.020289 0.998666 0.047481 7.860440 -0.775147 0.045707 -0.630125 -319.006000
-0.631677 -0.024631 0.774840 633.332000 0.019699 0.998662 0.047805 7.957160 -0.774981 0.045461 -0.630347 -320.658000
-0.631142 -0.024970 0.775266 635.378000 0.019042 0.998682 0.047668 8.049280 -0.775434 0.044848 -0.629834 -322.308000
-0.631221 -0.024407 0.775219 637.436000 0.018580 0.998742 0.046574 8.140240 -0.775380 0.043802 -0.629974 -323.959000
-0.630889 -0.024102 0.775499 639.485000 0.019304 0.998720 0.046745 8.232110 -0.775633 0.044461 -0.629616 -325.607000
-0.630804 -0.024804 0.775546 641.550000 0.019316 0.998677 0.047651 8.325350 -0.775702 0.045039 -0.629490 -327.239000
