1.000000 0.000000 0.000000 0.000000 0.000000 1.000000 0.000000 0.000000 0.000000 0.000000 1.000000 0.000000
0.999996 -0.002298 -0.001359 -0.007676 0.002302 0.999993 0.002962 -0.016738 0.001353 -0.002965 0.999995 1.522420
0.999992 -0.002735 -0.002902 -0.009959 0.002746 0.999989 0.003871 -0.035485 0.002892 -0.003879 0.999988 3.039520
0.999989 -0.001732 -0.004255 -0.026892 0.001746 0.999992 0.003467 -0.048192 0.004249 -0.003475 0.999985 4.549030
0.999982 -0.000974 -0.005918 -0.036635 0.000995 0.999993 0.003515 -0.065947 0.005914 -0.003521 0.999976 6.049350
0.999972 -0.001198 -0.007393 -0.051224 0.001224 0.999993 0.003557 -0.077544 0.007389 -0.003566 0.999966 7.551560
0.999958 -0.001620 -0.009049 -0.074086 0.001657 0.999990 0.004077 -0.094512 0.009042 -0.004092 0.999951 9.055270
0.999936 -0.003354 -0.010811 -0.096139 0.003389 0.999989 0.003194 -0.108022 0.010801 -0.003231 0.999936 10.550800
0.999919 -0.004368 -0.011989 -0.119181 0.004410 0.999984 0.003484 -0.122266 0.011973 -0.003537 0.999922 12.037400
0.999903 -0.003929 -0.013333 -0.142066 0.003973 0.999987 0.003310 -0.135539 0.013320 -0.003363 0.999906 13.524600
0.999889 -0.003670 -0.014454 -0.173655 0.003718 0.999988 0.003309 -0.150750 0.014442 -0.003363 0.999890 15.008600
0.999881 -0.002322 -0.015260 -0.195318 0.002383 0.999989 0.004031 -0.169071 0.015250 -0.004067 0.999875 16.464400
0.999874 -0.001485 -0.015815 -0.229634 0.001556 0.999989 0.004510 -0.180882 0.015808 -0.004534 0.999865 17.937900
0.999863 0.000010 -0.016553 -0.257938 0.000082 0.999984 0.005581 -0.197743 0.016553 -0.005581 0.999847 19.403000
0.999858 0.000024 -0.016848 -0.291478 0.000067 0.999985 0.005415 -0.206538 0.016848 -0.005415 0.999843 20.868300
0.999848 0.000714 -0.017424 -0.314684 -0.000617 0.999984 0.005539 -0.216513 0.017428 -0.005527 0.999833 22.345700
0.999848 0.001961 -0.017353 -0.351747 -0.001859 0.999981 0.005895 -0.224285 0.017364 -0.005861 0.999832 23.799300
0.999846 0.002148 -0.017394 -0.378490 -0.002021 0.999971 0.007321 -0.240226 0.017410 -0.007285 0.999822 25.244700
0.999846 0.002600 -0.017375 -0.408441 -0.002493 0.999978 0.006140 -0.256399 0.017390 -0.006095 0.999830 26.678100
0.999844 0.002976 -0.017437 -0.440701 -0.002908 0.999988 0.003916 -0.263621 0.017449 -0.003865 0.999840 28.107500
0.999855 0.000996 -0.016999 -0.473510 -0.000931 0.999992 0.003800 -0.278388 0.017003 -0.003784 0.999848 29.525700
0.999858 0.000266 -0.016858 -0.507016 -0.000155 0.999978 0.006626 -0.296823 0.016860 -0.006622 0.999836 30.945300
0.999861 -0.001420 -0.016586 -0.535457 0.001549 0.999968 0.007786 -0.307166 0.016574 -0.007811 0.999832 32.340600
0.999865 -0.002188 -0.016311 -0.567291 0.002304 0.999972 0.007105 -0.316894 0.016295 -0.007142 0.999842 33.739900
0.999872 -0.002257 -0.015857 -0.592388 0.002342 0.999983 0.005331 -0.332866 0.015844 -0.005367 0.999860 35.118400
0.999880 -0.000989 -0.015443 -0.623074 0.001059 0.999989 0.004526 -0.345820 0.015439 -0.004542 0.999870 36.472800
0.999894 -0.000624 -0.014572 -0.649384 0.000678 0.999993 0.003729 -0.363450 0.014570 -0.003738 0.999887 37.839500
0.999911 -0.000310 -0.013316 -0.673835 0.000374 0.999988 0.004814 -0.380183 0.013314 -0.004818 0.999900 39.172400
0.999927 0.000026 -0.012079 -0.691186 0.000056 0.999977 0.006811 -0.394233 0.012079 -0.006811 0.999904 40.507200
0.999946 -0.000142 -0.010404 -0.713121 0.000223 0.999970 0.007770 -0.408359 0.010403 -0.007772 0.999916 41.793400
0.999968 0.000136 -0.007968 -0.730533 -0.000068 0.999964 0.008523 -0.422530 0.007969 -0.008522 0.999932 43.083100
0.999989 -0.000033 -0.004600 -0.745890 0.000069 0.999969 0.007906 -0.432885 0.004599 -0.007907 0.999958 44.351300
0.999999 -0.001025 -0.000964 -0.751165 0.001031 0.999980 0.006194 -0.448288 0.000957 -0.006195 0.999980 45.591400
0.999996 -0.000906 0.002571 -0.759140 0.000895 0.999989 0.004495 -0.462723 -0.002575 -0.004493 0.999987 46.808100
0.999979 -0.000747 0.006504 -0.746753 0.000714 0.999987 0.005127 -0.478458 -0.006507 -0.005123 0.999966 48.046100
0.999928 -0.000298 0.011959 -0.744530 0.000238 0.999987 0.005017 -0.492453 -0.011960 -0.005014 0.999916 49.249100
0.999830 0.000785 0.018445 -0.729147 -0.000862 0.999991 0.004155 -0.508252 -0.018442 -0.004170 0.999821 50.468900
0.999669 0.001952 0.025648 -0.702884 -0.002056 0.999990 0.004023 -0.520575 -0.025640 -0.004074 0.999663 51.655300
0.999407 0.003201 0.034291 -0.673945 -0.003376 0.999982 0.005057 -0.531945 -0.034274 -0.005170 0.999399 52.844600
0.999002 0.005089 0.044369 -0.627771 -0.005356 0.999968 0.005901 -0.553072 -0.044337 -0.006132 0.998998 53.999000
0.998320 0.007361 0.057469 -0.578004 -0.007712 0.999953 0.005899 -0.565489 -0.057423 -0.006332 0.998330 55.148700
0.997344 0.009253 0.072241 -0.505618 -0.009724 0.999934 0.006168 -0.575167 -0.072179 -0.006854 0.997368 56.290200
0.996025 0.011483 0.088336 -0.417986 -0.012227 0.999894 0.007878 -0.589603 -0.088237 -0.008927 0.996060 57.412300
0.994280 0.011922 0.106133 -0.304819 -0.012892 0.999881 0.008458 -0.597460 -0.106020 -0.009778 0.994316 58.536300
0.992111 0.011519 0.124829 -0.170220 -0.012573 0.999892 0.007660 -0.609255 -0.124727 -0.009169 0.992149 59.620000
0.989342 0.010880 0.145207 -0.019077 -0.011972 0.999906 0.006645 -0.614926 -0.145121 -0.008312 0.989379 60.711800
0.986064 0.008000 0.166171 0.157577 -0.009185 0.999938 0.006367 -0.625172 -0.166110 -0.007805 0.986076 61.772400
0.982216 0.002931 0.187731 0.360309 -0.004609 0.999953 0.008501 -0.630361 -0.187698 -0.009215 0.982184 62.819100
0.977575 -0.002491 0.210574 0.587738 0.000399 0.999950 0.009978 -0.639750 -0.210588 -0.009670 0.977527 63.852000
0.972031 -0.007729 0.234727 0.836642 0.005633 0.999938 0.009601 -0.651114 -0.234787 -0.008011 0.972014 64.873900
0.965544 -0.013955 0.259865 1.112240 0.012325 0.999893 0.007902 -0.659293 -0.259948 -0.004427 0.965613 65.876100
0.958069 -0.017208 0.286020 1.410690 0.015326 0.999844 0.008815 -0.667121 -0.286127 -0.004062 0.958183 66.861800
0.949492 -0.019970 0.313156 1.722670 0.017369 0.999788 0.011092 -0.673606 -0.313311 -0.005092 0.949637 67.803600
0.939795 -0.024204 0.340881 2.065650 0.020724 0.999689 0.013847 -0.675163 -0.341111 -0.005949 0.940004 68.742300
0.928898 -0.026937 0.369355 2.437510 0.023635 0.999630 0.013463 -0.676061 -0.369581 -0.003776 0.929191 69.668400
0.916719 -0.025633 0.398709 2.822440 0.023691 0.999671 0.009797 -0.679329 -0.398830 0.000465 0.917025 70.568800
0.903740 -0.027422 0.427202 3.242860 0.028195 0.999592 0.004518 -0.687024 -0.427152 0.007962 0.904145 71.429700
0.889525 -0.029515 0.455932 3.685260 0.032075 0.999483 0.002124 -0.694026 -0.455759 0.012735 0.890012 72.277500
0.873938 -0.030128 0.485102 4.156040 0.031409 0.999492 0.005491 -0.702322 -0.485021 0.010438 0.874440 73.124500
0.856232 -0.028826 0.515786 4.650800 0.026990 0.999575 0.011060 -0.707109 -0.515885 0.004451 0.856646 73.951800
0.836528 -0.029329 0.547139 5.169470 0.025336 0.999569 0.014845 -0.714677 -0.547338 0.001444 0.836910 74.756400
0.815494 -0.023206 0.578301 5.708230 0.021253 0.999723 0.010146 -0.718345 -0.578376 0.004016 0.815761 75.523900
0.793405 -0.016281 0.608476 6.269750 0.018228 0.999829 0.002985 -0.721698 -0.608421 0.008722 0.793567 76.266600
0.770864 -0.013770 0.636851 6.864090 0.017307 0.999850 0.000670 -0.722731 -0.636764 0.010506 0.770987 77.004000
0.747415 -0.016074 0.664163 7.487370 0.018273 0.999826 0.003635 -0.728043 -0.664106 0.009419 0.747579 77.703700
0.723154 -0.016886 0.690481 8.128340 0.018737 0.999813 0.004827 -0.746661 -0.690433 0.009446 0.723335 78.365100
0.697669 -0.014732 0.716268 8.786450 0.019360 0.999811 0.001707 -0.754119 -0.716158 0.012677 0.697823 79.017800
0.671643 -0.012656 0.740767 9.462770 0.019362 0.999812 -0.000473 -0.763805 -0.740622 0.014660 0.671762 79.617700
0.644647 -0.009862 0.764417 10.168100 0.017230 0.999850 -0.001631 -0.769977 -0.764287 0.014223 0.644720 80.213300
0.616546 -0.008091 0.787277 10.880900 0.016912 0.999853 -0.002968 -0.780786 -0.787137 0.015144 0.616592 80.773300
0.587798 -0.002091 0.809005 11.621900 0.015754 0.999837 -0.008862 -0.801492 -0.808855 0.017954 0.587734 81.321600
0.558115 0.007347 0.829731 12.379900 0.014457 0.999723 -0.018576 -0.815585 -0.829638 0.022363 0.557854 81.826300
0.526852 0.015687 0.849812 13.166500 0.013366 0.999553 -0.026738 -0.839826 -0.849852 0.025445 0.526407 82.326500
0.495553 0.020750 0.868330 13.962100 0.010873 0.999488 -0.030090 -0.864066 -0.868509 0.024352 0.495074 82.778000
0.462745 0.020166 0.886262 14.807000 0.008899 0.999585 -0.027391 -0.895455 -0.886447 0.020562 0.462374 83.229300
0.429552 0.018995 0.902842 15.649800 0.004318 0.999724 -0.023088 -0.925437 -0.903032 0.013816 0.429352 83.636700
0.394938 0.020184 0.918486 16.522400 -0.000065 0.999759 -0.021942 -0.958918 -0.918708 0.008606 0.394844 84.032600
0.359645 0.023114 0.932803 17.393900 -0.007291 0.999732 -0.021961 -0.986617 -0.933061 0.001097 0.359718 84.383400
0.323762 0.025049 0.945807 18.306000 -0.012215 0.999677 -0.022294 -1.016410 -0.946060 -0.004335 0.323964 84.711300
0.287637 0.024394 0.957429 19.214100 -0.014703 0.999670 -0.021053 -1.041250 -0.957627 -0.008021 0.287901 84.994000
0.251429 0.023949 0.967579 20.159900 -0.015762 0.999663 -0.020647 -1.072980 -0.967747 -0.010060 0.251722 85.244600
0.215428 0.023432 0.976239 21.118900 -0.014699 0.999677 -0.020751 -1.098760 -0.976409 -0.009879 0.215702 85.459000
0.180225 0.022355 0.983371 22.075800 -0.012640 0.999712 -0.020410 -1.120710 -0.983544 -0.008752 0.180455 85.628100
0.145607 0.021279 0.989114 23.050000 -0.004305 0.999773 -0.020875 -1.150750 -0.989333 -0.001219 0.145666 85.757800
0.111876 0.024405 0.993422 24.039900 -0.001943 0.999702 -0.024341 -1.189570 -0.993720 0.000793 0.111891 85.875600
0.078925 0.029294 0.996450 25.009900 -0.000938 0.999570 -0.029311 -1.219470 -0.996880 0.001378 0.078919 85.955300
0.050065 0.033188 0.998194 25.985100 0.005958 0.999420 -0.033528 -1.254700 -0.998728 0.007626 0.049838 85.987500
0.024753 0.031867 0.999186 27.027300 0.007511 0.999458 -0.032062 -1.286310 -0.999665 0.008299 0.024500 86.011000
0.002406 0.028826 0.999582 28.023900 0.009042 0.999543 -0.028847 -1.322110 -0.999956 0.009107 0.002144 86.009600
-0.016203 0.026113 0.999528 29.021700 0.009243 0.999620 -0.025966 -1.361050 -0.999826 0.008818 -0.016438 85.991700
-0.033081 0.029392 0.999020 30.072200 0.010689 0.999521 -0.029053 -1.400770 -0.999396 0.009717 -0.033379 85.964100
-0.047523 0.033736 0.998300 31.070800 0.013378 0.999361 -0.033135 -1.433570 -0.998781 0.011781 -0.047944 85.909000
-0.059726 0.038519 0.997471 32.060600 0.018444 0.999127 -0.037478 -1.479240 -0.998044 0.016159 -0.060385 85.844900
-0.068447 0.042339 0.996756 33.094800 0.023061 0.998899 -0.040846 -1.524270 -0.997388 0.020191 -0.069348 85.769200
-0.074438 0.047719 0.996083 34.091500 0.026575 0.998595 -0.045853 -1.572720 -0.996871 0.023058 -0.075601 85.690800
-0.077834 0.052425 0.995587 35.103700 0.028770 0.998319 -0.050320 -1.628060 -0.996551 0.024726 -0.079211 85.604100
-0.080536 0.056433 0.995153 36.112700 0.031077 0.998053 -0.054083 -1.687580 -0.996267 0.026571 -0.082133 85.519000
-0.083340 0.059179 0.994762 37.128400 0.031671 0.997888 -0.056712 -1.751480 -0.996018 0.026779 -0.085038 85.430200
-0.085930 0.062571 0.994334 38.135700 0.032485 0.997671 -0.059974 -1.818480 -0.995771 0.027148 -0.087763 85.345600
-0.087623 0.066738 0.993916 39.142700 0.033879 0.997376 -0.063983 -1.878660 -0.995577 0.028067 -0.089654 85.245300
-0.090028 0.068079 0.993610 40.155600 0.036755 0.997208 -0.064995 -1.949920 -0.995261 0.030669 -0.092279 85.152100
-0.092227 0.066872 0.993490 41.182200 0.036718 0.997292 -0.063719 -2.026710 -0.995061 0.030603 -0.094432 85.063000
-0.094439 0.066455 0.993310 42.201100 0.036330 0.997335 -0.063270 -2.096310 -0.994867 0.030112 -0.096602 84.964800
-0.096663 0.067682 0.993013 43.224700 0.036157 0.997266 -0.064452 -2.166800 -0.994660 0.029674 -0.098845 84.863500
-0.098818 0.070046 0.992637 44.249800 0.035781 0.997125 -0.066801 -2.241640 -0.994462 0.028917 -0.101040 84.753300
-0.101349 0.071767 0.992259 45.280200 0.034250 0.997055 -0.068615 -2.325340 -0.994261 0.027031 -0.103508 84.647000
-0.103910 0.075530 0.991715 46.307900 0.031589 0.996860 -0.072612 -2.401900 -0.994085 0.023782 -0.105970 84.544800
-0.106246 0.079848 0.991129 47.348900 0.027907 0.996617 -0.077299 -2.479080 -0.993948 0.019447 -0.108115 84.441000
-0.108864 0.082446 0.990632 48.391100 0.025368 0.996460 -0.080143 -2.558760 -0.993733 0.016406 -0.110570 84.325800
-0.111960 0.080751 0.990426 49.433700 0.023207 0.996633 -0.078634 -2.646680 -0.993442 0.014181 -0.113457 84.217500
-0.114472 0.076757 0.990457 50.500400 0.020480 0.996981 -0.074896 -2.732590 -0.993215 0.011711 -0.115698 84.088200
-0.116821 0.075140 0.990306 51.551300 0.020779 0.997101 -0.073204 -2.817330 -0.992936 0.012026 -0.118044 83.967600
-0.119105 0.075118 0.990036 52.584100 0.020152 0.997111 -0.073230 -2.908570 -0.992677 0.011229 -0.120275 83.853900
-0.120387 0.078112 0.989649 53.645100 0.020837 0.996879 -0.076148 -2.990430 -0.992508 0.011454 -0.121639 83.730600
-0.121012 0.081070 0.989335 54.711200 0.021622 0.996638 -0.079024 -3.074800 -0.992415 0.011829 -0.122359 83.598000
-0.121275 0.081810 0.989242 55.774500 0.020299 0.996594 -0.079929 -3.161230 -0.992411 0.010387 -0.122523 83.467100
-0.121580 0.080253 0.989332 56.835900 0.017240 0.996746 -0.078736 -3.253990 -0.992432 0.007484 -0.122568 83.349100
-0.121629 0.079624 0.989377 57.891500 0.013515 0.996818 -0.078561 -3.341730 -0.992484 0.003817 -0.122318 83.227700
-0.121346 0.080784 0.989318 58.969200 0.009770 0.996732 -0.080191 -3.436230 -0.992562 -0.000065 -0.121738 83.097000
-0.121517 0.081054 0.989274 60.044800 0.005812 0.996701 -0.080949 -3.527200 -0.992572 -0.004087 -0.121588 82.974200
-0.121886 0.080056 0.989310 61.125800 0.002396 0.996763 -0.080364 -3.626240 -0.992541 -0.007425 -0.121683 82.847300
-0.122191 0.074998 0.989669 62.222000 0.003100 0.997165 -0.075183 -3.714920 -0.992502 -0.006118 -0.122077 82.715400
-0.122705 0.066797 0.990193 63.316400 0.006138 0.997764 -0.066547 -3.794920 -0.992424 -0.002088 -0.122840 82.586400
-0.122555 0.061176 0.990575 64.411900 0.012172 0.998116 -0.060135 -3.880630 -0.992387 0.004688 -0.123068 82.449300
-0.121423 0.063725 0.990553 65.514800 0.020479 0.997885 -0.061686 -3.949840 -0.992390 0.012795 -0.122471 82.294200
-0.119975 0.069339 0.990352 66.602400 0.026010 0.997435 -0.066684 -4.023090 -0.992436 0.017759 -0.121471 82.155300
-0.119316 0.074988 0.990020 67.704400 0.029606 0.996969 -0.071946 -4.103760 -0.992415 0.020726 -0.121174 82.020100
-0.119072 0.079376 0.989708 68.797600 0.030156 0.996629 -0.076303 -4.188740 -0.992428 0.020760 -0.121064 81.896500
-0.118507 0.077022 0.989961 69.917100 0.026836 0.996871 -0.074347 -4.269200 -0.992590 0.017756 -0.120204 81.765800
-0.118477 0.072362 0.990317 71.016600 0.026567 0.997215 -0.069688 -4.360900 -0.992601 0.018053 -0.120069 81.646700
-0.117891 0.070262 0.990538 72.174500 0.024251 0.997400 -0.067862 -4.444790 -0.992730 0.016022 -0.119289 81.494000
-0.118146 0.070845 0.990466 73.303300 0.022277 0.997390 -0.068683 -4.526950 -0.992746 0.013950 -0.119416 81.369100
-0.118076 0.075663 0.990118 74.420000 0.024152 0.997017 -0.073310 -4.623810 -0.992711 0.015257 -0.119551 81.248100
-0.116436 0.078549 0.990087 75.571500 0.023539 0.996806 -0.076314 -4.703450 -0.992919 0.014420 -0.117913 81.087100
-0.115551 0.077115 0.990304 76.720500 0.023741 0.996911 -0.074859 -4.794210 -0.993018 0.014861 -0.117025 80.948100
-0.115524 0.070584 0.990794 77.869400 0.025157 0.997360 -0.068119 -4.884860 -0.992986 0.017056 -0.116994 80.819000
-0.115791 0.069231 0.990858 79.036600 0.024170 0.997469 -0.066868 -4.967500 -0.992979 0.016206 -0.117172 80.679800
-0.115866 0.072037 0.990649 80.187500 0.021443 0.997316 -0.070013 -5.054570 -0.993033 0.013130 -0.117099 80.564200
-0.115620 0.075177 0.990445 81.358200 0.021338 0.997090 -0.073191 -5.138770 -0.993064 0.012671 -0.116888 80.429300
-0.116092 0.074660 0.990428 82.529400 0.020200 0.997142 -0.072798 -5.227140 -0.993033 0.011555 -0.117268 80.303500
-0.114900 0.071333 0.990813 83.712700 0.020210 0.997380 -0.069462 -5.315260 -0.993171 0.012043 -0.116041 80.156200
-0.114505 0.070140 0.990943 84.904700 0.019216 0.997474 -0.068382 -5.406080 -0.993237 0.011212 -0.115564 80.023100
-0.113440 0.070546 0.991037 86.092200 0.020549 0.997429 -0.068649 -5.494200 -0.993332 0.012577 -0.114598 79.891900
-0.112139 0.070856 0.991163 87.286000 0.023079 0.997371 -0.068689 -5.582680 -0.993424 0.015172 -0.113480 79.749700
-0.110714 0.070312 0.991362 88.487800 0.023248 0.997405 -0.068144 -5.669180 -0.993580 0.015503 -0.112061 79.603200
-0.109474 0.071072 0.991446 89.686500 0.024167 0.997336 -0.068826 -5.755360 -0.993696 0.016426 -0.110900 79.472900
-0.108584 0.069448 0.991659 90.880200 0.023457 0.997458 -0.067285 -5.844490 -0.993811 0.015955 -0.109937 79.350200
-0.107204 0.067966 0.991911 92.109200 0.022492 0.997571 -0.065923 -5.938670 -0.993983 0.015243 -0.108472 79.208600
-0.105550 0.067756 0.992103 93.322500 0.023555 0.997566 -0.065623 -6.019600 -0.994135 0.016443 -0.106889 79.080800
-0.103329 0.068580 0.992280 94.552200 0.021519 0.997541 -0.066702 -6.108280 -0.994414 0.014460 -0.104551 78.947500
-0.103125 0.070886 0.992139 95.773700 0.021739 0.997380 -0.069001 -6.197090 -0.994431 0.014452 -0.104395 78.835400
-0.102104 0.069691 0.992330 96.994400 0.019083 0.997497 -0.068091 -6.282550 -0.994591 0.011984 -0.103178 78.717000
-0.101481 0.068395 0.992484 98.238700 0.015847 0.997618 -0.067129 -6.377950 -0.994711 0.008915 -0.102323 78.596300
-0.101485 0.069421 0.992412 99.478000 0.012991 0.997570 -0.068453 -6.464570 -0.994752 0.005945 -0.102140 78.475900
-0.101402 0.068864 0.992459 100.701000 0.010106 0.997621 -0.068189 -6.554880 -0.994794 0.003115 -0.101857 78.348800
-0.102373 0.066093 0.992548 101.948000 0.007316 0.997813 -0.065689 -6.647710 -0.994719 0.000537 -0.102633 78.223900
-0.103581 0.064736 0.992512 103.204000 0.005290 0.997901 -0.064535 -6.737810 -0.994607 -0.001434 -0.103707 78.098900
-0.105403 0.064277 0.992350 104.466000 0.002972 0.997925 -0.064322 -6.822650 -0.994425 -0.003830 -0.105375 77.980700
-0.106563 0.063881 0.992252 105.715000 0.003371 0.997952 -0.063886 -6.920630 -0.994300 -0.003463 -0.106560 77.843100
-0.108916 0.062521 0.992083 106.973000 0.002996 0.998036 -0.062567 -7.007310 -0.994046 -0.003842 -0.108890 77.710900
-0.112311 0.057892 0.991985 108.236000 -0.000225 0.998300 -0.058286 -7.090780 -0.993673 -0.006769 -0.112107 77.582800
-0.116652 0.057990 0.991478 109.495000 -0.000899 0.998287 -0.058494 -7.171300 -0.993172 -0.007715 -0.116400 77.440200
-0.121877 0.064048 0.990477 110.735000 -0.004920 0.997865 -0.065131 -7.253990 -0.992533 -0.012811 -0.121302 77.290900
-0.129425 0.067296 0.989303 111.956000 -0.004300 0.997647 -0.068426 -7.339170 -0.991580 -0.013110 -0.128831 77.145900
-0.137761 0.063132 0.988451 113.206000 -0.002203 0.997945 -0.064046 -7.433960 -0.990463 -0.011001 -0.137339 76.964200
-0.148531 0.061140 0.987016 114.434000 0.000082 0.998088 -0.061814 -7.522940 -0.988908 -0.009101 -0.148252 76.783200
-0.161546 0.061845 0.984926 115.659000 0.000243 0.998037 -0.062628 -7.613920 -0.986865 -0.009878 -0.161243 76.590100
-0.175554 0.061989 0.982516 116.876000 0.002328 0.998039 -0.062553 -7.701270 -0.984467 -0.008694 -0.175354 76.375700
-0.189986 0.059827 0.979962 118.091000 0.002357 0.998167 -0.060481 -7.790510 -0.981784 -0.009181 -0.189779 76.147200
-0.205076 0.062346 0.976758 119.292000 0.006618 0.998035 -0.062315 -7.878790 -0.978724 -0.006315 -0.205086 75.893000
-0.220584 0.065811 0.973145 120.466000 0.006290 0.997796 -0.066052 -7.964930 -0.975348 -0.008449 -0.220512 75.638300
-0.235932 0.069675 0.969268 121.631000 0.005920 0.997511 -0.070264 -8.053490 -0.971751 -0.010840 -0.235758 75.361300
-0.251660 0.067553 0.965455 122.803000 0.002597 0.997605 -0.069126 -8.150040 -0.967812 -0.014889 -0.251233 75.065400
-0.267954 0.061939 0.961438 123.965000 -0.003018 0.997872 -0.065127 -8.239610 -0.963427 -0.020353 -0.267197 74.764000
-0.283789 0.057551 0.957158 125.154000 -0.007264 0.998040 -0.062163 -8.330720 -0.958859 -0.024594 -0.282815 74.435300
-0.299284 0.058926 0.952343 126.301000 -0.009226 0.997866 -0.064642 -8.416460 -0.954119 -0.028133 -0.298102 74.094100
-0.313090 0.061202 0.947749 127.461000 -0.008828 0.997691 -0.067344 -8.500980 -0.949682 -0.029452 -0.311827 73.713700
-0.327163 0.063421 0.942837 128.597000 -0.007435 0.997542 -0.069680 -8.591150 -0.944939 -0.029807 -0.325887 73.331900
-0.341427 0.063016 0.937794 129.730000 -0.005276 0.997606 -0.068956 -8.690910 -0.939894 -0.028491 -0.340277 72.927800
-0.355419 0.060899 0.932721 130.854000 -0.005640 0.997717 -0.067292 -8.784320 -0.934690 -0.029178 -0.354264 72.511800
-0.369906 0.059699 0.927149 131.973000 -0.005478 0.997776 -0.066433 -8.878730 -0.929053 -0.029653 -0.368756 72.069600
-0.384695 0.061105 0.921019 133.073000 -0.006934 0.997587 -0.069081 -8.969530 -0.923018 -0.032961 -0.383343 71.622600
-0.399803 0.062989 0.914434 134.163000 -0.006251 0.997425 -0.071439 -9.061480 -0.916580 -0.034278 -0.398380 71.165600
-0.414531 0.064932 0.907716 135.259000 -0.004843 0.997280 -0.073551 -9.153460 -0.910022 -0.034885 -0.413089 70.675200
-0.428978 0.067413 0.900796 136.345000 -0.002140 0.997133 -0.075642 -9.251480 -0.903312 -0.034377 -0.427604 70.161800
-0.443844 0.070766 0.893305 137.419000 -0.002435 0.996778 -0.080172 -9.348310 -0.896101 -0.037759 -0.442242 69.643900
-0.458868 0.072618 0.885532 138.482000 -0.002084 0.996564 -0.082803 -9.455660 -0.888502 -0.039841 -0.457140 69.098500
-0.474278 0.069863 0.877599 139.554000 -0.003495 0.996689 -0.081232 -9.558630 -0.880368 -0.041594 -0.472464 68.536100
-0.490270 0.065482 0.869107 140.619000 -0.006269 0.996883 -0.078645 -9.661270 -0.871548 -0.044006 -0.488331 67.954300
-0.506409 0.065779 0.859781 141.679000 -0.006701 0.996756 -0.080205 -9.761870 -0.862267 -0.046378 -0.504326 67.346800
-0.522254 0.064822 0.850323 142.733000 -0.007844 0.996700 -0.080799 -9.863600 -0.852754 -0.048868 -0.520022 66.712200
-0.538132 0.063891 0.840435 143.770000 -0.008299 0.996673 -0.081082 -9.965030 -0.842820 -0.050607 -0.535812 66.056900
-0.553777 0.062992 0.830279 144.802000 -0.009971 0.996561 -0.082258 -10.074400 -0.832605 -0.053832 -0.551245 65.391900
-0.569457 0.062271 0.819659 145.824000 -0.010511 0.996493 -0.083008 -10.180200 -0.821954 -0.055885 -0.566806 64.700100
-0.584038 0.060166 0.809493 146.845000 -0.010099 0.996633 -0.081362 -10.284600 -0.811663 -0.055694 -0.581464 63.964100
-0.598978 0.056676 0.798757 147.851000 -0.009891 0.996892 -0.078152 -10.392400 -0.800704 -0.054712 -0.596556 63.223000
-0.614052 0.054688 0.787369 148.848000 -0.009682 0.997000 -0.076800 -10.495000 -0.789206 -0.054783 -0.611680 62.459900
-0.628477 0.053363 0.775995 149.826000 -0.010211 0.996992 -0.076830 -10.594800 -0.777761 -0.056209 -0.626042 61.675400
-0.643628 0.054265 0.763412 150.807000 -0.011523 0.996683 -0.080562 -10.703600 -0.765252 -0.060649 -0.640868 60.880900
-0.658944 0.053557 0.750283 151.766000 -0.013674 0.996444 -0.083138 -10.810400 -0.752068 -0.065043 -0.655868 60.062900
-0.674819 0.050226 0.736272 152.717000 -0.015633 0.996485 -0.082305 -10.920400 -0.737817 -0.067051 -0.671662 59.223200
-0.691064 0.042600 0.721537 153.650000 -0.019140 0.996833 -0.077185 -11.031500 -0.722540 -0.067150 -0.688061 58.357000
-0.707876 0.040215 0.705191 154.576000 -0.020112 0.996826 -0.077034 -11.135900 -0.706050 -0.068713 -0.704820 57.457600
-0.725442 0.037563 0.687257 155.480000 -0.021682 0.996767 -0.077367 -11.240100 -0.687942 -0.071026 -0.722282 56.535700
-0.742765 0.033717 0.668703 156.359000 -0.024867 0.996653 -0.077873 -11.346400 -0.669090 -0.074470 -0.739441 55.592800
-0.759394 0.031680 0.649859 157.204000 -0.024563 0.996706 -0.077293 -11.455600 -0.650167 -0.074658 -0.756114 54.631100
-0.775347 0.033857 0.630628 158.027000 -0.022429 0.996456 -0.081073 -11.559400 -0.631138 -0.077004 -0.771839 53.639900
-0.790258 0.033777 0.611843 158.827000 -0.018292 0.996734 -0.078650 -11.677100 -0.612501 -0.073346 -0.787059 52.618100
-0.804837 0.035139 0.592455 159.607000 -0.014304 0.996807 -0.078552 -11.788800 -0.593323 -0.071696 -0.801765 51.579800
-0.819302 0.036567 0.572195 160.351000 -0.012167 0.996631 -0.081112 -11.900700 -0.573233 -0.073417 -0.816096 50.530300
-0.833095 0.037221 0.551876 161.094000 -0.012168 0.996259 -0.085560 -12.021200 -0.552996 -0.077995 -0.829526 49.446700
-0.846252 0.037414 0.531467 161.796000 -0.009639 0.996293 -0.085483 -12.138400 -0.532695 -0.077463 -0.842755 48.360700
-0.857722 0.035789 0.512867 162.467000 -0.008064 0.996515 -0.083026 -12.259700 -0.514051 -0.075349 -0.854444 47.244500
-0.868288 0.037468 0.494644 163.113000 -0.005258 0.996392 -0.084702 -12.376100 -0.496033 -0.076147 -0.864958 46.131900
-0.877669 0.040427 0.477558 163.727000 -0.002404 0.996052 -0.088739 -12.488600 -0.479260 -0.079031 -0.874107 45.013000
-0.886676 0.037943 0.460833 164.328000 -0.004258 0.995915 -0.090193 -12.610400 -0.462372 -0.081934 -0.882892 43.882100
-0.894965 0.035401 0.444731 164.918000 -0.005093 0.995971 -0.089529 -12.735200 -0.446108 -0.082391 -0.891179 42.736200
-0.902134 0.033261 0.430171 165.483000 -0.006111 0.995939 -0.089821 -12.859600 -0.431412 -0.083659 -0.898268 41.580200
-0.908797 0.031200 0.416069 166.031000 -0.006666 0.995987 -0.089248 -12.985400 -0.417184 -0.083882 -0.904943 40.409600
-0.915061 0.028803 0.402285 166.556000 -0.007642 0.996029 -0.088697 -13.105500 -0.403243 -0.084238 -0.911208 39.237400
-0.920576 0.023508 0.389856 167.077000 -0.010452 0.996347 -0.084757 -13.235100 -0.390424 -0.082100 -0.916967 38.023100
-0.925896 0.019987 0.377249 167.586000 -0.011729 0.996597 -0.081588 -13.349900 -0.377596 -0.079966 -0.922511 36.838600
-0.930048 0.021020 0.366835 168.064000 -0.008510 0.996862 -0.078697 -13.460700 -0.367338 -0.076314 -0.926951 35.623200
-0.933404 0.024674 0.357977 168.533000 -0.004518 0.996746 -0.080483 -13.572400 -0.358798 -0.076740 -0.930255 34.434700
-0.935889 0.029462 0.351060 168.993000 0.000749 0.996661 -0.081646 -13.693100 -0.352293 -0.076149 -0.932787 33.241000
-0.937542 0.033485 0.346256 169.442000 0.004408 0.996420 -0.084425 -13.804200 -0.347843 -0.077626 -0.934334 32.003900
-0.939495 0.030272 0.341223 169.893000 0.002031 0.996562 -0.082820 -13.925400 -0.342557 -0.077116 -0.936327 30.802200
-0.941300 0.023027 0.336786 170.344000 -0.004055 0.996828 -0.079488 -14.037800 -0.337548 -0.076187 -0.938220 29.596300
-0.943149 0.017309 0.331918 170.800000 -0.009046 0.996936 -0.077691 -14.145900 -0.332246 -0.076277 -0.940103 28.351800
-0.944889 0.010687 0.327216 171.238000 -0.016296 0.996693 -0.079611 -14.248900 -0.326984 -0.080556 -0.941590 27.144100
-0.946136 0.008403 0.323661 171.673000 -0.019245 0.996436 -0.082127 -14.362800 -0.323198 -0.083933 -0.942602 25.926600
-0.946853 0.008219 0.321563 172.093000 -0.019985 0.996239 -0.084309 -14.477800 -0.321046 -0.086255 -0.943128 24.716600
-0.947052 0.009416 0.320943 172.513000 -0.019416 0.996061 -0.086514 -14.596100 -0.320493 -0.088165 -0.943139 23.481100
-0.947010 0.011561 0.320997 172.929000 -0.017768 0.995937 -0.088287 -14.714000 -0.320714 -0.089312 -0.942956 22.279700
-0.946461 0.013154 0.322550 173.344000 -0.016833 0.995799 -0.090006 -14.836400 -0.322379 -0.090616 -0.942264 21.063400
-0.946133 0.014371 0.323460 173.764000 -0.016215 0.995658 -0.091666 -14.963100 -0.323373 -0.091973 -0.941791 19.856100
-0.945342 0.015908 0.325691 174.188000 -0.014814 0.995683 -0.091630 -15.083500 -0.325743 -0.091447 -0.941026 18.640800
-0.944431 0.015318 0.328353 174.611000 -0.015775 0.995651 -0.091820 -15.212000 -0.328331 -0.091897 -0.940082 17.426800
-0.943196 0.014164 0.331935 175.040000 -0.017254 0.995654 -0.091515 -15.342500 -0.331788 -0.092044 -0.938853 16.241900
-0.941838 0.012429 0.335837 175.482000 -0.018618 0.995851 -0.089070 -15.468500 -0.335551 -0.090142 -0.937699 15.059900
-0.939651 0.010725 0.341966 175.919000 -0.019996 0.996078 -0.086185 -15.589800 -0.341549 -0.087822 -0.935752 13.864100
-0.937351 0.008425 0.348284 176.374000 -0.021694 0.996356 -0.082487 -15.714400 -0.347710 -0.084875 -0.933753 12.685400
-0.934533 0.010401 0.355725 176.814000 -0.020520 0.996335 -0.083041 -15.824200 -0.355285 -0.084904 -0.930894 11.519000
-0.931498 0.010656 0.363591 177.281000 -0.021011 0.996326 -0.083029 -15.939300 -0.363140 -0.084981 -0.927851 10.363000
-0.927484 0.013589 0.373616 177.746000 -0.019729 0.996168 -0.085207 -16.057000 -0.373342 -0.086399 -0.923662 9.188700
-0.923311 0.014697 0.383773 178.224000 -0.018976 0.996301 -0.083809 -16.170700 -0.383585 -0.084665 -0.919616 8.060030
-0.918638 0.016845 0.394741 178.723000 -0.018478 0.996166 -0.085512 -16.281600 -0.394668 -0.085848 -0.914804 6.934600
-0.912629 0.018965 0.408349 179.242000 -0.017995 0.996091 -0.086478 -16.399400 -0.408393 -0.086270 -0.908720 5.739730
-0.906578 0.021373 0.421497 179.780000 -0.016582 0.996142 -0.086177 -16.516100 -0.421713 -0.085115 -0.902726 4.587060
-0.900445 0.020992 0.434463 180.336000 -0.016945 0.996384 -0.083261 -16.637300 -0.434639 -0.082334 -0.896833 3.446950
-0.893364 0.023719 0.448707 180.895000 -0.015561 0.996374 -0.083650 -16.753500 -0.449063 -0.081712 -0.889756 2.307780
-0.886358 0.025976 0.462271 181.469000 -0.013929 0.996477 -0.082701 -16.866400 -0.462790 -0.079741 -0.882874 1.189430
-0.879322 0.027117 0.475455 182.083000 -0.012553 0.996711 -0.080062 -16.980700 -0.476062 -0.076369 -0.876090 0.078598
-0.870956 0.030014 0.490444 182.684000 -0.009205 0.996961 -0.077358 -17.085100 -0.491275 -0.071890 -0.868032 -1.034230
-0.862838 0.032972 0.504405 183.304000 -0.005906 0.997145 -0.075283 -17.192800 -0.505447 -0.067936 -0.860179 -2.091000
-0.853592 0.036432 0.519667 183.948000 -0.002272 0.997282 -0.073647 -17.301500 -0.520938 -0.064045 -0.851189 -3.159040
-0.843197 0.039279 0.536168 184.597000 0.000603 0.997396 -0.072119 -17.407100 -0.537605 -0.060488 -0.841025 -4.184900
-0.832132 0.042153 0.552974 185.269000 0.002954 0.997430 -0.071588 -17.503600 -0.554570 -0.057937 -0.830117 -5.212370
-0.820892 0.043847 0.569398 185.959000 0.004004 0.997466 -0.071038 -17.600100 -0.571070 -0.056035 -0.818987 -6.208360
-0.808996 0.045280 0.586068 186.659000 0.004998 0.997523 -0.070170 -17.711500 -0.587793 -0.053838 -0.807218 -7.195430
-0.795741 0.047836 0.603745 187.389000 0.007157 0.997549 -0.069604 -17.809300 -0.605594 -0.051066 -0.794133 -8.176330
-0.782603 0.048758 0.620609 188.139000 0.008464 0.997669 -0.067708 -17.900100 -0.622464 -0.047736 -0.781191 -9.110950
-0.767279 0.050674 0.639309 188.912000 0.010266 0.997716 -0.066762 -17.989800 -0.641232 -0.044662 -0.766047 -10.050000
-0.750465 0.053343 0.658754 189.686000 0.012236 0.997688 -0.066848 -18.088500 -0.660797 -0.042107 -0.749383 -10.955500
-0.733399 0.055934 0.677493 190.493000 0.012578 0.997555 -0.068742 -18.183700 -0.679682 -0.041893 -0.732310 -11.821400
-0.715503 0.056793 0.696298 191.306000 0.012354 0.997563 -0.068670 -18.279000 -0.698501 -0.040532 -0.714461 -12.669100
-0.696838 0.056706 0.714984 192.151000 0.011454 0.997622 -0.067959 -18.375700 -0.717137 -0.039167 -0.695830 -13.480900
-0.677212 0.056340 0.733627 193.035000 0.009639 0.997658 -0.067719 -18.468400 -0.735725 -0.038788 -0.676169 -14.290400
-0.655591 0.056892 0.752970 193.911000 0.008030 0.997627 -0.068386 -18.563300 -0.755073 -0.038787 -0.654492 -15.092600
-0.635504 0.056339 0.770039 194.828000 0.005437 0.997636 -0.068504 -18.655800 -0.772079 -0.039348 -0.634308 -15.827900
-0.613820 0.056534 0.787419 195.750000 0.003035 0.997594 -0.069257 -18.729000 -0.789440 -0.040122 -0.612515 -16.560700
-0.591230 0.056260 0.804538 196.691000 0.003188 0.997719 -0.067426 -18.822800 -0.806497 -0.037299 -0.590061 -17.250600
-0.566939 0.056868 0.821794 197.655000 0.002557 0.997731 -0.067278 -18.913900 -0.823756 -0.036041 -0.565798 -17.927500
-0.541836 0.060131 0.838331 198.633000 0.003670 0.997597 -0.069182 -18.996400 -0.840476 -0.034409 -0.540754 -18.557100
-0.515046 0.060867 0.854999 199.639000 0.003393 0.997613 -0.068976 -19.085100 -0.857156 -0.032624 -0.514023 -19.171100
-0.486428 0.059849 0.871669 200.687000 0.000002 0.997651 -0.068498 -19.161200 -0.873721 -0.033317 -0.485285 -19.795200
-0.459299 0.058123 0.886378 201.713000 -0.000465 0.997841 -0.065673 -19.251000 -0.888282 -0.030575 -0.458281 -20.308000
-0.427699 0.059254 0.901977 202.778000 -0.000752 0.997825 -0.065907 -19.338800 -0.903921 -0.028867 -0.426724 -20.853800
-0.397434 0.061543 0.915565 203.845000 -0.000617 0.997730 -0.067334 -19.427300 -0.917631 -0.027325 -0.396494 -21.308900
-0.364035 0.063528 0.929216 204.934000 0.001830 0.997718 -0.067494 -19.520200 -0.931384 -0.022870 -0.363320 -21.771900
-0.331772 0.064083 0.941181 206.032000 0.002481 0.997746 -0.067060 -19.601400 -0.943356 -0.019914 -0.331183 -22.173200
-0.298378 0.064082 0.952294 207.156000 0.002363 0.997790 -0.066404 -19.688600 -0.954445 -0.017563 -0.297870 -22.539200
-0.264122 0.062614 0.962455 208.295000 0.004159 0.997955 -0.063782 -19.779500 -0.964480 -0.012843 -0.263842 -22.870900
-0.229422 0.060632 0.971437 209.431000 0.004442 0.998113 -0.061248 -19.864500 -0.973317 -0.009736 -0.229259 -23.150400
-0.194779 0.059590 0.979035 210.582000 0.004278 0.998195 -0.059905 -19.941400 -0.980838 -0.007480 -0.194683 -23.389400
-0.159528 0.059430 0.985403 211.734000 0.005128 0.998223 -0.059373 -20.020100 -0.987180 -0.004418 -0.159550 -23.584600
-0.123389 0.059208 0.990590 212.899000 0.004591 0.998242 -0.059093 -20.095700 -0.992348 -0.002744 -0.123444 -23.751800
-0.088203 0.058857 0.994362 214.049000 0.005035 0.998266 -0.058641 -20.178400 -0.996090 -0.000166 -0.088347 -23.851400
-0.051622 0.058781 0.996935 215.218000 0.004675 0.998270 -0.058618 -20.267500 -0.998656 0.001635 -0.051808 -23.941100
-0.017904 0.058150 0.998147 216.376000 0.004129 0.998303 -0.058085 -20.344700 -0.999831 0.003082 -0.018114 -23.957800
0.016659 0.056923 0.998240 217.528000 0.002159 0.998374 -0.056967 -20.426300 -0.999859 0.003104 0.016509 -23.956400
0.049324 0.057371 0.997134 218.666000 0.001023 0.998346 -0.057491 -20.500600 -0.998782 0.003856 0.049184 -23.893600
0.083185 0.056852 0.994911 219.844000 0.002203 0.998358 -0.057233 -20.580500 -0.996532 0.006953 0.082923 -23.821500
0.115168 0.054496 0.991850 220.997000 0.003348 0.998467 -0.055248 -20.656200 -0.993340 0.009683 0.114809 -23.689300
0.146489 0.052753 0.987805 222.159000 0.005025 0.998524 -0.054071 -20.738400 -0.989200 0.012884 0.146008 -23.535600
0.176477 0.052799 0.982888 223.300000 0.005998 0.998484 -0.054714 -20.809400 -0.984286 0.015551 0.175893 -23.335100
0.206613 0.052532 0.977011 224.460000 0.007763 0.998438 -0.055326 -20.882000 -0.978392 0.019016 0.205883 -23.098100
0.237556 0.051136 0.970027 225.581000 0.010912 0.998410 -0.055304 -20.954300 -0.971312 0.023722 0.236621 -22.844000
0.267668 0.049783 0.962224 226.717000 0.013302 0.998378 -0.055354 -21.023800 -0.963419 0.027616 0.266572 -22.537400
0.298062 0.047815 0.953348 227.861000 0.015533 0.998369 -0.054930 -21.103400 -0.954420 0.031181 0.296833 -22.203500
0.327486 0.047592 0.943657 228.970000 0.017817 0.998242 -0.056528 -21.173000 -0.944688 0.035325 0.326062 -21.829000
0.356506 0.046179 0.933151 230.080000 0.019124 0.998208 -0.056705 -21.252200 -0.934097 0.038061 0.354984 -21.424500
0.384520 0.044687 0.922034 231.179000 0.019673 0.998204 -0.056583 -21.322200 -0.922907 0.039896 0.382951 -20.973400
0.412478 0.043215 0.909942 232.253000 0.019973 0.998205 -0.056461 -21.399200 -0.910748 0.041463 0.410875 -20.499800
0.440398 0.044057 0.896721 233.311000 0.021345 0.997999 -0.059515 -21.477300 -0.897549 0.045351 0.438576 -19.982700
0.468583 0.045543 0.882245 234.363000 0.022219 0.997747 -0.063307 -21.550200 -0.883140 0.049267 0.466515 -19.443100
0.495673 0.043319 0.867428 235.399000 0.023761 0.997705 -0.063402 -21.636200 -0.868184 0.052037 0.493506 -18.863500
0.522136 0.040693 0.851891 236.411000 0.024265 0.997748 -0.062533 -21.725000 -0.852517 0.053322 0.519973 -18.253100
0.547269 0.038943 0.836051 237.422000 0.023545 0.997805 -0.061890 -21.802700 -0.836626 0.053555 0.545151 -17.605200
0.570169 0.038880 0.820607 238.415000 0.022094 0.997792 -0.062626 -21.891500 -0.821230 0.053838 0.568051 -16.922300
0.590915 0.038957 0.805793 239.384000 0.020723 0.997771 -0.063435 -21.972000 -0.806468 0.054183 0.588790 -16.215600
0.610617 0.036928 0.791065 240.353000 0.020506 0.997840 -0.062408 -22.058100 -0.791660 0.054329 0.608541 -15.484800
0.628384 0.035067 0.777113 241.285000 0.019433 0.997964 -0.060747 -22.143000 -0.777661 0.053274 0.626423 -14.726600
0.645567 0.031442 0.763057 242.228000 0.020938 0.998048 -0.058839 -22.225900 -0.763417 0.053961 0.643648 -13.949500
0.661646 0.028683 0.749267 243.143000 0.022042 0.998092 -0.057672 -22.304400 -0.749492 0.054674 0.659752 -13.150700
0.676350 0.026435 0.736105 244.030000 0.023931 0.998040 -0.057830 -22.380200 -0.736191 0.056729 0.674392 -12.324700
0.691665 0.025718 0.721760 244.919000 0.023572 0.998029 -0.058152 -22.463700 -0.721833 0.057235 0.689696 -11.489300
0.706706 0.024518 0.707082 245.793000 0.023870 0.998004 -0.058463 -22.540400 -0.707104 0.058194 0.704711 -10.627600
0.721003 0.022328 0.692572 246.642000 0.023222 0.998141 -0.056354 -22.618800 -0.692543 0.056714 0.719144 -9.743880
0.734899 0.019704 0.677890 247.466000 0.023671 0.998223 -0.054677 -22.692300 -0.677763 0.056228 0.733127 -8.841550
0.749108 0.017797 0.662209 248.303000 0.023880 0.998264 -0.053842 -22.775000 -0.662018 0.056147 0.747382 -7.922830
0.762625 0.016509 0.646630 249.119000 0.025487 0.998131 -0.055543 -22.854500 -0.646338 0.058839 0.760779 -6.976740
0.774867 0.016373 0.631913 249.906000 0.025326 0.998058 -0.056914 -22.922200 -0.631617 0.060105 0.772947 -6.017440
0.786312 0.015863 0.617626 250.678000 0.024424 0.998091 -0.056729 -22.999600 -0.617346 0.059692 0.784424 -5.035060
0.797130 0.012648 0.603675 251.431000 0.025562 0.998177 -0.054668 -23.079600 -0.603266 0.059009 0.795354 -4.039620
0.807582 0.009604 0.589677 252.174000 0.027432 0.998173 -0.053827 -23.158600 -0.589117 0.059645 0.805844 -3.026370
0.817315 0.009745 0.576108 252.908000 0.026537 0.998159 -0.054532 -23.233700 -0.575579 0.059859 0.815552 -1.992080
0.826504 0.007060 0.562886 253.641000 0.030282 0.997916 -0.056980 -23.306900 -0.562115 0.064140 0.824568 -0.938019
0.834738 0.005192 0.550623 254.341000 0.030838 0.997945 -0.056160 -23.384200 -0.549783 0.063859 0.832863 0.119392
0.842168 0.001662 0.539213 255.023000 0.033725 0.997875 -0.055749 -23.462700 -0.538160 0.065135 0.840322 1.190450
0.849408 -0.000245 0.527736 255.730000 0.035196 0.997800 -0.056185 -23.541200 -0.526562 0.066298 0.847548 2.285680
0.854802 -0.001704 0.518951 256.407000 0.035734 0.997814 -0.055584 -23.620900 -0.517722 0.066057 0.852995 3.392650
0.858743 -0.002749 0.512399 257.075000 0.035280 0.997930 -0.053772 -23.703800 -0.511190 0.064254 0.857062 4.512280
0.861640 -0.003874 0.507504 257.746000 0.035426 0.997991 -0.052529 -23.781900 -0.506281 0.063240 0.860047 5.642980
0.864101 -0.004956 0.503295 258.399000 0.036167 0.997978 -0.052267 -23.858300 -0.502018 0.063366 0.862533 6.780430
0.866701 -0.005902 0.498792 259.054000 0.036740 0.997969 -0.052030 -23.931500 -0.497472 0.063420 0.865158 7.913370
0.868831 -0.008967 0.495028 259.712000 0.038593 0.998020 -0.049658 -24.010000 -0.493602 0.062249 0.867457 9.064770
0.870922 -0.010461 0.491310 260.363000 0.039686 0.998005 -0.049099 -24.086300 -0.489816 0.062260 0.869600 10.221000
0.873062 -0.012338 0.487453 261.012000 0.041644 0.997914 -0.049330 -24.160400 -0.485828 0.063367 0.871755 11.378100
0.875242 -0.013958 0.483484 261.656000 0.042799 0.997897 -0.048671 -24.235700 -0.481788 0.063291 0.873999 12.540700
0.877247 -0.013259 0.479856 262.287000 0.041575 0.997961 -0.048431 -24.313000 -0.478235 0.062436 0.876010 13.710000
0.879386 -0.013710 0.475912 262.937000 0.041646 0.997969 -0.048203 -24.389100 -0.474284 0.062209 0.878171 14.890600
0.881246 -0.013285 0.472471 263.560000 0.040833 0.998008 -0.048099 -24.459100 -0.470891 0.061679 0.880033 16.064300
0.882489 -0.012467 0.470169 264.180000 0.039596 0.998069 -0.047855 -24.540800 -0.468664 0.060848 0.881278 17.237300
