1.000000 0.000000 0.000000 0.000000 0.000000 1.000000 0.000000 0.000000 0.000000 0.000000 1.000000 0.000000
0.999999 0.000806 0.001459 -0.006334 -0.000800 0.999989 -0.004573 -0.002194 -0.001463 0.004572 0.999988 0.963966
0.999997 -0.001450 0.002146 -0.002610 0.001462 0.999985 -0.005356 -0.000839 -0.002138 0.005359 0.999983 1.918590
0.999993 -0.002544 0.002675 -0.010497 0.002547 0.999996 -0.001203 -0.005161 -0.002672 0.001210 0.999996 2.851420
0.999985 -0.005026 0.002072 -0.008167 0.005016 0.999975 0.004981 -0.008848 -0.002097 -0.004971 0.999985 3.799570
0.999963 -0.008630 0.000484 -0.004831 0.008627 0.999950 0.005100 -0.005768 -0.000528 -0.005095 0.999987 4.737680
0.999938 -0.011150 -0.000090 -0.008162 0.011151 0.999936 0.002146 -0.003513 0.000066 -0.002147 0.999998 5.666550
0.999930 -0.011798 -0.001076 -0.012064 0.011796 0.999929 -0.001532 0.002753 0.001094 0.001519 0.999998 6.591530
0.999933 -0.011496 -0.001511 -0.018248 0.011493 0.999932 -0.001826 -0.003115 0.001532 0.001809 0.999997 7.520500
0.999932 -0.011348 -0.002631 -0.027239 0.011348 0.999936 0.000077 -0.002938 0.002630 -0.000107 0.999997 8.434600
0.999936 -0.010927 -0.002860 -0.039212 0.010934 0.999937 0.002687 0.003171 0.002831 -0.002718 0.999992 9.375410
0.999930 -0.011191 -0.003720 -0.048127 0.011208 0.999928 0.004346 0.004734 0.003671 -0.004387 0.999984 10.296900
0.999912 -0.012427 -0.004540 -0.049245 0.012450 0.999910 0.005016 0.008165 0.004477 -0.005072 0.999977 11.210700
0.999904 -0.012723 -0.005561 -0.055716 0.012752 0.999905 0.005279 0.008311 0.005493 -0.005349 0.999971 12.125700
0.999898 -0.012929 -0.006068 -0.063563 0.012951 0.999909 0.003655 0.014512 0.006020 -0.003733 0.999975 13.025900
0.999887 -0.013308 -0.007040 -0.083731 0.013319 0.999910 0.001610 0.019607 0.007018 -0.001704 0.999974 13.935900
0.999851 -0.014699 -0.009005 -0.083935 0.014700 0.999892 0.000070 0.026284 0.009003 -0.000202 0.999959 14.838100
0.999838 -0.014430 -0.010804 -0.096246 0.014428 0.999896 -0.000213 0.018763 0.010806 0.000058 0.999942 15.735600
0.999844 -0.012980 -0.011941 -0.122390 0.012969 0.999915 -0.001018 0.019192 0.011954 0.000863 0.999928 16.638300
0.999839 -0.011423 -0.013860 -0.135565 0.011411 0.999934 -0.000957 0.016936 0.013870 0.000798 0.999903 17.530800
0.999814 -0.012239 -0.014895 -0.156987 0.012239 0.999925 -0.000083 0.015668 0.014895 -0.000099 0.999889 18.425000
0.999793 -0.011770 -0.016575 -0.171677 0.011792 0.999930 0.001199 0.017293 0.016559 -0.001395 0.999862 19.310100
0.999768 -0.011481 -0.018225 -0.188852 0.011508 0.999933 0.001401 0.023306 0.018208 -0.001610 0.999833 20.195100
0.999723 -0.012763 -0.019791 -0.209577 0.012797 0.999917 0.001570 0.021778 0.019769 -0.001822 0.999803 21.071500
0.999683 -0.012566 -0.021819 -0.230792 0.012582 0.999921 0.000633 0.025595 0.021809 -0.000907 0.999762 21.946200
0.999675 -0.012283 -0.022350 -0.254072 0.012321 0.999923 0.001569 0.018178 0.022329 -0.001844 0.999749 22.801100
0.999651 -0.012146 -0.023458 -0.277047 0.012227 0.999920 0.003313 0.023492 0.023416 -0.003599 0.999719 23.657900
0.999618 -0.013223 -0.024255 -0.297589 0.013378 0.999891 0.006217 0.025299 0.024170 -0.006539 0.999686 24.502500
0.999614 -0.012717 -0.024691 -0.325361 0.012913 0.999886 0.007801 0.025102 0.024589 -0.008117 0.999665 25.341900
0.999606 -0.012126 -0.025332 -0.352318 0.012293 0.999903 0.006478 0.030664 0.025251 -0.006787 0.999658 26.171600
0.999608 -0.010237 -0.026057 -0.381701 0.010349 0.999938 0.004157 0.030925 0.026013 -0.004425 0.999652 26.985400
0.999591 -0.010048 -0.026757 -0.406940 0.010115 0.999946 0.002386 0.033169 0.026732 -0.002656 0.999639 27.776500
0.999571 -0.009248 -0.027773 -0.433543 0.009304 0.999955 0.001887 0.037533 0.027755 -0.002145 0.999612 28.572800
0.999545 -0.008978 -0.028800 -0.464408 0.009025 0.999958 0.001495 0.035292 0.028785 -0.001754 0.999584 29.355900
0.999475 -0.009249 -0.031057 -0.487499 0.009281 0.999957 0.000865 0.031856 0.031048 -0.001152 0.999517 30.146700
0.999409 -0.009547 -0.033011 -0.516910 0.009580 0.999954 0.000843 0.032159 0.033002 -0.001158 0.999455 30.911900
0.999365 -0.008997 -0.034481 -0.554235 0.009061 0.999958 0.001700 0.038296 0.034465 -0.002012 0.999404 31.675000
0.999261 -0.009662 -0.037199 -0.570571 0.009823 0.999943 0.004124 0.036471 0.037157 -0.004486 0.999299 32.439600
0.999189 -0.008672 -0.039311 -0.603517 0.008895 0.999945 0.005505 0.039657 0.039261 -0.005851 0.999212 33.173700
0.999145 -0.007276 -0.040689 -0.646829 0.007515 0.999955 0.005726 0.040407 0.040645 -0.006027 0.999155 33.899100
0.999078 -0.004780 -0.042661 -0.685014 0.005003 0.999974 0.005134 0.038189 0.042636 -0.005343 0.999076 34.624400
0.998997 -0.003129 -0.044665 -0.716885 0.003321 0.999986 0.004229 0.045564 0.044651 -0.004373 0.998993 35.333000
0.998918 -0.002714 -0.046417 -0.747700 0.002965 0.999981 0.005350 0.050318 0.046401 -0.005481 0.998908 36.042500
0.998887 -0.001457 -0.047152 -0.790787 0.001809 0.999971 0.007422 0.048965 0.047139 -0.007499 0.998860 36.734500
0.998870 0.001106 -0.047519 -0.826636 -0.000734 0.999969 0.007853 0.053812 0.047526 -0.007810 0.998839 37.410200
0.998920 0.004577 -0.046245 -0.867060 -0.004322 0.999975 0.005619 0.057697 0.046270 -0.005413 0.998914 38.090300
0.998996 0.006094 -0.044382 -0.901388 -0.005963 0.999977 0.003092 0.050261 0.044400 -0.002824 0.999010 38.730300
0.999070 0.006222 -0.042661 -0.925053 -0.006190 0.999980 0.000872 0.059666 0.042665 -0.000607 0.999089 39.378100
0.999215 0.007393 -0.038925 -0.963759 -0.007330 0.999972 0.001766 0.062001 0.038937 -0.001479 0.999241 40.015100
0.999275 0.012093 -0.036092 -0.989611 -0.011936 0.999918 0.004541 0.062029 0.036144 -0.004107 0.999338 40.653800
0.999335 0.016540 -0.032498 -1.010560 -0.016296 0.999837 0.007751 0.066581 0.032621 -0.007216 0.999442 41.290200
0.999369 0.021351 -0.028376 -1.032230 -0.021110 0.999739 0.008760 0.070336 0.028556 -0.008156 0.999559 41.896900
0.999421 0.025209 -0.022867 -1.054760 -0.025011 0.999647 0.008916 0.078009 0.023084 -0.008338 0.999699 42.479500
0.999434 0.029166 -0.016783 -1.078760 -0.028985 0.999520 0.010891 0.085868 0.017093 -0.010398 0.999800 43.053500
0.999371 0.033875 -0.010533 -1.081620 -0.033746 0.999356 0.012158 0.083363 0.010938 -0.011795 0.999871 43.606600
0.999299 0.037268 -0.003553 -1.086570 -0.037225 0.999239 0.011661 0.088025 0.003985 -0.011521 0.999926 44.140200
0.999164 0.040711 0.003822 -1.089630 -0.040754 0.999098 0.011943 0.086982 -0.003332 -0.012089 0.999921 44.645800
0.998943 0.044635 0.011013 -1.083240 -0.044758 0.998935 0.011202 0.094734 -0.010501 -0.011683 0.999877 45.144600
0.998638 0.048618 0.018907 -1.083350 -0.048785 0.998773 0.008470 0.098360 -0.018472 -0.009381 0.999785 45.616000
0.998336 0.050970 0.026966 -1.075650 -0.051141 0.998675 0.005715 0.095014 -0.026639 -0.007085 0.999620 46.069400
0.998076 0.051300 0.034818 -1.059830 -0.051516 0.998658 0.005328 0.098947 -0.034498 -0.007111 0.999379 46.497000
0.997809 0.050504 0.042744 -1.035590 -0.050836 0.998685 0.006705 0.100016 -0.042349 -0.008863 0.999064 46.894200
0.997336 0.052476 0.050662 -1.013190 -0.052918 0.998571 0.007418 0.103899 -0.050200 -0.010079 0.998688 47.285600
0.996686 0.055490 0.059480 -0.998183 -0.056044 0.998399 0.007684 0.101509 -0.058958 -0.010992 0.998200 47.648200
0.995858 0.060468 0.067897 -0.968397 -0.061079 0.998109 0.006951 0.104995 -0.067348 -0.011070 0.997668 47.971500
0.994961 0.064148 0.077053 -0.951190 -0.064893 0.997866 0.007194 0.100168 -0.076427 -0.012158 0.997001 48.275200
0.994225 0.063458 0.086539 -0.922864 -0.064381 0.997894 0.007918 0.098054 -0.085854 -0.013443 0.996217 48.559600
0.993338 0.062226 0.096989 -0.881407 -0.063093 0.997990 0.005893 0.100146 -0.096427 -0.011973 0.995268 48.835900
0.992207 0.060762 0.108784 -0.846226 -0.061294 0.998119 0.001547 0.096281 -0.108485 -0.008203 0.994064 49.093900
0.990604 0.061788 0.122005 -0.803874 -0.061927 0.998077 -0.002655 0.098926 -0.121934 -0.004925 0.992526 49.361700
0.988468 0.063318 0.137557 -0.765952 -0.063258 0.997986 -0.004816 0.096301 -0.137585 -0.003942 0.990482 49.626700
0.985986 0.065109 0.153597 -0.713243 -0.064939 0.997870 -0.006128 0.092903 -0.153669 -0.003933 0.988115 49.875400
0.983149 0.065750 0.170573 -0.660034 -0.065464 0.997828 -0.007311 0.092056 -0.170683 -0.003979 0.985318 50.133800
0.979887 0.064698 0.188771 -0.601147 -0.064201 0.997899 -0.008753 0.093872 -0.188941 -0.003543 0.981982 50.388200
0.975979 0.064186 0.208197 -0.533855 -0.063725 0.997928 -0.008925 0.088711 -0.208338 -0.004557 0.978046 50.632100
0.971485 0.064101 0.228270 -0.461166 -0.063485 0.997932 -0.010047 0.084571 -0.228442 -0.004731 0.973546 50.869100
0.966189 0.066402 0.249137 -0.382538 -0.065353 0.997784 -0.012488 0.084600 -0.249414 -0.004216 0.968388 51.109000
0.959950 0.067548 0.271907 -0.299427 -0.066078 0.997708 -0.014567 0.080680 -0.272268 -0.003984 0.962213 51.355500
0.952665 0.069011 0.296087 -0.202934 -0.067407 0.997603 -0.015637 0.070792 -0.296456 -0.005061 0.955033 51.592800
0.944168 0.071632 0.321583 -0.103079 -0.070047 0.997407 -0.016515 0.063806 -0.321932 -0.006933 0.946737 51.828500
0.934230 0.073867 0.348938 0.004997 -0.072251 0.997230 -0.017661 0.056505 -0.349276 -0.008711 0.936979 52.067700
0.923088 0.074461 0.377311 0.126984 -0.072627 0.997176 -0.019106 0.049850 -0.377669 -0.009767 0.925889 52.306100
0.910490 0.072481 0.407130 0.269995 -0.069891 0.997328 -0.021252 0.040441 -0.407583 -0.009105 0.913123 52.543200
0.895537 0.069944 0.439455 0.414953 -0.066119 0.997522 -0.024027 0.033927 -0.440047 -0.007539 0.897943 52.770600
0.878106 0.069401 0.473406 0.567265 -0.063642 0.997574 -0.028196 0.023103 -0.474215 -0.005369 0.880393 52.994100
0.858732 0.071151 0.507462 0.735014 -0.062827 0.997461 -0.033537 0.018893 -0.508560 -0.003083 0.861021 53.213400
0.836981 0.072985 0.542342 0.923151 -0.062289 0.997331 -0.038086 0.009787 -0.543675 -0.001904 0.839294 53.440400
0.812338 0.075826 0.578236 1.116950 -0.063304 0.997118 -0.041821 -0.000101 -0.579740 -0.002632 0.814797 53.666400
0.784844 0.079796 0.614535 1.329020 -0.066269 0.996796 -0.044798 -0.011288 -0.616140 -0.005565 0.787617 53.898600
0.754889 0.084107 0.650437 1.547780 -0.069919 0.996412 -0.047697 -0.028591 -0.652115 -0.009472 0.758061 54.122200
0.721743 0.085292 0.686886 1.808070 -0.069697 0.996290 -0.050478 -0.044972 -0.688643 -0.011441 0.725010 54.359300
0.685080 0.082707 0.723758 2.085180 -0.065921 0.996496 -0.051476 -0.065300 -0.725479 -0.012445 0.688131 54.581800
0.645931 0.081166 0.759068 2.384180 -0.063014 0.996607 -0.052944 -0.088424 -0.760790 -0.013634 0.648855 54.792700
0.603258 0.080468 0.793476 2.718390 -0.060845 0.996641 -0.054813 -0.110187 -0.795222 -0.015212 0.606128 55.014800
0.557036 0.080524 0.826575 3.077680 -0.057477 0.996640 -0.058357 -0.127617 -0.828497 -0.015002 0.559793 55.222100
0.508223 0.079145 0.857581 3.444460 -0.054180 0.996734 -0.059879 -0.154717 -0.859519 -0.016032 0.510852 55.416400
0.459966 0.077746 0.884526 3.880230 -0.052575 0.996796 -0.060274 -0.171606 -0.886379 -0.018780 0.462580 55.601900
0.410852 0.075433 0.908576 4.317430 -0.051586 0.996898 -0.059439 -0.192768 -0.910242 -0.022449 0.413469 55.762600
0.360091 0.075141 0.929886 4.773310 -0.054819 0.996733 -0.059315 -0.215821 -0.931305 -0.029617 0.363034 55.929300
0.310773 0.076070 0.947435 5.238960 -0.053061 0.996626 -0.062615 -0.232517 -0.949002 -0.030813 0.313761 56.058500
0.263518 0.072312 0.961940 5.708150 -0.041966 0.997102 -0.063459 -0.271350 -0.963741 -0.023646 0.265789 56.141400
0.219298 0.066559 0.973385 6.220720 -0.028431 0.997683 -0.061815 -0.296002 -0.975244 -0.014118 0.220682 56.217600
0.177046 0.065580 0.982015 6.746000 -0.019195 0.997818 -0.063175 -0.325386 -0.984015 -0.007665 0.177919 56.281400
0.138435 0.067064 0.988098 7.284060 -0.016116 0.997725 -0.065460 -0.350655 -0.990240 -0.006863 0.139201 56.336800
0.106102 0.067830 0.992039 7.797130 -0.007593 0.997697 -0.067405 -0.385712 -0.994326 -0.000381 0.106372 56.353600
0.077031 0.066078 0.994837 8.359540 -0.000344 0.997803 -0.066249 -0.422953 -0.997029 0.004761 0.076885 56.377000
0.052031 0.064257 0.996576 8.927080 0.006175 0.997888 -0.064664 -0.459623 -0.998626 0.009518 0.051524 56.388400
0.032057 0.063421 0.997472 9.506330 0.011294 0.997898 -0.063812 -0.483735 -0.999422 0.013312 0.031273 56.389700
0.016376 0.065648 0.997708 10.083600 0.014437 0.997723 -0.065886 -0.506367 -0.999762 0.015483 0.015391 56.384700
0.002813 0.065300 0.997862 10.679900 0.014799 0.997754 -0.065334 -0.543034 -0.999887 0.014951 0.001840 56.383300
-0.008749 0.066244 0.997765 11.292000 0.015801 0.997688 -0.066101 -0.578530 -0.999837 0.015188 -0.009775 56.376100
-0.017638 0.068963 0.997463 11.912600 0.020893 0.997426 -0.068591 -0.616788 -0.999626 0.019630 -0.019033 56.352400
-0.024099 0.070897 0.997193 12.535300 0.025145 0.997210 -0.070290 -0.650972 -0.999393 0.023380 -0.025815 56.324000
-0.028735 0.070385 0.997106 13.185900 0.025544 0.997244 -0.069659 -0.686879 -0.999261 0.023468 -0.030454 56.308700
-0.032508 0.067695 0.997176 13.834300 0.022991 0.997490 -0.066967 -0.717409 -0.999207 0.020749 -0.033983 56.292200
-0.034945 0.060881 0.997533 14.532200 0.021083 0.997966 -0.060168 -0.757156 -0.999167 0.018929 -0.036157 56.268900
-0.036161 0.055437 0.997807 15.222800 0.022480 0.998253 -0.054647 -0.790239 -0.999093 0.020455 -0.037344 56.242500
-0.036600 0.052700 0.997939 15.901800 0.024799 0.998349 -0.051812 -0.825909 -0.999022 0.022852 -0.037846 56.215700
-0.036537 0.054755 0.997831 16.606000 0.028390 0.998152 -0.053733 -0.868248 -0.998929 0.026365 -0.038024 56.190300
-0.035496 0.062441 0.997417 17.321500 0.029279 0.997683 -0.061416 -0.895677 -0.998941 0.027023 -0.037242 56.154900
-0.033366 0.070598 0.996947 18.032900 0.029983 0.997124 -0.069607 -0.929858 -0.998993 0.027569 -0.035387 56.134400
-0.030951 0.071421 0.996966 18.767600 0.030740 0.997040 -0.070472 -0.962760 -0.999048 0.028466 -0.033055 56.108100
-0.028933 0.066902 0.997340 19.511600 0.030299 0.997358 -0.066024 -1.008330 -0.999122 0.028308 -0.030884 56.090900
-0.026417 0.060581 0.997814 20.260000 0.029661 0.997770 -0.059793 -1.055330 -0.999211 0.028017 -0.028155 56.074600
-0.023884 0.058679 0.997991 21.005100 0.027969 0.997924 -0.058005 -1.101280 -0.999323 0.026528 -0.025476 56.063500
-0.020368 0.064207 0.997729 21.732700 0.035594 0.997350 -0.063456 -1.142000 -0.999159 0.034220 -0.022599 56.040900
-0.017037 0.069676 0.997424 22.465300 0.037477 0.996912 -0.069000 -1.184530 -0.999152 0.036205 -0.019595 56.023600
-0.014862 0.070288 0.997416 23.198900 0.031300 0.997070 -0.069797 -1.227140 -0.999400 0.030182 -0.017018 56.030700
-0.011878 0.066865 0.997691 23.953400 0.026565 0.997431 -0.066532 -1.274030 -0.999577 0.025714 -0.013623 56.038700
-0.006736 0.063013 0.997990 24.707800 0.030667 0.997556 -0.062779 -1.326420 -0.999507 0.030183 -0.008652 56.014700
-0.003082 0.063728 0.997963 25.445700 0.035367 0.997350 -0.063579 -1.374810 -0.999370 0.035099 -0.005327 56.003400
-0.000631 0.067995 0.997685 26.179300 0.035035 0.997075 -0.067931 -1.424300 -0.999386 0.034911 -0.003012 56.013300
0.003574 0.069069 0.997605 26.930900 0.031144 0.997120 -0.069147 -1.465260 -0.999509 0.031317 0.001412 56.020400
0.007022 0.068729 0.997611 27.688600 0.030599 0.997153 -0.068913 -1.511070 -0.999507 0.031010 0.004899 56.030600
0.010532 0.065784 0.997778 28.431700 0.034154 0.997228 -0.066109 -1.558650 -0.999361 0.034774 0.008256 56.038100
0.014064 0.066035 0.997718 29.179500 0.038765 0.997031 -0.066536 -1.611040 -0.999149 0.039612 0.011463 56.050100
0.017584 0.066999 0.997598 29.927700 0.041231 0.996855 -0.067676 -1.659630 -0.998995 0.042322 0.014766 56.064500
0.020507 0.066782 0.997557 30.693100 0.042379 0.996812 -0.067603 -1.708010 -0.998891 0.043661 0.017611 56.072200
0.024243 0.065548 0.997555 31.445900 0.043706 0.996825 -0.066563 -1.752180 -0.998750 0.045213 0.021301 56.089100
0.027872 0.064534 0.997526 32.196900 0.045827 0.996782 -0.065767 -1.797730 -0.998560 0.047547 0.024825 56.107900
0.031008 0.064820 0.997415 32.953400 0.044427 0.996819 -0.066162 -1.842680 -0.998531 0.046364 0.028030 56.129000
0.033487 0.066451 0.997228 33.713100 0.041251 0.996845 -0.067810 -1.893610 -0.998588 0.043407 0.030640 56.167900
0.036531 0.066819 0.997096 34.470300 0.043101 0.996728 -0.068374 -1.935370 -0.998403 0.045473 0.033532 56.191100
0.039348 0.067005 0.996976 35.239900 0.040809 0.996809 -0.068604 -1.977520 -0.998392 0.043385 0.036488 56.226300
0.041541 0.066593 0.996915 35.985300 0.039425 0.996890 -0.068235 -2.029690 -0.998359 0.042138 0.038787 56.265500
0.044500 0.066804 0.996773 36.756300 0.036584 0.996983 -0.068451 -2.079990 -0.998339 0.039512 0.041922 56.300000
0.047294 0.068922 0.996500 37.509400 0.035273 0.996879 -0.070623 -2.124790 -0.998258 0.038490 0.044715 56.343600
0.051116 0.072931 0.996026 38.274600 0.034221 0.996616 -0.074730 -2.167930 -0.998106 0.037904 0.048448 56.381000
0.054145 0.074176 0.995774 39.041300 0.034655 0.996497 -0.076114 -2.231690 -0.997932 0.038630 0.051385 56.430500
0.056625 0.076395 0.995468 39.810500 0.028232 0.996547 -0.078084 -2.285990 -0.997996 0.032525 0.054272 56.491100
0.059566 0.075666 0.995353 40.602200 0.024520 0.996711 -0.077236 -2.337300 -0.997923 0.029006 0.057515 56.546700
0.063592 0.076205 0.995062 41.379500 0.027007 0.996584 -0.078048 -2.392850 -0.997611 0.031837 0.061316 56.597000
0.067440 0.077107 0.994739 42.149800 0.025971 0.996536 -0.079007 -2.453080 -0.997385 0.031163 0.065203 56.648200
0.070956 0.078276 0.994403 42.936100 0.022162 0.996546 -0.080026 -2.505250 -0.997233 0.027716 0.068977 56.723600
0.075250 0.076123 0.994255 43.732700 0.021265 0.996733 -0.077922 -2.561230 -0.996938 0.027006 0.073385 56.787400
0.079820 0.075975 0.993910 44.537400 0.021415 0.996730 -0.077910 -2.628920 -0.996579 0.027503 0.077932 56.847000
0.085105 0.079571 0.993190 45.333700 0.018288 0.996513 -0.081404 -2.686140 -0.996204 0.025091 0.083353 56.923100
0.090422 0.088053 0.992003 46.125900 0.016177 0.995822 -0.089866 -2.750000 -0.995772 0.024173 0.088620 57.019200
0.098211 0.092868 0.990823 46.908800 0.015372 0.995376 -0.094818 -2.810510 -0.995047 0.024543 0.096329 57.094900
0.105279 0.095568 0.989840 47.691100 0.009857 0.995222 -0.097136 -2.884630 -0.994394 0.019984 0.103834 57.191600
0.112066 0.094179 0.989228 48.508700 0.006503 0.995408 -0.095504 -2.949800 -0.993679 0.017136 0.110939 57.290700
0.119346 0.092929 0.988494 49.315400 0.006442 0.995517 -0.094367 -3.014720 -0.992832 0.017631 0.118213 57.400100
0.127358 0.089336 0.987825 50.143900 0.006027 0.995847 -0.090839 -3.086110 -0.991839 0.017523 0.126291 57.504000
0.135006 0.083297 0.987337 50.950900 0.004079 0.996405 -0.084620 -3.161600 -0.990836 0.015452 0.134181 57.619000
0.142404 0.076343 0.986860 51.760800 0.001538 0.997003 -0.077349 -3.217140 -0.989807 0.012532 0.141860 57.741600
0.149063 0.073755 0.986073 52.575200 0.001558 0.997196 -0.074822 -3.282180 -0.988826 0.012689 0.148530 57.879700
0.156695 0.075541 0.984754 53.379000 0.001359 0.997053 -0.076701 -3.342860 -0.987646 0.013357 0.156130 58.009200
0.162139 0.082140 0.983343 54.156600 0.002123 0.996498 -0.083589 -3.400920 -0.986766 0.015641 0.161397 58.144100
0.167404 0.086020 0.982129 54.932500 0.000608 0.996177 -0.087354 -3.456570 -0.985888 0.015220 0.166712 58.279100
0.172398 0.088641 0.981031 55.701000 -0.000476 0.995950 -0.089905 -3.526570 -0.985027 0.015032 0.171742 58.424000
0.177062 0.087790 0.980277 56.466000 -0.003179 0.996060 -0.088629 -3.599020 -0.984195 0.012576 0.176643 58.578800
0.182709 0.085569 0.979436 57.265400 0.000069 0.996204 -0.087047 -3.664210 -0.983167 0.015971 0.182010 58.722000
0.187300 0.079280 0.979098 58.026000 0.001440 0.996715 -0.080982 -3.716100 -0.982302 0.016578 0.186571 58.869400
0.190735 0.073282 0.978902 58.776800 -0.000955 0.997223 -0.074467 -3.777170 -0.981641 0.013269 0.190275 59.017800
0.193827 0.069817 0.978548 59.509700 -0.004098 0.997513 -0.070358 -3.835190 -0.981027 0.009627 0.193631 59.176200
0.197363 0.069528 0.977862 60.240100 -0.006010 0.997549 -0.069715 -3.890290 -0.980312 0.007882 0.197297 59.323600
0.198957 0.071311 0.977410 60.956400 -0.007519 0.997431 -0.071241 -3.944600 -0.979979 0.006824 0.198982 59.483600
0.200628 0.075666 0.976741 61.656800 -0.011885 0.997127 -0.074804 -3.998620 -0.979595 0.003399 0.200951 59.635500
0.202618 0.079878 0.975994 62.343500 -0.012838 0.996799 -0.078916 -4.049290 -0.979174 0.003460 0.202995 59.786500
0.204531 0.085078 0.975156 63.021600 -0.012837 0.996363 -0.084236 -4.102090 -0.978776 0.004711 0.204879 59.940200
0.206094 0.087124 0.974646 63.703700 -0.012640 0.996182 -0.086376 -4.161320 -0.978451 0.005482 0.206408 60.088400
0.207743 0.087025 0.974305 64.376300 -0.014699 0.996200 -0.085847 -4.213180 -0.978073 0.003513 0.208232 60.231500
0.208299 0.084123 0.974441 65.052200 -0.014705 0.996451 -0.082880 -4.270480 -0.977955 0.002935 0.208797 60.387200
0.209005 0.081711 0.974495 65.706600 -0.014720 0.996653 -0.080411 -4.323830 -0.977804 0.002462 0.209508 60.528400
0.209030 0.080505 0.974590 66.351000 -0.013644 0.996749 -0.079409 -4.375690 -0.977814 0.003302 0.209449 60.667300
0.206843 0.079834 0.975111 66.982500 -0.013963 0.996805 -0.078648 -4.424080 -0.978274 0.002653 0.207297 60.811700
0.205394 0.080289 0.975380 67.601500 -0.014993 0.996770 -0.078892 -4.480880 -0.978564 0.001580 0.205935 60.941400
0.203111 0.083284 0.975607 68.218300 -0.015810 0.996525 -0.081778 -4.530810 -0.979028 0.001186 0.203721 61.082100
0.200754 0.087038 0.975767 68.817400 -0.013872 0.996198 -0.086007 -4.581820 -0.979543 0.003731 0.201198 61.206800
0.199372 0.087868 0.975976 69.424200 -0.011600 0.996114 -0.087312 -4.628870 -0.979855 0.006087 0.199617 61.328000
0.197311 0.086810 0.976490 70.007500 -0.012087 0.996211 -0.086121 -4.672310 -0.980266 0.005190 0.197613 61.443400
0.194774 0.083883 0.977255 70.598200 -0.012750 0.996469 -0.082991 -4.725480 -0.980765 0.003704 0.195156 61.569200
0.192823 0.079969 0.977969 71.176300 -0.012135 0.996792 -0.079115 -4.775630 -0.981159 0.003388 0.193175 61.683900
0.191155 0.079025 0.978373 71.733000 -0.008506 0.996850 -0.078856 -4.823330 -0.981523 0.006752 0.191225 61.783400
0.189280 0.080572 0.978612 72.288900 -0.004881 0.996693 -0.081117 -4.869680 -0.981911 0.010577 0.189047 61.893400
0.186524 0.082550 0.978976 72.828500 -0.001249 0.996483 -0.083789 -4.910730 -0.982450 0.014406 0.185971 61.991600
0.185157 0.084569 0.979063 73.377300 -0.001706 0.996316 -0.085736 -4.951480 -0.982707 0.014205 0.184619 62.091500
0.183674 0.087171 0.979115 73.921800 -0.001911 0.996090 -0.088324 -4.993840 -0.982985 0.014352 0.183122 62.201300
0.183018 0.085499 0.979385 74.473700 -0.000164 0.996214 -0.086938 -5.042590 -0.983110 0.015750 0.182339 62.291900
0.183648 0.084318 0.979369 75.022800 0.005754 0.996205 -0.086846 -5.082370 -0.982975 0.021585 0.182466 62.390900
0.185430 0.082000 0.979230 75.563200 0.010528 0.996289 -0.085422 -5.130060 -0.982601 0.026149 0.183878 62.490000
0.187747 0.081525 0.978828 76.121400 0.013649 0.996237 -0.085593 -5.167130 -0.982122 0.029430 0.185928 62.586000
0.191296 0.081548 0.978139 76.680800 0.010772 0.996308 -0.085169 -5.211510 -0.981473 0.026829 0.189712 62.697100
0.196710 0.081984 0.977028 77.241600 0.009865 0.996282 -0.085585 -5.258420 -0.980412 0.026473 0.195170 62.820500
0.203700 0.081295 0.975652 77.804900 0.011040 0.996292 -0.085319 -5.293990 -0.978971 0.028150 0.202048 62.930400
0.211048 0.081818 0.974045 78.363900 0.009026 0.996285 -0.085642 -5.334330 -0.977434 0.026867 0.209526 63.063700
0.218503 0.079070 0.972628 78.945600 0.009582 0.996490 -0.083162 -5.389530 -0.975789 0.027491 0.216978 63.228700
0.228130 0.078402 0.970469 79.528000 0.006233 0.996615 -0.081980 -5.438510 -0.973611 0.024751 0.226869 63.365900
0.237591 0.078661 0.968175 80.085100 0.004852 0.996607 -0.082162 -5.471280 -0.971353 0.024219 0.236403 63.500200
0.247118 0.082427 0.965473 80.670500 -0.000520 0.996387 -0.084933 -5.517130 -0.968985 0.020486 0.246268 63.667200
0.256126 0.084733 0.962923 81.264000 -0.004040 0.996236 -0.086590 -5.560040 -0.966635 0.018288 0.255504 63.847300
0.267401 0.087344 0.959618 81.866500 -0.007963 0.996050 -0.088441 -5.608520 -0.963552 0.016007 0.267040 64.020900
0.277647 0.089017 0.956550 82.477500 -0.009554 0.995904 -0.089906 -5.663610 -0.960636 0.015823 0.277360 64.210400
0.287309 0.090136 0.953588 83.087200 -0.012692 0.995833 -0.090305 -5.705460 -0.957754 0.013843 0.287255 64.399200
0.297609 0.090480 0.950391 83.717600 -0.013315 0.995795 -0.090633 -5.755150 -0.954595 0.014318 0.297562 64.608500
0.307534 0.091615 0.947117 84.360300 -0.017709 0.995733 -0.090568 -5.804650 -0.951372 0.011080 0.307844 64.835000
0.317540 0.086816 0.944262 85.008300 -0.016998 0.996161 -0.085871 -5.852800 -0.948092 0.011217 0.317797 65.069000
0.328956 0.079960 0.940954 85.674800 -0.013922 0.996711 -0.079831 -5.901740 -0.944243 0.013161 0.328987 65.298800
0.339757 0.075355 0.937490 86.339100 -0.012173 0.997054 -0.075731 -5.955310 -0.940435 0.014318 0.339673 65.545600
0.350103 0.072103 0.933932 87.015200 -0.012976 0.997311 -0.072131 -6.005040 -0.936621 0.013134 0.350097 65.806300
0.359774 0.069959 0.930413 87.690400 -0.006821 0.997356 -0.072355 -6.042470 -0.933015 0.019685 0.359300 66.065900
0.368274 0.064467 0.927479 88.391200 -0.000055 0.997595 -0.069319 -6.083110 -0.929717 0.025478 0.367392 66.344300
0.375681 0.054906 0.925121 89.112000 0.009863 0.997950 -0.063233 -6.126860 -0.926697 0.032880 0.374369 66.623700
0.382328 0.050782 0.922630 89.816400 0.014335 0.998043 -0.060873 -6.174300 -0.923916 0.036499 0.380851 66.910500
0.389653 0.050664 0.919567 90.522900 0.016409 0.997945 -0.061935 -6.225040 -0.920815 0.039222 0.388021 67.214400
0.397239 0.057216 0.915930 91.236200 0.018359 0.997359 -0.070265 -6.265200 -0.917532 0.044728 0.395139 67.522900
0.404198 0.061435 0.912606 91.941000 0.022466 0.996774 -0.077052 -6.309600 -0.914396 0.051647 0.401513 67.835200
0.409527 0.063412 0.910092 92.648700 0.020462 0.996692 -0.078654 -6.364050 -0.912069 0.050833 0.406874 68.151300
0.414139 0.065150 0.907879 93.352100 0.013534 0.996884 -0.077710 -6.420360 -0.910113 0.044470 0.411966 68.486400
0.417906 0.068495 0.905904 94.028400 0.006816 0.996889 -0.078518 -6.481410 -0.908465 0.038988 0.416140 68.818200
0.422051 0.072030 0.903706 94.717000 0.005498 0.996617 -0.082003 -6.539330 -0.906556 0.039578 0.420227 69.148800
0.425921 0.076036 0.901559 95.385400 0.002498 0.996360 -0.085211 -6.599040 -0.904757 0.038545 0.424181 69.467300
0.429509 0.079025 0.899598 96.054200 -0.000628 0.996190 -0.087211 -6.660200 -0.903062 0.036893 0.427922 69.794500
0.433338 0.077726 0.897874 96.709400 -0.001958 0.996353 -0.085306 -6.715770 -0.901229 0.035208 0.431910 70.117400
0.437520 0.074648 0.896105 97.364800 -0.001182 0.996595 -0.082442 -6.781330 -0.899208 0.035011 0.436119 70.440900
0.440946 0.071622 0.894671 97.995300 -0.001321 0.996862 -0.079151 -6.838110 -0.897533 0.033719 0.439657 70.748500
0.444451 0.070900 0.892993 98.638000 -0.002008 0.996939 -0.078153 -6.893150 -0.895801 0.032943 0.443233 71.086300
0.448030 0.072529 0.891072 99.261900 -0.003909 0.996853 -0.079174 -6.946200 -0.894010 0.031989 0.446904 71.403400
0.450559 0.072840 0.889770 99.871400 -0.002840 0.996778 -0.080162 -7.001500 -0.892742 0.033591 0.449314 71.722500
0.452759 0.071300 0.888777 100.481000 -0.000874 0.996833 -0.079523 -7.052100 -0.891632 0.035228 0.451388 72.036500
0.454540 0.070189 0.887957 101.069000 0.001165 0.996843 -0.079392 -7.102400 -0.890726 0.037121 0.453023 72.332500
0.456736 0.069685 0.886869 101.657000 0.000475 0.996908 -0.078576 -7.151770 -0.889602 0.036310 0.455291 72.630900
0.458326 0.069179 0.886088 102.215000 0.001370 0.996910 -0.078539 -7.207920 -0.888783 0.037211 0.456815 72.930000
0.461229 0.071333 0.884409 102.780000 0.000716 0.996733 -0.080766 -7.250070 -0.887281 0.037884 0.459671 73.221500
0.463763 0.070953 0.883113 103.329000 0.003709 0.996624 -0.082021 -7.305610 -0.885952 0.041314 0.461934 73.514600
0.466995 0.070192 0.881470 103.877000 0.005170 0.996611 -0.082100 -7.359770 -0.884245 0.042897 0.465049 73.802200
0.469916 0.068262 0.880068 104.409000 0.008650 0.996601 -0.081920 -7.406200 -0.882669 0.046108 0.467729 74.092800
0.473556 0.067475 0.878175 104.930000 0.009804 0.996596 -0.081860 -7.450870 -0.880709 0.047375 0.471282 74.355200
0.476701 0.067070 0.876503 105.448000 0.011199 0.996541 -0.082346 -7.495100 -0.878994 0.049070 0.474300 74.639300
0.480223 0.066345 0.874634 105.963000 0.011504 0.996573 -0.081911 -7.545150 -0.877071 0.049397 0.477814 74.925300
0.483714 0.065707 0.872756 106.475000 0.013241 0.996514 -0.082363 -7.590240 -0.875126 0.051396 0.481158 75.210000
0.487479 0.066987 0.870561 106.975000 0.012875 0.996393 -0.083879 -7.635400 -0.873040 0.052098 0.484858 75.492000
0.491458 0.067223 0.868303 107.483000 0.014796 0.996228 -0.085501 -7.684220 -0.870776 0.054867 0.488609 75.795200
0.496375 0.070569 0.865235 107.960000 0.012296 0.996019 -0.088289 -7.733480 -0.868021 0.054463 0.493531 76.067800
0.501899 0.076468 0.861539 108.444000 0.008991 0.995569 -0.093602 -7.778950 -0.864879 0.054725 0.498988 76.357400
0.507499 0.083627 0.857585 108.926000 0.003640 0.995062 -0.099188 -7.829700 -0.861645 0.053459 0.504689 76.663200
0.513445 0.089760 0.853415 109.410000 -0.001692 0.994618 -0.103593 -7.886040 -0.858121 0.051746 0.510834 76.969700
0.520005 0.094099 0.848964 109.881000 -0.005380 0.994254 -0.106908 -7.939990 -0.854146 0.051025 0.517523 77.265800
0.525568 0.094323 0.845507 110.370000 -0.009604 0.994429 -0.104967 -7.993570 -0.850698 0.047047 0.523546 77.581800
0.530735 0.093632 0.842350 110.860000 -0.016133 0.994815 -0.100414 -8.046930 -0.847384 0.039704 0.529494 77.915400
0.536535 0.091060 0.838951 111.358000 -0.022089 0.995336 -0.093908 -8.100770 -0.843589 0.031853 0.536044 78.255500
0.542444 0.089836 0.835275 111.861000 -0.029265 0.995683 -0.088084 -8.155260 -0.839582 0.023336 0.542731 78.592000
0.548266 0.087603 0.831703 112.367000 -0.031748 0.995962 -0.083975 -8.207280 -0.835701 0.019635 0.548833 78.945900
0.554941 0.091454 0.826847 112.883000 -0.036484 0.995658 -0.085640 -8.247940 -0.831089 0.017358 0.555868 79.304100
0.560739 0.095278 0.822493 113.399000 -0.040791 0.995330 -0.087490 -8.302340 -0.826988 0.015509 0.562006 79.679800
0.567151 0.098595 0.817691 113.925000 -0.043343 0.995006 -0.089912 -8.346240 -0.822472 0.015552 0.568592 80.054800
0.573505 0.100940 0.812960 114.456000 -0.046020 0.994782 -0.091050 -8.397950 -0.817909 0.014806 0.575157 80.441800
0.579497 0.101639 0.808611 114.994000 -0.048899 0.994741 -0.089991 -8.453280 -0.813506 0.012609 0.581420 80.854400
0.585757 0.104337 0.803743 115.544000 -0.055717 0.994517 -0.088495 -8.500290 -0.808569 0.007054 0.588359 81.270000
0.592812 0.102119 0.798840 116.102000 -0.055780 0.994752 -0.085770 -8.555030 -0.803407 0.006286 0.595397 81.698700
0.600691 0.100066 0.793195 116.677000 -0.055933 0.994965 -0.083162 -8.607740 -0.797523 0.005589 0.603263 82.136500
0.608038 0.100164 0.787564 117.244000 -0.056633 0.994954 -0.082816 -8.661750 -0.791885 0.005753 0.610643 82.594700
0.615178 0.102721 0.781667 117.825000 -0.061342 0.994706 -0.082441 -8.713440 -0.785998 0.002767 0.618223 83.082200
0.622605 0.103414 0.775673 118.408000 -0.062187 0.994633 -0.082691 -8.765670 -0.780062 0.003247 0.625694 83.582000
0.629745 0.104285 0.769770 118.996000 -0.064273 0.994545 -0.082155 -8.813300 -0.774138 0.002262 0.633012 84.073200
0.634981 0.103156 0.765609 119.607000 -0.064197 0.994663 -0.080774 -8.872620 -0.769855 0.002140 0.638215 84.591800
0.638614 0.102125 0.762721 120.210000 -0.063400 0.994768 -0.080111 -8.926960 -0.766911 0.002804 0.641747 85.105000
0.642791 0.099359 0.759571 120.829000 -0.059534 0.995033 -0.079779 -8.981740 -0.763725 0.006061 0.645513 85.623800
0.646115 0.095543 0.757236 121.451000 -0.054447 0.995376 -0.079133 -9.041660 -0.761295 0.009900 0.648330 86.168800
0.649891 0.089111 0.754786 122.088000 -0.046437 0.995903 -0.077594 -9.097450 -0.758608 0.015377 0.651366 86.716400
0.653969 0.083137 0.751940 122.741000 -0.040379 0.996362 -0.075042 -9.154560 -0.755443 0.018713 0.654947 87.263000
0.656875 0.077635 0.749992 123.382000 -0.034725 0.996744 -0.072764 -9.210270 -0.753200 0.021753 0.657432 87.834500
0.660433 0.076346 0.746994 124.024000 -0.034717 0.996858 -0.071189 -9.266980 -0.750082 0.021082 0.661008 88.412900
0.663147 0.077742 0.744441 124.656000 -0.035374 0.996735 -0.072578 -9.323790 -0.747653 0.021796 0.663732 88.989500
0.666530 0.082342 0.740917 125.294000 -0.040749 0.996419 -0.074079 -9.374950 -0.744364 0.019184 0.667499 89.563800
0.669519 0.086134 0.737784 125.930000 -0.047171 0.996179 -0.073495 -9.427680 -0.741296 0.014404 0.671024 90.163600
0.672403 0.082742 0.735546 126.578000 -0.047087 0.996501 -0.069052 -9.481120 -0.738686 0.011796 0.673946 90.770300
0.676050 0.080131 0.732486 127.225000 -0.050252 0.996769 -0.062662 -9.529830 -0.735140 0.005554 0.677893 91.376200
0.679246 0.074348 0.730135 127.880000 -0.049434 0.997231 -0.055558 -9.581140 -0.732244 0.001644 0.681041 92.002600
0.683754 0.070510 0.726298 128.536000 -0.047697 0.997511 -0.051937 -9.626940 -0.728152 0.000870 0.685415 92.629200
0.688599 0.067249 0.722017 129.196000 -0.041585 0.997714 -0.053267 -9.670950 -0.723949 0.006654 0.689821 93.252000
0.693395 0.064480 0.717667 129.850000 -0.031603 0.997751 -0.059111 -9.718490 -0.719864 0.018306 0.693873 93.897000
0.699213 0.065567 0.711900 130.478000 -0.025335 0.997433 -0.066982 -9.764880 -0.714464 0.028799 0.699079 94.471400
0.704884 0.065822 0.706262 131.125000 -0.022219 0.997245 -0.070766 -9.816370 -0.708975 0.034189 0.704404 95.120300
0.710837 0.061837 0.700634 131.779000 -0.020101 0.997507 -0.067646 -9.867770 -0.703070 0.034002 0.710307 95.783100
0.716437 0.056135 0.695390 132.419000 -0.015985 0.997817 -0.064080 -9.934730 -0.697469 0.034794 0.715770 96.451100
0.722160 0.052162 0.689757 133.060000 -0.010341 0.997855 -0.064634 -9.982530 -0.691649 0.039543 0.721150 97.106600
0.726651 0.054386 0.684850 133.677000 -0.008337 0.997486 -0.070367 -10.037900 -0.686956 0.045423 0.725278 97.750700
0.730445 0.055668 0.680700 134.310000 -0.008907 0.997364 -0.072007 -10.090700 -0.682914 0.046534 0.729015 98.435100
0.733408 0.052665 0.677746 134.940000 -0.006573 0.997497 -0.070398 -10.153700 -0.679757 0.047176 0.731919 99.120100
0.736125 0.047276 0.675192 135.577000 -0.003171 0.997788 -0.066406 -10.211400 -0.676838 0.046742 0.734647 99.801700
0.737801 0.043015 0.673646 136.217000 -0.000175 0.997980 -0.063533 -10.269400 -0.675018 0.046757 0.736318 100.473000
0.738472 0.037507 0.673240 136.849000 0.004573 0.998150 -0.060625 -10.317900 -0.674269 0.047848 0.736935 101.164000
0.738648 0.036583 0.673097 137.478000 0.004737 0.998220 -0.059452 -10.369700 -0.674074 0.047103 0.737160 101.861000
0.738345 0.036590 0.673430 138.107000 0.003804 0.998285 -0.058412 -10.421400 -0.674413 0.045690 0.736940 102.565000
0.737910 0.039349 0.673751 138.734000 0.001493 0.998201 -0.059934 -10.477100 -0.674897 0.045232 0.736524 103.259000
0.736688 0.042530 0.674894 139.362000 -0.001774 0.998138 -0.060963 -10.528600 -0.676230 0.043713 0.735393 103.959000
0.734671 0.047332 0.676770 140.003000 -0.006059 0.997981 -0.063221 -10.578800 -0.678396 0.042346 0.733475 104.671000
0.732310 0.050360 0.679107 140.630000 -0.010394 0.997972 -0.062797 -10.632400 -0.680892 0.038928 0.731348 105.373000
0.730097 0.051669 0.681387 141.268000 -0.012336 0.997971 -0.062457 -10.684900 -0.683232 0.037194 0.729254 106.068000
0.728173 0.050938 0.683497 141.908000 -0.013123 0.998088 -0.060403 -10.741900 -0.685267 0.035014 0.727450 106.751000
0.725602 0.049105 0.686361 142.539000 -0.013780 0.998287 -0.056854 -10.795500 -0.687977 0.031795 0.725036 107.416000
0.723001 0.045035 0.689377 143.188000 -0.009566 0.998430 -0.055193 -10.846900 -0.690780 0.033310 0.722297 108.093000
0.720356 0.049190 0.691858 143.828000 -0.010103 0.998120 -0.060445 -10.902800 -0.693531 0.036552 0.719499 108.762000
0.716660 0.059189 0.694907 144.448000 -0.015456 0.997495 -0.069023 -10.957300 -0.697252 0.038725 0.715780 109.420000
0.713008 0.066626 0.697983 145.073000 -0.018877 0.996938 -0.075879 -11.011100 -0.700902 0.040927 0.712083 110.080000
0.709334 0.064964 0.701872 145.709000 -0.020297 0.997213 -0.071788 -11.069900 -0.704580 0.036676 0.708676 110.734000
0.705524 0.063672 0.705820 146.355000 -0.023521 0.997511 -0.066474 -11.130600 -0.708296 0.030297 0.705265 111.391000
0.702036 0.062165 0.709423 146.990000 -0.025890 0.997752 -0.061810 -11.184500 -0.711671 0.025026 0.702067 112.036000
0.698365 0.061904 0.713060 147.613000 -0.025042 0.997756 -0.062094 -11.234800 -0.715304 0.025508 0.698348 112.663000
0.695888 0.059823 0.715654 148.282000 -0.022753 0.997861 -0.061289 -11.294000 -0.717790 0.026367 0.695761 113.291000
0.692887 0.058908 0.718636 148.932000 -0.018814 0.997795 -0.063652 -11.348200 -0.720801 0.030584 0.692467 113.914000
0.689297 0.058372 0.722124 149.577000 -0.015465 0.997707 -0.065887 -11.401900 -0.724314 0.034248 0.688619 114.533000
0.685626 0.059281 0.725536 150.237000 -0.012777 0.997505 -0.069428 -11.457400 -0.727842 0.038331 0.684673 115.160000
0.681319 0.059267 0.729584 150.885000 -0.013152 0.997547 -0.068752 -11.522300 -0.731869 0.037247 0.680427 115.777000
0.677719 0.061030 0.732784 151.549000 -0.015127 0.997496 -0.069087 -11.574000 -0.735166 0.035737 0.676945 116.388000
0.672786 0.060235 0.737381 152.213000 -0.013900 0.997533 -0.068804 -11.631800 -0.739706 0.036041 0.671964 116.995000
0.667016 0.062480 0.742419 152.880000 -0.015504 0.997426 -0.070011 -11.680800 -0.744882 0.035188 0.666267 117.610000
0.660590 0.069969 0.747479 153.546000 -0.020109 0.996939 -0.075548 -11.746800 -0.750478 0.034875 0.659975 118.224000
0.654685 0.076525 0.752019 154.226000 -0.023630 0.996448 -0.080826 -11.804200 -0.755533 0.035146 0.654167 118.810000
0.648308 0.078737 0.757296 154.916000 -0.023107 0.996215 -0.083796 -11.865600 -0.761027 0.036827 0.647673 119.409000
0.641764 0.073463 0.763376 155.618000 -0.024199 0.996846 -0.075587 -11.929700 -0.766521 0.030036 0.641517 119.998000
0.634726 0.069535 0.769602 156.326000 -0.029792 0.997405 -0.065546 -11.987300 -0.772162 0.018676 0.635151 120.598000
0.627610 0.064631 0.775840 157.046000 -0.029151 0.997800 -0.059539 -12.048000 -0.777982 0.014751 0.628114 121.189000
0.620607 0.065912 0.781347 157.775000 -0.033860 0.997784 -0.057275 -12.092500 -0.783390 0.009089 0.621464 121.774000
0.612417 0.067299 0.787665 158.500000 -0.032505 0.997671 -0.059969 -12.141100 -0.789866 0.011123 0.613179 122.349000
0.605896 0.067230 0.792698 159.244000 -0.026663 0.997579 -0.064227 -12.193100 -0.795097 0.017779 0.606222 122.915000
0.598884 0.076085 0.797213 159.997000 -0.025861 0.996795 -0.075706 -12.246200 -0.800418 0.024722 0.598932 123.486000
0.591697 0.076858 0.802489 160.755000 -0.021795 0.996606 -0.079380 -12.307800 -0.805866 0.029479 0.591363 124.039000
0.584711 0.072883 0.807961 161.515000 -0.019188 0.996920 -0.076042 -12.376200 -0.811015 0.028959 0.584309 124.590000
0.577561 0.066908 0.813601 162.281000 -0.014723 0.997327 -0.071565 -12.437500 -0.816215 0.029354 0.577002 125.131000
0.570397 0.066152 0.818701 163.045000 -0.014143 0.997395 -0.070737 -12.500300 -0.821247 0.028770 0.569847 125.670000
0.563395 0.067850 0.823397 163.807000 -0.015425 0.997312 -0.071627 -12.558200 -0.826044 0.027653 0.562927 126.198000
0.557687 0.065502 0.827463 164.568000 -0.010870 0.997372 -0.071626 -12.626100 -0.829980 0.030950 0.556934 126.702000
0.552718 0.059431 0.831246 165.328000 -0.005721 0.997701 -0.067528 -12.688000 -0.833349 0.032568 0.551787 127.198000
0.547643 0.057217 0.834754 166.087000 -0.005307 0.997877 -0.064916 -12.740300 -0.836696 0.031121 0.546783 127.710000
0.543497 0.055761 0.837557 166.838000 -0.006939 0.998056 -0.061944 -12.805400 -0.839382 0.027855 0.542827 128.195000
0.538151 0.058385 0.840824 167.556000 -0.007720 0.997897 -0.064351 -12.861300 -0.842813 0.028140 0.537471 128.663000
0.534649 0.061055 0.842866 168.293000 -0.006609 0.997658 -0.068076 -12.919600 -0.845048 0.030826 0.533801 129.131000
0.531734 0.066713 0.844280 169.019000 -0.006916 0.997201 -0.074441 -12.973800 -0.846883 0.033744 0.530707 129.586000
