1.000000 0.000000 0.000000 0.000000 0.000000 1.000000 0.000000 0.000000 0.000000 0.000000 1.000000 0.000000
1.000000 -0.000055 0.000126 -0.014852 0.000055 0.999999 0.001435 -0.012560 -0.000126 -0.001435 0.999999 1.315580
0.999999 -0.001569 -0.000684 -0.009686 0.001570 0.999997 0.001760 -0.039221 0.000681 -0.001761 0.999998 2.616550
0.999996 -0.002733 -0.000697 -0.014056 0.002733 0.999996 0.000682 -0.054044 0.000695 -0.000684 1.000000 3.929330
0.999996 -0.002880 -0.000539 -0.024672 0.002880 0.999996 0.000721 -0.071663 0.000537 -0.000723 1.000000 5.249680
0.999993 -0.003761 -0.000737 -0.022503 0.003762 0.999991 0.001794 -0.099006 0.000730 -0.001797 0.999998 6.572750
0.999986 -0.005215 -0.000394 -0.030791 0.005216 0.999983 0.002683 -0.111002 0.000380 -0.002685 0.999996 7.898770
0.999989 -0.004604 -0.000534 -0.036894 0.004606 0.999983 0.003475 -0.135023 0.000518 -0.003478 0.999994 9.235860
0.999994 -0.003457 -0.000671 -0.048247 0.003458 0.999993 0.001523 -0.150757 0.000666 -0.001526 0.999999 10.581600
0.999999 -0.001280 -0.001029 -0.052305 0.001280 0.999999 -0.000303 -0.177999 0.001030 0.000302 0.999999 11.917800
0.999997 0.002398 -0.000597 -0.068820 -0.002399 0.999997 -0.001104 -0.201460 0.000595 0.001106 0.999999 13.260000
0.999989 0.004562 -0.000526 -0.088194 -0.004562 0.999989 -0.001261 -0.222135 0.000520 0.001263 0.999999 14.593700
0.999983 0.005809 -0.000646 -0.093173 -0.005810 0.999983 -0.000553 -0.240770 0.000643 0.000556 1.000000 15.948300
0.999995 0.003252 0.000031 -0.101357 -0.003253 0.999992 0.002438 -0.265704 -0.000023 -0.002439 0.999997 17.307400
0.999999 -0.001002 0.000084 -0.103063 0.001002 0.999990 0.004430 -0.286524 -0.000089 -0.004430 0.999990 18.661400
0.999995 -0.003278 -0.000210 -0.109020 0.003278 0.999993 0.001912 -0.300160 0.000204 -0.001913 0.999998 20.006500
0.999988 -0.004939 -0.000204 -0.109792 0.004939 0.999988 0.000434 -0.329784 0.000202 -0.000435 1.000000 21.368300
0.999997 -0.002081 0.001067 -0.133176 0.002082 0.999997 -0.001037 -0.348295 -0.001065 0.001039 0.999999 22.716400
0.999999 0.000811 0.001440 -0.137327 -0.000811 1.000000 0.000251 -0.356294 -0.001440 -0.000252 0.999999 24.095800
0.999998 0.000770 0.001673 -0.133380 -0.000777 0.999991 0.004261 -0.389692 -0.001669 -0.004262 0.999990 25.471200
0.999995 -0.001102 0.002861 -0.147649 0.001085 0.999982 0.005866 -0.394544 -0.002867 -0.005863 0.999979 26.841400
0.999982 -0.005695 0.002071 -0.138597 0.005685 0.999974 0.004427 -0.414946 -0.002096 -0.004415 0.999988 28.202000
0.999981 -0.005914 0.001893 -0.135753 0.005910 0.999980 0.002171 -0.430011 -0.001906 -0.002160 0.999996 29.583600
0.999977 -0.006184 0.002784 -0.141179 0.006185 0.999981 -0.000470 -0.451714 -0.002781 0.000487 0.999996 30.959200
0.999990 -0.002669 0.003654 -0.157931 0.002674 0.999996 -0.001135 -0.474339 -0.003651 0.001145 0.999993 32.333800
0.999990 -0.002155 0.003900 -0.158123 0.002166 0.999993 -0.003028 -0.503351 -0.003894 0.003036 0.999988 33.709400
0.999992 -0.001603 0.003769 -0.154787 0.001612 0.999996 -0.002372 -0.527065 -0.003766 0.002378 0.999990 35.101300
0.999992 -0.000791 0.004036 -0.168672 0.000797 0.999999 -0.001409 -0.549451 -0.004035 0.001412 0.999991 36.492700
0.999993 0.000438 0.003611 -0.172628 -0.000439 1.000000 0.000290 -0.573675 -0.003611 -0.000292 0.999993 37.895200
0.999988 0.003154 0.003658 -0.175374 -0.003157 0.999995 0.000674 -0.600212 -0.003656 -0.000686 0.999993 39.296700
0.999975 0.005830 0.004044 -0.185915 -0.005830 0.999983 0.000099 -0.618254 -0.004043 -0.000123 0.999992 40.689000
0.999961 0.007875 0.003988 -0.187800 -0.007877 0.999969 0.000504 -0.638917 -0.003983 -0.000536 0.999992 42.108100
0.999955 0.008768 0.003634 -0.190371 -0.008769 0.999962 0.000255 -0.656020 -0.003631 -0.000287 0.999993 43.506800
0.999965 0.007830 0.003106 -0.189981 -0.007831 0.999969 0.000314 -0.683739 -0.003104 -0.000338 0.999995 44.936600
0.999973 0.006923 0.002465 -0.190184 -0.006924 0.999976 0.000093 -0.706030 -0.002465 -0.000110 0.999997 46.327400
0.999981 0.006119 0.001229 -0.191346 -0.006120 0.999981 0.000316 -0.730690 -0.001227 -0.000324 0.999999 47.751100
0.999980 0.006372 0.000098 -0.194156 -0.006373 0.999979 0.001397 -0.749719 -0.000090 -0.001398 0.999999 49.181400
0.999976 0.006926 -0.000774 -0.207204 -0.006925 0.999975 0.001193 -0.773411 0.000782 -0.001187 0.999999 50.587200
0.999971 0.007351 -0.001899 -0.220735 -0.007347 0.999972 0.001649 -0.792407 0.001911 -0.001635 0.999997 52.001700
0.999970 0.007153 -0.003088 -0.229785 -0.007145 0.999971 0.002523 -0.815170 0.003106 -0.002501 0.999992 53.431400
0.999977 0.005762 -0.003497 -0.243849 -0.005751 0.999978 0.003180 -0.831551 0.003515 -0.003160 0.999989 54.871400
0.999985 0.003614 -0.004223 -0.252496 -0.003598 0.999987 0.003730 -0.856799 0.004237 -0.003714 0.999984 56.295200
0.999988 0.001522 -0.004579 -0.267686 -0.001508 0.999995 0.002928 -0.874861 0.004583 -0.002921 0.999985 57.697700
0.999989 0.000302 -0.004723 -0.281027 -0.000285 0.999994 0.003571 -0.897285 0.004724 -0.003570 0.999982 59.120700
0.999990 -0.000939 -0.004314 -0.286427 0.000956 0.999992 0.003799 -0.914117 0.004310 -0.003803 0.999983 60.550900
0.999990 -0.002504 -0.003656 -0.297147 0.002523 0.999984 0.005034 -0.935994 0.003644 -0.005043 0.999981 61.979900
0.999989 -0.003472 -0.003219 -0.309684 0.003486 0.999984 0.004439 -0.962061 0.003204 -0.004450 0.999985 63.381600
0.999986 -0.004649 -0.002598 -0.323208 0.004658 0.999984 0.003264 -0.975347 0.002583 -0.003276 0.999991 64.791900
0.999985 -0.004890 -0.002460 -0.319018 0.004898 0.999982 0.003357 -1.004630 0.002444 -0.003369 0.999991 66.200600
0.999992 -0.003768 -0.001431 -0.329514 0.003773 0.999988 0.003116 -1.019510 0.001419 -0.003121 0.999994 67.635800
0.999999 -0.000333 -0.001081 -0.346218 0.000337 0.999991 0.004166 -1.038340 0.001080 -0.004166 0.999991 69.005400
0.999994 0.003462 0.000076 -0.367464 -0.003463 0.999981 0.005188 -1.054940 -0.000058 -0.005188 0.999987 70.400700
0.999977 0.006742 0.000520 -0.370232 -0.006745 0.999959 0.006033 -1.076720 -0.000480 -0.006037 0.999982 71.799300
0.999942 0.010705 0.001144 -0.387076 -0.010711 0.999926 0.005748 -1.094550 -0.001083 -0.005760 0.999983 73.194000
0.999894 0.014417 0.001775 -0.395741 -0.014426 0.999884 0.004877 -1.114530 -0.001705 -0.004902 0.999987 74.600600
0.999868 0.016044 0.002537 -0.405584 -0.016057 0.999859 0.004870 -1.132310 -0.002458 -0.004910 0.999985 75.984600
0.999872 0.015761 0.002728 -0.410830 -0.015775 0.999862 0.005274 -1.148270 -0.002644 -0.005316 0.999982 77.386000
0.999873 0.015577 0.003271 -0.424572 -0.015593 0.999866 0.004921 -1.175270 -0.003194 -0.004972 0.999983 78.755200
0.999897 0.014042 0.003028 -0.427157 -0.014054 0.999894 0.003929 -1.190540 -0.002973 -0.003971 0.999988 80.137700
0.999900 0.013900 0.002692 -0.425431 -0.013911 0.999895 0.003998 -1.216480 -0.002636 -0.004035 0.999988 81.504600
0.999906 0.013523 0.002163 -0.421027 -0.013531 0.999900 0.004121 -1.234030 -0.002107 -0.004150 0.999989 82.898000
0.999918 0.012714 0.001364 -0.416654 -0.012719 0.999912 0.003712 -1.250970 -0.001316 -0.003729 0.999992 84.268000
0.999916 0.012974 0.000789 -0.432273 -0.012977 0.999908 0.003941 -1.262060 -0.000737 -0.003951 0.999992 85.641500
0.999920 0.012658 -0.000557 -0.423924 -0.012655 0.999909 0.004584 -1.285330 0.000615 -0.004576 0.999989 87.008800
0.999941 0.010744 -0.001372 -0.437312 -0.010736 0.999926 0.005769 -1.313680 0.001434 -0.005753 0.999982 88.391500
0.999961 0.008450 -0.002745 -0.449079 -0.008432 0.999944 0.006322 -1.329080 0.002798 -0.006299 0.999976 89.768500
0.999976 0.006160 -0.003255 -0.460059 -0.006139 0.999961 0.006391 -1.351680 0.003294 -0.006371 0.999974 91.103700
0.999979 0.005172 -0.003825 -0.467329 -0.005149 0.999970 0.005866 -1.368720 0.003856 -0.005846 0.999975 92.480500
0.999984 0.003980 -0.003962 -0.478406 -0.003959 0.999978 0.005371 -1.384780 0.003983 -0.005355 0.999978 93.813700
0.999981 0.004154 -0.004517 -0.484322 -0.004134 0.999981 0.004506 -1.397070 0.004536 -0.004488 0.999980 95.186900
0.999981 0.004621 -0.004161 -0.503575 -0.004605 0.999982 0.003836 -1.417780 0.004179 -0.003817 0.999984 96.542800
0.999977 0.005422 -0.004032 -0.517862 -0.005409 0.999980 0.003301 -1.439340 0.004050 -0.003279 0.999986 97.883400
0.999968 0.007093 -0.003774 -0.533409 -0.007080 0.999969 0.003433 -1.458510 0.003798 -0.003406 0.999987 99.215300
0.999969 0.007243 -0.003190 -0.550187 -0.007226 0.999960 0.005326 -1.480440 0.003228 -0.005303 0.999981 100.543000
0.999957 0.008632 -0.003401 -0.564568 -0.008610 0.999943 0.006357 -1.497930 0.003456 -0.006328 0.999974 101.893000
0.999964 0.007972 -0.003017 -0.578641 -0.007957 0.999956 0.004917 -1.512510 0.003056 -0.004892 0.999983 103.227000
0.999960 0.008371 -0.003012 -0.594086 -0.008363 0.999962 0.002603 -1.535550 0.003034 -0.002578 0.999992 104.527000
0.999965 0.007576 -0.003423 -0.597334 -0.007572 0.999971 0.001184 -1.550010 0.003432 -0.001158 0.999993 105.880000
0.999983 0.004899 -0.003027 -0.614542 -0.004890 0.999983 0.003100 -1.582910 0.003042 -0.003085 0.999991 107.195000
0.999994 0.002596 -0.002396 -0.624446 -0.002584 0.999984 0.004944 -1.598130 0.002409 -0.004938 0.999985 108.538000
0.999998 0.001313 -0.001516 -0.631129 -0.001305 0.999985 0.005229 -1.613560 0.001523 -0.005227 0.999985 109.860000
1.000000 -0.000068 -0.000954 -0.633612 0.000072 0.999991 0.004226 -1.634730 0.000953 -0.004226 0.999991 111.180000
0.999997 0.002254 -0.000089 -0.648030 -0.002254 0.999996 0.001721 -1.654220 0.000093 -0.001721 0.999999 112.507000
0.999988 0.004683 0.001425 -0.658119 -0.004682 0.999989 -0.000484 -1.671760 -0.001427 0.000477 0.999999 113.850000
0.999967 0.007670 0.002572 -0.668755 -0.007669 0.999971 -0.000369 -1.695280 -0.002575 0.000349 0.999997 115.154000
0.999948 0.009194 0.004322 -0.680727 -0.009199 0.999957 0.001180 -1.712180 -0.004311 -0.001219 0.999990 116.497000
0.999948 0.008742 0.005302 -0.678033 -0.008762 0.999955 0.003742 -1.739640 -0.005269 -0.003788 0.999979 117.822000
0.999947 0.008308 0.006126 -0.677783 -0.008335 0.999956 0.004281 -1.756530 -0.006090 -0.004332 0.999972 119.158000
0.999934 0.009071 0.007084 -0.675929 -0.009095 0.999953 0.003379 -1.767170 -0.007053 -0.003444 0.999969 120.502000
0.999908 0.010821 0.008128 -0.669505 -0.010844 0.999937 0.002782 -1.783010 -0.008097 -0.002870 0.999963 121.845000
0.999869 0.012949 0.009715 -0.678910 -0.012974 0.999913 0.002511 -1.805130 -0.009681 -0.002637 0.999950 123.182000
0.999851 0.013423 0.010828 -0.674816 -0.013439 0.999909 0.001403 -1.821430 -0.010808 -0.001549 0.999940 124.528000
0.999817 0.015048 0.011806 -0.671877 -0.015058 0.999886 0.000708 -1.847900 -0.011794 -0.000886 0.999930 125.866000
0.999818 0.014029 0.012952 -0.665894 -0.014036 0.999901 0.000436 -1.865330 -0.012945 -0.000618 0.999916 127.211000
0.999819 0.013342 0.013559 -0.651057 -0.013371 0.999909 0.002006 -1.895590 -0.013531 -0.002187 0.999906 128.572000
0.999821 0.012314 0.014366 -0.639889 -0.012353 0.999920 0.002584 -1.914720 -0.014333 -0.002761 0.999893 129.884000
0.999819 0.011554 0.015097 -0.637832 -0.011604 0.999927 0.003256 -1.936830 -0.015058 -0.003430 0.999881 131.277000
0.999840 0.009317 0.015261 -0.624753 -0.009364 0.999952 0.003017 -1.946510 -0.015233 -0.003159 0.999879 132.629000
0.999860 0.007610 0.014926 -0.611981 -0.007671 0.999963 0.004005 -1.973470 -0.014895 -0.004119 0.999881 133.997000
0.999878 0.006026 0.014425 -0.602290 -0.006081 0.999974 0.003827 -1.992590 -0.014402 -0.003915 0.999889 135.342000
0.999898 0.005101 0.013345 -0.593045 -0.005146 0.999981 0.003355 -2.004570 -0.013327 -0.003423 0.999905 136.676000
0.999925 0.002858 0.011894 -0.576985 -0.002911 0.999986 0.004412 -2.024840 -0.011881 -0.004446 0.999920 138.052000
0.999934 0.001242 0.011433 -0.570416 -0.001300 0.999986 0.005052 -2.044850 -0.011427 -0.005066 0.999922 139.399000
0.999955 0.001427 0.009409 -0.558387 -0.001466 0.999990 0.004220 -2.056560 -0.009403 -0.004234 0.999947 140.741000
0.999965 0.000708 0.008386 -0.555035 -0.000740 0.999992 0.003814 -2.076300 -0.008383 -0.003820 0.999958 142.079000
0.999972 0.001067 0.007359 -0.557646 -0.001093 0.999993 0.003485 -2.096200 -0.007356 -0.003493 0.999967 143.418000
0.999979 -0.001681 0.006284 -0.549967 0.001675 0.999998 0.001009 -2.113170 -0.006285 -0.000999 0.999980 144.761000
0.999959 -0.007200 0.005502 -0.546994 0.007196 0.999974 0.000709 -2.136860 -0.005507 -0.000669 0.999985 146.124000
0.999889 -0.014014 0.005053 -0.547217 0.013999 0.999898 0.002947 -2.151980 -0.005093 -0.002876 0.999983 147.467000
0.999766 -0.021350 0.003571 -0.539235 0.021333 0.999762 0.004509 -2.173220 -0.003666 -0.004431 0.999983 148.820000
0.999697 -0.024536 0.002200 -0.525156 0.024534 0.999698 0.001031 -2.191170 -0.002225 -0.000977 0.999997 150.168000
0.999705 -0.024108 0.002980 -0.526648 0.024115 0.999706 -0.002320 -2.211140 -0.002923 0.002391 0.999993 151.517000
0.999770 -0.021168 0.003380 -0.530723 0.021181 0.999767 -0.004057 -2.247070 -0.003293 0.004127 0.999986 152.846000
0.999764 -0.021312 0.004317 -0.539789 0.021329 0.999765 -0.003919 -2.277870 -0.004233 0.004010 0.999983 154.172000
0.999695 -0.024271 0.004565 -0.526735 0.024273 0.999705 -0.000558 -2.300940 -0.004550 0.000669 0.999989 155.533000
0.999551 -0.029512 0.005173 -0.516530 0.029503 0.999563 0.001882 -2.319180 -0.005226 -0.001729 0.999985 156.893000
0.999433 -0.033247 0.005238 -0.512056 0.033228 0.999441 0.003579 -2.344930 -0.005354 -0.003403 0.999980 158.235000
0.999392 -0.034460 0.005352 -0.508415 0.034442 0.999401 0.003430 -2.360240 -0.005467 -0.003243 0.999980 159.575000
0.999433 -0.033056 0.006440 -0.509552 0.033029 0.999445 0.004299 -2.386040 -0.006579 -0.004084 0.999970 160.928000
0.999552 -0.028913 0.007712 -0.520307 0.028888 0.999577 0.003354 -2.401740 -0.007805 -0.003129 0.999965 162.266000
0.999645 -0.025279 0.008363 -0.507664 0.025268 0.999680 0.001322 -2.424960 -0.008394 -0.001111 0.999964 163.627000
0.999713 -0.022254 0.008886 -0.497339 0.022251 0.999752 0.000457 -2.441570 -0.008894 -0.000259 0.999960 164.984000
0.999742 -0.020591 0.009586 -0.506013 0.020572 0.999786 0.002036 -2.467560 -0.009626 -0.001839 0.999952 166.319000
0.999781 -0.019020 0.008692 -0.485103 0.019007 0.999818 0.001621 -2.489580 -0.008721 -0.001456 0.999961 167.684000
0.999825 -0.016466 0.008902 -0.498110 0.016476 0.999864 -0.001029 -2.507270 -0.008884 0.001176 0.999960 169.031000
0.999883 -0.012919 0.008210 -0.495251 0.012950 0.999909 -0.003741 -2.528810 -0.008161 0.003847 0.999959 170.378000
0.999938 -0.007303 0.008441 -0.504563 0.007345 0.999961 -0.004939 -2.561350 -0.008405 0.005000 0.999952 171.729000
0.999958 -0.002764 0.008769 -0.507620 0.002797 0.999989 -0.003783 -2.586280 -0.008758 0.003807 0.999954 173.094000
0.999956 0.000085 0.009415 -0.511910 -0.000067 0.999998 -0.001921 -2.611610 -0.009415 0.001920 0.999954 174.451000
0.999957 0.001223 0.009242 -0.505386 -0.001225 0.999999 0.000134 -2.632820 -0.009242 -0.000145 0.999957 175.832000
0.999962 -0.002445 0.008395 -0.500742 0.002435 0.999996 0.001215 -2.656420 -0.008398 -0.001195 0.999964 177.211000
0.999968 -0.004201 0.006745 -0.486655 0.004194 0.999991 0.001058 -2.673950 -0.006749 -0.001030 0.999977 178.597000
0.999978 -0.004424 0.004871 -0.485926 0.004441 0.999985 -0.003327 -2.695280 -0.004857 0.003349 0.999983 179.998000
0.999989 -0.003446 0.003181 -0.482490 0.003468 0.999969 -0.007072 -2.729570 -0.003156 0.007083 0.999970 181.377000
0.999996 0.001523 0.002484 -0.493692 -0.001504 0.999969 -0.007736 -2.758690 -0.002496 0.007732 0.999967 182.777000
0.999986 0.004710 0.002295 -0.500380 -0.004695 0.999966 -0.006739 -2.790140 -0.002327 0.006728 0.999975 184.175000
0.999972 0.006871 0.002914 -0.517163 -0.006862 0.999971 -0.003213 -2.821420 -0.002936 0.003193 0.999991 185.562000
0.999966 0.007633 0.003137 -0.522330 -0.007629 0.999970 -0.001178 -2.846040 -0.003146 0.001154 0.999994 186.963000
0.999971 0.006849 0.003196 -0.520890 -0.006848 0.999977 -0.000252 -2.866480 -0.003198 0.000230 0.999995 188.379000
0.999981 0.005178 0.003265 -0.524279 -0.005178 0.999987 0.000223 -2.884670 -0.003264 -0.000240 0.999995 189.807000
0.999991 0.002631 0.003379 -0.519355 -0.002634 0.999996 0.000844 -2.913150 -0.003376 -0.000853 0.999994 191.250000
0.999993 -0.000083 0.003610 -0.524902 0.000080 1.000000 0.000725 -2.932830 -0.003610 -0.000725 0.999993 192.680000
0.999986 -0.003470 0.003951 -0.508144 0.003463 0.999992 0.001979 -2.957940 -0.003958 -0.001965 0.999990 194.115000
0.999959 -0.008181 0.003957 -0.499163 0.008166 0.999960 0.003709 -2.981970 -0.003987 -0.003677 0.999985 195.546000
0.999934 -0.010550 0.004635 -0.502365 0.010534 0.999939 0.003416 -2.996790 -0.004671 -0.003367 0.999983 196.971000
0.999952 -0.008440 0.005055 -0.502024 0.008445 0.999964 -0.000994 -3.017010 -0.005046 0.001036 0.999987 198.408000
0.999985 -0.001326 0.005357 -0.507133 0.001358 0.999981 -0.005983 -3.039180 -0.005349 0.005990 0.999968 199.829000
0.999946 0.007859 0.006811 -0.522540 -0.007818 0.999951 -0.005996 -3.071670 -0.006857 0.005942 0.999959 201.262000
0.999855 0.015049 0.007915 -0.538064 -0.015032 0.999885 -0.002183 -3.099300 -0.007947 0.002064 0.999966 202.696000
0.999823 0.016669 0.008771 -0.535025 -0.016670 0.999861 0.000059 -3.129180 -0.008769 -0.000205 0.999962 204.144000
0.999864 0.014234 0.008373 -0.527638 -0.014239 0.999898 0.000536 -3.150710 -0.008364 -0.000655 0.999965 205.592000
0.999920 0.010389 0.007224 -0.520785 -0.010393 0.999946 0.000559 -3.177450 -0.007218 -0.000634 0.999974 207.035000
0.999930 0.009939 0.006417 -0.516212 -0.009938 0.999951 -0.000245 -3.192890 -0.006419 0.000181 0.999979 208.502000
0.999930 0.010255 0.005969 -0.512353 -0.010251 0.999947 -0.000659 -3.213660 -0.005975 0.000597 0.999982 209.970000
0.999919 0.011398 0.005693 -0.511027 -0.011396 0.999935 -0.000388 -3.241620 -0.005697 0.000323 0.999984 211.430000
0.999912 0.012021 0.005548 -0.516729 -0.012023 0.999928 0.000357 -3.268660 -0.005543 -0.000424 0.999985 212.909000
0.999913 0.011989 0.005471 -0.521177 -0.011989 0.999928 -0.000059 -3.291190 -0.005471 -0.000006 0.999985 214.377000
0.999923 0.011333 0.005104 -0.520375 -0.011328 0.999935 -0.001048 -3.318510 -0.005116 0.000990 0.999986 215.838000
0.999925 0.011115 0.005191 -0.525456 -0.011107 0.999937 -0.001491 -3.338790 -0.005207 0.001434 0.999985 217.299000
0.999928 0.011157 0.004450 -0.524397 -0.011150 0.999937 -0.001609 -3.366480 -0.004468 0.001559 0.999989 218.791000
0.999926 0.011326 0.004340 -0.531222 -0.011319 0.999934 -0.001775 -3.391210 -0.004360 0.001725 0.999989 220.274000
0.999928 0.011461 0.003566 -0.526936 -0.011454 0.999932 -0.002117 -3.416000 -0.003590 0.002076 0.999991 221.766000
0.999918 0.012292 0.003691 -0.536010 -0.012284 0.999922 -0.002028 -3.450390 -0.003715 0.001983 0.999991 223.239000
0.999918 0.012298 0.003583 -0.542272 -0.012290 0.999922 -0.002166 -3.474000 -0.003610 0.002122 0.999991 224.721000
0.999911 0.012900 0.003278 -0.545786 -0.012893 0.999914 -0.002197 -3.500740 -0.003306 0.002154 0.999992 226.227000
0.999921 0.012187 0.003090 -0.547666 -0.012178 0.999922 -0.002751 -3.518500 -0.003123 0.002713 0.999991 227.725000
0.999939 0.010610 0.002979 -0.545059 -0.010602 0.999941 -0.002517 -3.554750 -0.003005 0.002485 0.999992 229.227000
0.999951 0.009381 0.003163 -0.550697 -0.009374 0.999953 -0.002463 -3.580890 -0.003185 0.002433 0.999992 230.724000
0.999961 0.008124 0.003417 -0.549716 -0.008118 0.999966 -0.001591 -3.607560 -0.003429 0.001563 0.999993 232.236000
0.999961 0.008293 0.003042 -0.548977 -0.008288 0.999964 -0.001581 -3.630860 -0.003055 0.001555 0.999994 233.740000
0.999958 0.008450 0.003500 -0.558723 -0.008444 0.999963 -0.001666 -3.667530 -0.003514 0.001636 0.999992 235.246000
0.999949 0.009377 0.003753 -0.558954 -0.009368 0.999954 -0.002275 -3.694670 -0.003775 0.002240 0.999990 236.758000
0.999934 0.010714 0.004178 -0.563588 -0.010708 0.999941 -0.001556 -3.722570 -0.004194 0.001511 0.999990 238.261000
0.999922 0.011342 0.005281 -0.572680 -0.011343 0.999936 0.000237 -3.744910 -0.005278 -0.000297 0.999986 239.793000
0.999920 0.011164 0.005997 -0.574065 -0.011168 0.999937 0.000611 -3.768260 -0.005990 -0.000678 0.999982 241.302000
0.999904 0.012139 0.006718 -0.575539 -0.012132 0.999926 -0.001073 -3.792450 -0.006731 0.000992 0.999977 242.806000
0.999899 0.012322 0.007122 -0.567022 -0.012304 0.999921 -0.002567 -3.816330 -0.007153 0.002479 0.999971 244.322000
0.999895 0.012437 0.007468 -0.567836 -0.012425 0.999921 -0.001680 -3.850080 -0.007488 0.001587 0.999971 245.840000
0.999903 0.011999 0.007062 -0.556762 -0.011995 0.999928 -0.000641 -3.876950 -0.007070 0.000556 0.999975 247.367000
0.999892 0.012935 0.007036 -0.560488 -0.012932 0.999916 -0.000494 -3.901530 -0.007041 0.000403 0.999975 248.893000
0.999894 0.012979 0.006636 -0.555571 -0.012977 0.999916 -0.000241 -3.932390 -0.006639 0.000155 0.999978 250.429000
0.999872 0.014355 0.007046 -0.554820 -0.014355 0.999897 -0.000117 -3.956150 -0.007047 0.000016 0.999975 251.967000
0.999847 0.015929 0.007278 -0.559902 -0.015928 0.999873 -0.000074 -3.984410 -0.007279 -0.000042 0.999974 253.485000
0.999837 0.016365 0.007676 -0.563630 -0.016367 0.999866 0.000212 -4.008470 -0.007671 -0.000337 0.999971 255.015000
0.999858 0.015088 0.007548 -0.559315 -0.015092 0.999886 0.000449 -4.038350 -0.007540 -0.000563 0.999971 256.574000
0.999883 0.013372 0.007363 -0.551585 -0.013383 0.999910 0.001359 -4.063770 -0.007344 -0.001457 0.999972 258.101000
0.999911 0.011115 0.007368 -0.549770 -0.011128 0.999936 0.001812 -4.081300 -0.007347 -0.001893 0.999971 259.628000
0.999923 0.009561 0.007876 -0.555730 -0.009570 0.999954 0.001129 -4.105320 -0.007865 -0.001204 0.999968 261.178000
0.999939 0.008341 0.007185 -0.547752 -0.008342 0.999965 0.000044 -4.128330 -0.007184 -0.000104 0.999974 262.732000
0.999943 0.006831 0.008210 -0.543076 -0.006848 0.999974 0.002076 -4.157820 -0.008195 -0.002132 0.999964 264.294000
0.999949 0.004497 0.009011 -0.545016 -0.004530 0.999983 0.003725 -4.179560 -0.008994 -0.003765 0.999952 265.833000
0.999957 0.003598 0.008493 -0.522629 -0.003624 0.999989 0.002972 -4.199160 -0.008482 -0.003003 0.999960 267.437000
0.999956 0.003359 0.008786 -0.510065 -0.003374 0.999993 0.001683 -4.215020 -0.008780 -0.001713 0.999960 268.989000
0.999948 0.003587 0.009593 -0.501524 -0.003604 0.999992 0.001775 -4.244730 -0.009586 -0.001809 0.999952 270.552000
0.999929 0.005194 0.010743 -0.499932 -0.005214 0.999985 0.001883 -4.270930 -0.010733 -0.001939 0.999941 272.081000
0.999909 0.006944 0.011574 -0.493015 -0.006960 0.999975 0.001334 -4.292490 -0.011564 -0.001414 0.999932 273.641000
0.999888 0.008258 0.012504 -0.480200 -0.008273 0.999965 0.001169 -4.318210 -0.012494 -0.001273 0.999921 275.197000
0.999873 0.009027 0.013132 -0.458777 -0.009037 0.999959 0.000717 -4.340880 -0.013125 -0.000836 0.999914 276.742000
0.999867 0.009224 0.013422 -0.444355 -0.009225 0.999957 0.000051 -4.368340 -0.013421 -0.000175 0.999910 278.294000
0.999861 0.008075 0.014568 -0.434816 -0.008070 0.999967 -0.000404 -4.389630 -0.014571 0.000287 0.999894 279.863000
0.999850 0.007791 0.015468 -0.417041 -0.007791 0.999970 -0.000094 -4.417100 -0.015469 -0.000027 0.999880 281.417000
0.999848 0.006702 0.016099 -0.400246 -0.006716 0.999977 0.000802 -4.438880 -0.016094 -0.000910 0.999870 282.978000
0.999850 0.005625 0.016398 -0.384103 -0.005641 0.999984 0.000965 -4.463690 -0.016392 -0.001058 0.999865 284.536000
0.999859 0.005605 0.015838 -0.348680 -0.005580 0.999983 -0.001629 -4.488660 -0.015846 0.001540 0.999873 286.109000
0.999867 0.003955 0.015791 -0.327855 -0.003896 0.999985 -0.003740 -4.517050 -0.015806 0.003678 0.999868 287.674000
0.999880 0.004097 0.014937 -0.307097 -0.004042 0.999985 -0.003711 -4.546290 -0.014952 0.003650 0.999882 289.225000
0.999898 0.002857 0.013969 -0.290035 -0.002805 0.999989 -0.003776 -4.572910 -0.013979 0.003736 0.999895 290.782000
0.999911 0.002696 0.013036 -0.287269 -0.002639 0.999987 -0.004322 -4.601330 -0.013048 0.004287 0.999906 292.320000
0.999919 0.003279 0.012295 -0.261804 -0.003218 0.999983 -0.004916 -4.632450 -0.012311 0.004876 0.999912 293.888000
0.999934 0.002861 0.011113 -0.238197 -0.002812 0.999986 -0.004418 -4.665960 -0.011125 0.004387 0.999928 295.453000
0.999946 0.002441 0.010083 -0.227814 -0.002399 0.999988 -0.004180 -4.701240 -0.010093 0.004155 0.999940 297.018000
0.999959 0.001953 0.008824 -0.213150 -0.001929 0.999995 -0.002687 -4.733020 -0.008829 0.002670 0.999957 298.592000
0.999962 0.003233 0.008058 -0.207066 -0.003221 0.999994 -0.001552 -4.758620 -0.008063 0.001526 0.999966 300.175000
0.999955 0.003554 0.008812 -0.201822 -0.003540 0.999992 -0.001602 -4.781160 -0.008817 0.001571 0.999960 301.761000
0.999947 0.003795 0.009536 -0.192513 -0.003779 0.999991 -0.001699 -4.810950 -0.009542 0.001663 0.999953 303.355000
0.999947 0.002500 0.009943 -0.185658 -0.002479 0.999995 -0.002085 -4.833860 -0.009948 0.002061 0.999948 304.936000
0.999949 0.000669 0.010059 -0.171606 -0.000641 0.999996 -0.002877 -4.867020 -0.010061 0.002871 0.999945 306.529000
0.999945 -0.000818 0.010462 -0.156133 0.000871 0.999987 -0.004980 -4.894550 -0.010458 0.004989 0.999933 308.133000
0.999948 -0.001152 0.010156 -0.144691 0.001211 0.999982 -0.005851 -4.927860 -0.010149 0.005863 0.999931 309.736000
0.999970 -0.000549 0.007701 -0.136902 0.000604 0.999975 -0.007103 -4.958300 -0.007697 0.007107 0.999945 311.349000
0.999984 0.000455 0.005721 -0.134938 -0.000419 0.999980 -0.006344 -4.992790 -0.005723 0.006341 0.999964 312.947000
0.999984 0.001506 0.005393 -0.136041 -0.001489 0.999994 -0.003186 -5.022760 -0.005398 0.003177 0.999980 314.578000
0.999984 -0.000182 0.005697 -0.124387 0.000182 1.000000 -0.000023 -5.056760 -0.005697 0.000024 0.999984 316.210000
0.999985 -0.001189 0.005429 -0.118464 0.001185 0.999999 0.000699 -5.079760 -0.005430 -0.000692 0.999985 317.837000
0.999981 -0.002232 0.005746 -0.114440 0.002234 0.999997 -0.000303 -5.111330 -0.005746 0.000315 0.999983 319.461000
0.999974 -0.003946 0.005969 -0.115014 0.003947 0.999992 -0.000118 -5.136600 -0.005968 0.000142 0.999982 321.072000
0.999971 -0.003935 0.006583 -0.123002 0.003934 0.999992 0.000249 -5.163570 -0.006584 -0.000223 0.999978 322.690000
0.999968 -0.003726 0.007146 -0.119224 0.003725 0.999993 0.000147 -5.189940 -0.007146 -0.000120 0.999974 324.309000
0.999972 -0.002260 0.007109 -0.110597 0.002267 0.999997 -0.001037 -5.213610 -0.007106 0.001053 0.999974 325.932000
0.999966 -0.001298 0.008093 -0.116761 0.001308 0.999998 -0.001318 -5.251820 -0.008091 0.001328 0.999966 327.538000
0.999961 -0.002905 0.008370 -0.103713 0.002900 0.999996 0.000624 -5.280650 -0.008372 -0.000600 0.999965 329.179000
0.999953 -0.004131 0.008800 -0.101517 0.004116 0.999990 0.001704 -5.310900 -0.008807 -0.001668 0.999960 330.763000
0.999949 -0.005175 0.008661 -0.091876 0.005173 0.999987 0.000303 -5.334100 -0.008663 -0.000259 0.999962 332.396000
0.999957 -0.004429 0.008167 -0.071652 0.004426 0.999990 0.000419 -5.363400 -0.008169 -0.000383 0.999967 334.039000
0.999961 -0.002160 0.008548 -0.095042 0.002175 0.999996 -0.001770 -5.387520 -0.008544 0.001789 0.999962 335.603000
0.999969 -0.000434 0.007887 -0.090649 0.000471 0.999989 -0.004696 -5.417950 -0.007885 0.004700 0.999958 337.216000
0.999974 0.000633 0.007164 -0.089676 -0.000603 0.999991 -0.004225 -5.454100 -0.007167 0.004221 0.999965 338.822000
0.999980 0.001646 0.006110 -0.089100 -0.001642 0.999998 -0.000654 -5.485550 -0.006111 0.000644 0.999981 340.428000
0.999987 0.002259 0.004534 -0.086565 -0.002269 0.999995 0.002165 -5.513470 -0.004529 -0.002175 0.999987 342.027000
0.999989 0.002984 0.003599 -0.088258 -0.002987 0.999995 0.001050 -5.540650 -0.003595 -0.001061 0.999993 343.640000
0.999995 0.002666 0.001841 -0.094698 -0.002665 0.999996 -0.000735 -5.563820 -0.001843 0.000730 0.999998 345.226000
0.999999 0.001046 -0.000004 -0.095289 -0.001046 0.999999 0.000541 -5.589730 0.000004 -0.000541 1.000000 346.818000
0.999999 -0.000209 -0.001186 -0.098079 0.000210 0.999999 0.001089 -5.619880 0.001186 -0.001090 0.999999 348.414000
1.000000 -0.000152 -0.000925 -0.124054 0.000152 1.000000 0.000085 -5.639870 0.000925 -0.000085 1.000000 349.999000
0.999998 -0.001412 -0.001436 -0.128171 0.001411 0.999998 -0.001035 -5.663140 0.001437 0.001033 0.999998 351.598000
0.999998 -0.001315 -0.001301 -0.138904 0.001313 0.999998 -0.001136 -5.691950 0.001302 0.001134 0.999999 353.187000
0.999997 -0.001953 -0.001241 -0.148481 0.001951 0.999997 -0.001395 -5.718170 0.001244 0.001393 0.999998 354.782000
0.999996 -0.002396 -0.001551 -0.152925 0.002392 0.999995 -0.002112 -5.746560 0.001556 0.002108 0.999997 356.381000
0.999996 -0.002292 -0.001353 -0.166518 0.002288 0.999994 -0.002597 -5.779650 0.001359 0.002594 0.999996 357.982000
0.999995 -0.002941 -0.001261 -0.172876 0.002938 0.999993 -0.002438 -5.808660 0.001268 0.002434 0.999996 359.575000
0.999994 -0.003049 -0.001919 -0.173895 0.003044 0.999991 -0.002808 -5.843810 0.001927 0.002802 0.999994 361.173000
0.999989 -0.004422 -0.001475 -0.185177 0.004415 0.999980 -0.004432 -5.875480 0.001495 0.004425 0.999989 362.773000
0.999983 -0.005698 -0.001499 -0.190632 0.005694 0.999981 -0.002467 -5.909940 0.001513 0.002458 0.999996 364.379000
0.999967 -0.007841 -0.001944 -0.185170 0.007838 0.999968 -0.001293 -5.945000 0.001954 0.001278 0.999997 365.983000
0.999966 -0.008160 -0.001498 -0.198766 0.008156 0.999963 -0.002682 -5.968480 0.001520 0.002670 0.999995 367.572000
0.999975 -0.007033 -0.000903 -0.213994 0.007030 0.999968 -0.003801 -5.988410 0.000929 0.003795 0.999992 369.190000
0.999982 -0.006007 -0.000639 -0.228962 0.006005 0.999979 -0.002315 -6.035630 0.000653 0.002311 0.999997 370.774000
0.999991 -0.004293 -0.000616 -0.230947 0.004292 0.999989 -0.001723 -6.057670 0.000623 0.001720 0.999998 372.382000
0.999987 -0.005123 -0.000222 -0.238090 0.005123 0.999986 -0.001649 -6.096320 0.000230 0.001648 0.999999 373.976000
0.999988 -0.004867 0.000094 -0.255931 0.004867 0.999984 -0.002743 -6.119620 -0.000081 0.002744 0.999996 375.572000
0.999988 -0.004873 0.000150 -0.254376 0.004874 0.999985 -0.002493 -6.159710 -0.000138 0.002494 0.999997 377.176000
0.999987 -0.005051 -0.000010 -0.244048 0.005051 0.999985 -0.002225 -6.194770 0.000022 0.002225 0.999998 378.806000
0.999995 -0.002976 0.000669 -0.272352 0.002978 0.999992 -0.002700 -6.216460 -0.000661 0.002702 0.999996 380.419000
0.999998 -0.001484 0.001038 -0.276634 0.001486 0.999997 -0.002002 -6.246690 -0.001035 0.002004 0.999997 382.026000
0.999999 -0.000581 0.001391 -0.295305 0.000586 0.999995 -0.003003 -6.269360 -0.001389 0.003004 0.999995 383.667000
0.999998 0.000720 0.001605 -0.301112 -0.000714 0.999993 -0.003613 -6.299160 -0.001607 0.003612 0.999992 385.269000
0.999998 0.000873 0.001726 -0.295720 -0.000867 0.999993 -0.003608 -6.330590 -0.001729 0.003607 0.999992 386.889000
0.999997 0.002181 0.001473 -0.296711 -0.002177 0.999994 -0.002731 -6.359070 -0.001479 0.002727 0.999995 388.521000
0.999993 0.003043 0.002121 -0.304393 -0.003038 0.999993 -0.002309 -6.393050 -0.002128 0.002303 0.999995 390.138000
0.999989 0.003871 0.002521 -0.305609 -0.003864 0.999989 -0.002576 -6.423640 -0.002531 0.002566 0.999994 391.771000
0.999989 0.004207 0.002237 -0.298731 -0.004201 0.999988 -0.002550 -6.455060 -0.002247 0.002541 0.999994 393.391000
