1.000000 0.000000 0.000000 0.000000 0.000000 1.000000 0.000000 0.000000 0.000000 0.000000 1.000000 0.000000
0.999998 -0.001622 -0.001435 -0.002483 0.001621 0.999998 -0.000932 -0.007703 0.001437 0.000930 0.999999 0.564241
0.999995 -0.001834 -0.002405 -0.007790 0.001828 0.999995 -0.002587 -0.017565 0.002410 0.002583 0.999994 1.119540
0.999987 -0.002524 -0.004540 -0.009038 0.002508 0.999991 -0.003547 -0.035241 0.004549 0.003535 0.999983 1.684790
0.999970 -0.004362 -0.006375 -0.019981 0.004327 0.999975 -0.005540 -0.041377 0.006399 0.005512 0.999964 2.251990
0.999944 -0.006864 -0.008021 -0.020996 0.006803 0.999949 -0.007526 -0.056273 0.008072 0.007471 0.999940 2.813050
0.999922 -0.008113 -0.009447 -0.028693 0.008037 0.999935 -0.008057 -0.070800 0.009512 0.007980 0.999923 3.382610
0.999909 -0.008056 -0.010816 -0.040072 0.007976 0.999940 -0.007448 -0.082606 0.010875 0.007361 0.999914 3.965910
0.999895 -0.008483 -0.011772 -0.052625 0.008390 0.999934 -0.007906 -0.096857 0.011838 0.007807 0.999899 4.557970
0.999882 -0.008044 -0.013068 -0.060593 0.007906 0.999913 -0.010597 -0.113221 0.013152 0.010493 0.999858 5.150480
0.999879 -0.006304 -0.014190 -0.077477 0.006099 0.999878 -0.014390 -0.128376 0.014279 0.014302 0.999796 5.752530
0.999866 -0.005138 -0.015559 -0.092066 0.004856 0.999824 -0.018126 -0.141075 0.015649 0.018048 0.999715 6.367840
0.999855 -0.003263 -0.016724 -0.109322 0.002961 0.999833 -0.018055 -0.155876 0.016780 0.018003 0.999697 6.997950
0.999838 -0.001016 -0.017964 -0.121760 0.000812 0.999936 -0.011327 -0.164964 0.017974 0.011310 0.999774 7.636620
0.999833 0.000074 -0.018297 -0.142735 -0.000086 1.000000 -0.000653 -0.179474 0.018297 0.000654 0.999832 8.294810
0.999811 0.000672 -0.019438 -0.158111 -0.000554 0.999982 0.006032 -0.190601 0.019442 -0.006020 0.999793 8.981760
0.999779 0.003141 -0.020773 -0.177538 -0.003038 0.999983 0.004988 -0.205246 0.020788 -0.004924 0.999772 9.674740
0.999755 0.005168 -0.021537 -0.197751 -0.005215 0.999984 -0.002137 -0.213547 0.021526 0.002248 0.999766 10.352100
0.999732 0.004833 -0.022630 -0.220193 -0.005016 0.999955 -0.008032 -0.215973 0.022590 0.008144 0.999712 11.064200
0.999716 0.002561 -0.023675 -0.236798 -0.002719 0.999974 -0.006639 -0.216857 0.023657 0.006702 0.999698 11.796900
0.999707 0.001746 -0.024140 -0.257601 -0.001687 0.999996 0.002463 -0.222373 0.024144 -0.002422 0.999706 12.564800
0.999697 0.001538 -0.024569 -0.281255 -0.001288 0.999947 0.010185 -0.232852 0.024583 -0.010151 0.999646 13.343600
0.999687 0.000584 -0.024999 -0.303749 -0.000267 0.999920 0.012653 -0.235111 0.025004 -0.012642 0.999607 14.129400
0.999683 -0.000992 -0.025169 -0.323458 0.001286 0.999931 0.011685 -0.236839 0.025156 -0.011713 0.999615 14.929100
0.999694 -0.001525 -0.024701 -0.348294 0.001752 0.999956 0.009164 -0.235851 0.024686 -0.009204 0.999653 15.762500
0.999700 0.000995 -0.024473 -0.373829 -0.000855 0.999983 0.005739 -0.236304 0.024479 -0.005716 0.999684 16.603800
0.999720 -0.002451 -0.023547 -0.391905 0.002448 0.999997 -0.000115 -0.236964 0.023548 0.000058 0.999723 17.462500
0.999724 -0.005382 -0.022889 -0.408418 0.005240 0.999967 -0.006269 -0.247057 0.022922 0.006147 0.999718 18.332900
0.999753 -0.004167 -0.021820 -0.431209 0.003914 0.999925 -0.011606 -0.261563 0.021867 0.011518 0.999695 19.222300
0.999760 -0.002667 -0.021744 -0.457000 0.002395 0.999919 -0.012540 -0.276215 0.021776 0.012485 0.999685 20.134800
0.999755 -0.002794 -0.021966 -0.486533 0.002535 0.999927 -0.011852 -0.299343 0.021997 0.011794 0.999688 21.080300
0.999752 -0.001050 -0.022257 -0.498391 0.000753 0.999911 -0.013345 -0.324104 0.022269 0.013325 0.999663 22.017300
0.999752 0.001489 -0.022198 -0.525004 -0.001832 0.999879 -0.015421 -0.344731 0.022172 0.015458 0.999635 22.971200
0.999737 0.005095 -0.022371 -0.556871 -0.005461 0.999852 -0.016301 -0.366382 0.022284 0.016419 0.999617 23.935200
0.999731 0.007107 -0.022064 -0.598143 -0.007468 0.999839 -0.016292 -0.393520 0.021945 0.016453 0.999624 24.912800
0.999718 0.007828 -0.022435 -0.617570 -0.008193 0.999835 -0.016189 -0.426838 0.022305 0.016368 0.999617 25.890600
0.999721 0.007788 -0.022322 -0.648034 -0.008149 0.999837 -0.016128 -0.453131 0.022192 0.016306 0.999621 26.886000
0.999701 0.008723 -0.022852 -0.673799 -0.009066 0.999847 -0.014948 -0.481106 0.022718 0.015151 0.999627 27.890200
0.999690 0.009627 -0.022950 -0.705501 -0.009928 0.999866 -0.013020 -0.510224 0.022822 0.013244 0.999652 28.889800
0.999677 0.010254 -0.023258 -0.736247 -0.010531 0.999875 -0.011809 -0.539030 0.023134 0.012050 0.999660 29.910600
0.999669 0.009851 -0.023782 -0.758709 -0.010156 0.999867 -0.012763 -0.569905 0.023654 0.013000 0.999636 30.936000
0.999658 0.011601 -0.023441 -0.796028 -0.011927 0.999833 -0.013825 -0.594362 0.023277 0.014100 0.999630 31.969600
0.999655 0.011077 -0.023830 -0.825888 -0.011381 0.999855 -0.012662 -0.624481 0.023686 0.012928 0.999636 33.008500
0.999644 0.010808 -0.024386 -0.855682 -0.011060 0.999887 -0.010225 -0.646267 0.024273 0.010491 0.999650 34.062200
0.999630 0.010735 -0.024995 -0.885213 -0.010902 0.999919 -0.006585 -0.671918 0.024922 0.006856 0.999666 35.120600
0.999616 0.011037 -0.025424 -0.919792 -0.011150 0.999929 -0.004302 -0.693498 0.025374 0.004583 0.999668 36.182800
0.999596 0.010311 -0.026470 -0.942321 -0.010406 0.999940 -0.003443 -0.719160 0.026433 0.003717 0.999644 37.250100
0.999593 0.010250 -0.026608 -0.984022 -0.010388 0.999933 -0.005076 -0.737850 0.026554 0.005351 0.999633 38.324600
0.999571 0.010931 -0.027172 -1.020780 -0.011091 0.999922 -0.005715 -0.757198 0.027108 0.006014 0.999614 39.417100
0.999560 0.010782 -0.027644 -1.060030 -0.010912 0.999930 -0.004584 -0.774299 0.027593 0.004884 0.999607 40.502200
0.999543 0.010734 -0.028247 -1.109340 -0.010822 0.999937 -0.002963 -0.793401 0.028213 0.003268 0.999597 41.598600
0.999523 0.010451 -0.029064 -1.142750 -0.010455 0.999945 0.000027 -0.822816 0.029062 0.000277 0.999578 42.694600
0.999488 0.011780 -0.029740 -1.163700 -0.011789 0.999930 -0.000130 -0.844965 0.029736 0.000480 0.999558 43.759700
0.999467 0.013019 -0.029925 -1.206510 -0.013143 0.999906 -0.003930 -0.866004 0.029871 0.004322 0.999544 44.833600
0.999449 0.014325 -0.029929 -1.250120 -0.014571 0.999862 -0.008028 -0.888367 0.029810 0.008460 0.999520 45.914700
0.999441 0.014802 -0.029988 -1.295260 -0.015055 0.999853 -0.008234 -0.913043 0.029862 0.008680 0.999516 46.986800
0.999430 0.014785 -0.030346 -1.312180 -0.014955 0.999874 -0.005369 -0.942977 0.030263 0.005820 0.999525 48.113100
0.999425 0.015350 -0.030237 -1.348770 -0.015457 0.999875 -0.003320 -0.966540 0.030182 0.003786 0.999537 49.201900
0.999440 0.013833 -0.030456 -1.388600 -0.013909 0.999901 -0.002266 -0.984331 0.030421 0.002688 0.999534 50.284400
0.999447 0.014350 -0.030011 -1.428040 -0.014453 0.999890 -0.003208 -1.010130 0.029962 0.003640 0.999544 51.379100
0.999473 0.012939 -0.029758 -1.458920 -0.013094 0.999902 -0.005043 -1.029860 0.029689 0.005430 0.999544 52.483800
0.999480 0.012933 -0.029546 -1.491660 -0.013159 0.999885 -0.007474 -1.048860 0.029446 0.007859 0.999535 53.578300
0.999496 0.012255 -0.029277 -1.530410 -0.012538 0.999876 -0.009504 -1.086150 0.029157 0.009866 0.999526 54.672400
0.999528 0.010361 -0.028929 -1.570650 -0.010735 0.999860 -0.012797 -1.118780 0.028793 0.013101 0.999500 55.751200
0.999541 0.008557 -0.029076 -1.598660 -0.008983 0.999854 -0.014565 -1.149060 0.028947 0.014820 0.999471 56.839100
0.999570 0.007132 -0.028435 -1.636150 -0.007480 0.999898 -0.012162 -1.182840 0.028345 0.012369 0.999522 57.920800
0.999587 0.005899 -0.028133 -1.671420 -0.006086 0.999960 -0.006564 -1.206420 0.028093 0.006732 0.999583 59.020300
0.999596 0.004442 -0.028075 -1.699610 -0.004453 0.999990 -0.000351 -1.230830 0.028073 0.000476 0.999606 60.112400
0.999613 0.002684 -0.027695 -1.734510 -0.002681 0.999996 0.000149 -1.250930 0.027695 -0.000075 0.999616 61.203800
0.999612 -0.000566 -0.027847 -1.761040 0.000484 0.999996 -0.002944 -1.266680 0.027849 0.002930 0.999608 62.299100
0.999619 -0.002003 -0.027516 -1.799260 0.001832 0.999979 -0.006237 -1.286660 0.027528 0.006184 0.999602 63.386800
0.999622 0.000565 -0.027475 -1.838620 -0.000838 0.999950 -0.009944 -1.323500 0.027468 0.009963 0.999573 64.470100
0.999616 0.000628 -0.027704 -1.868550 -0.001024 0.999898 -0.014275 -1.349060 0.027693 0.014298 0.999514 65.564100
0.999631 0.003695 -0.026912 -1.912320 -0.004100 0.999879 -0.015011 -1.376370 0.026854 0.015116 0.999525 66.665100
0.999642 0.007234 -0.025765 -1.962350 -0.007526 0.999908 -0.011259 -1.412360 0.025681 0.011448 0.999605 67.766400
0.999637 0.008580 -0.025529 -1.999730 -0.008817 0.999919 -0.009193 -1.438560 0.025448 0.009414 0.999632 68.860400
0.999638 0.007884 -0.025707 -2.029600 -0.008107 0.999930 -0.008567 -1.464730 0.025638 0.008772 0.999633 69.961100
0.999648 0.006425 -0.025733 -2.059700 -0.006625 0.999948 -0.007704 -1.495170 0.025682 0.007872 0.999639 71.062300
0.999652 0.005315 -0.025844 -2.092830 -0.005476 0.999966 -0.006183 -1.523520 0.025810 0.006322 0.999647 72.153200
0.999647 0.003766 -0.026288 -2.124730 -0.003884 0.999983 -0.004444 -1.546630 0.026271 0.004545 0.999645 73.259100
0.999627 0.002439 -0.027187 -2.155560 -0.002509 0.999994 -0.002526 -1.574810 0.027181 0.002593 0.999627 74.350200
0.999621 0.001941 -0.027447 -2.192560 -0.002033 0.999992 -0.003322 -1.604300 0.027440 0.003376 0.999618 75.439300
0.999601 0.001569 -0.028218 -2.222800 -0.001782 0.999970 -0.007522 -1.625900 0.028205 0.007570 0.999573 76.507600
0.999576 0.002702 -0.028983 -2.257360 -0.002981 0.999949 -0.009602 -1.657640 0.028955 0.009685 0.999534 77.597100
0.999554 0.004656 -0.029497 -2.296350 -0.004885 0.999958 -0.007693 -1.684280 0.029460 0.007834 0.999535 78.679600
0.999532 0.005557 -0.030068 -2.337040 -0.005670 0.999977 -0.003685 -1.708050 0.030047 0.003854 0.999541 79.763900
0.999503 0.006788 -0.030783 -2.374820 -0.006786 0.999977 0.000164 -1.728910 0.030784 0.000045 0.999526 80.837600
0.999474 0.008022 -0.031422 -2.416840 -0.007995 0.999968 0.000984 -1.753020 0.031429 -0.000733 0.999506 81.918600
0.999474 0.007396 -0.031576 -2.464480 -0.007425 0.999972 -0.000785 -1.782690 0.031569 0.001019 0.999501 82.972700
0.999465 0.007481 -0.031826 -2.507240 -0.007534 0.999970 -0.001556 -1.801400 0.031814 0.001795 0.999492 84.039500
0.999452 0.007332 -0.032291 -2.549830 -0.007399 0.999971 -0.001965 -1.821040 0.032276 0.002203 0.999477 85.101600
0.999411 0.005501 -0.033864 -2.571760 -0.005562 0.999983 -0.001725 -1.841700 0.033854 0.001913 0.999425 86.130500
0.999397 0.004348 -0.034439 -2.609540 -0.004372 0.999990 -0.000627 -1.858420 0.034435 0.000777 0.999407 87.155400
0.999381 0.004356 -0.034923 -2.649630 -0.004272 0.999988 0.002481 -1.887010 0.034933 -0.002330 0.999387 88.163000
0.999355 0.003610 -0.035728 -2.691180 -0.003493 0.999988 0.003343 -1.907450 0.035739 -0.003216 0.999356 89.140200
0.999276 0.002409 -0.037981 -2.730770 -0.002267 0.999990 0.003792 -1.926110 0.037990 -0.003703 0.999271 90.094200
0.999141 0.001760 -0.041399 -2.775080 -0.001647 0.999995 0.002752 -1.947530 0.041404 -0.002682 0.999139 91.038700
0.998997 0.001365 -0.044748 -2.816620 -0.001284 0.999997 0.001842 -1.964470 0.044751 -0.001783 0.998997 91.963100
0.998859 0.000980 -0.047753 -2.864710 -0.000868 0.999997 0.002359 -1.983310 0.047755 -0.002315 0.998856 92.854400
0.998708 0.002280 -0.050762 -2.916920 -0.002114 0.999992 0.003333 -2.001810 0.050769 -0.003221 0.998705 93.725600
0.998544 0.002979 -0.053857 -2.968780 -0.002739 0.999986 0.004544 -2.023130 0.053870 -0.004390 0.998538 94.564500
0.998355 0.004379 -0.057159 -3.017770 -0.004048 0.999974 0.005904 -2.036450 0.057183 -0.005663 0.998348 95.381400
0.998219 0.005642 -0.059394 -3.080680 -0.005245 0.999963 0.006833 -2.053300 0.059430 -0.006509 0.998211 96.176500
0.998035 0.007678 -0.062186 -3.131240 -0.007245 0.999948 0.007188 -2.066450 0.062238 -0.006723 0.998039 96.941700
0.997848 0.009256 -0.064915 -3.181940 -0.008872 0.999941 0.006204 -2.084330 0.064968 -0.005615 0.997872 97.669800
0.997677 0.010900 -0.067251 -3.246140 -0.010750 0.999939 0.002582 -2.102490 0.067275 -0.001853 0.997733 98.364900
0.997471 0.013386 -0.069807 -3.303350 -0.013489 0.999909 -0.001004 -2.118430 0.069788 0.001943 0.997560 99.028500
0.997298 0.015109 -0.071888 -3.359810 -0.015428 0.999873 -0.003888 -2.130480 0.071821 0.004987 0.997405 99.679100
0.997212 0.017045 -0.072648 -3.414280 -0.017438 0.999837 -0.004776 -2.147760 0.072554 0.006030 0.997346 100.300000
0.997241 0.019448 -0.071636 -3.465130 -0.019787 0.999796 -0.004025 -2.167940 0.071543 0.005432 0.997423 100.884000
0.997385 0.023593 -0.068317 -3.514780 -0.023820 0.999713 -0.002516 -2.183340 0.068238 0.004136 0.997661 101.452000
0.997684 0.026019 -0.062844 -3.554100 -0.026144 0.999657 -0.001179 -2.195830 0.062792 0.002820 0.998023 101.989000
0.998105 0.026890 -0.055351 -3.582380 -0.026869 0.999638 0.001124 -2.213730 0.055362 0.000365 0.998466 102.510000
0.998586 0.026755 -0.045931 -3.599930 -0.026618 0.999639 0.003586 -2.226100 0.046011 -0.002359 0.998938 103.022000
0.999076 0.026270 -0.034023 -3.612110 -0.026126 0.999648 0.004648 -2.235990 0.034133 -0.003755 0.999410 103.502000
0.999462 0.025264 -0.020932 -3.611220 -0.025166 0.999671 0.004920 -2.249170 0.021049 -0.004391 0.999769 103.960000
0.999666 0.025215 -0.005750 -3.605220 -0.025191 0.999674 0.004096 -2.259740 0.005851 -0.003950 0.999975 104.398000
0.999645 0.023628 0.012331 -3.588890 -0.023642 0.999720 0.001017 -2.269420 -0.012303 -0.001308 0.999923 104.823000
0.999171 0.023317 0.033359 -3.555370 -0.023217 0.999725 -0.003387 -2.284310 -0.033429 0.002610 0.999438 105.231000
0.998100 0.021193 0.057855 -3.512310 -0.020749 0.999751 -0.008253 -2.293450 -0.058015 0.007037 0.998291 105.641000
0.996198 0.019079 0.085005 -3.454510 -0.018209 0.999774 -0.011001 -2.303810 -0.085195 0.009411 0.996320 106.041000
0.993272 0.016254 0.114656 -3.376350 -0.014962 0.999815 -0.012121 -2.316000 -0.114832 0.010324 0.993331 106.438000
0.988988 0.013975 0.147333 -3.294030 -0.012035 0.999829 -0.014057 -2.328260 -0.147504 0.012129 0.988987 106.823000
0.983058 0.011146 0.182956 -3.216910 -0.008436 0.999843 -0.015586 -2.341900 -0.183101 0.013778 0.982998 107.134000
0.975119 0.008245 0.221527 -3.099210 -0.004804 0.999859 -0.016068 -2.354180 -0.221629 0.014604 0.975022 107.499000
0.965145 0.005738 0.261653 -2.974240 -0.001389 0.999858 -0.016804 -2.370130 -0.261712 0.015854 0.965016 107.851000
0.952881 0.006764 0.303269 -2.837990 -0.001480 0.999843 -0.017649 -2.387410 -0.303341 0.016368 0.952742 108.184000
0.937558 0.008794 0.347718 -2.704240 -0.002679 0.999833 -0.018064 -2.399920 -0.347819 0.016005 0.937425 108.491000
0.919643 0.009316 0.392646 -2.536240 -0.002893 0.999852 -0.016946 -2.408860 -0.392746 0.014449 0.919534 108.816000
0.899067 0.008329 0.437732 -2.355630 -0.001596 0.999875 -0.015748 -2.420390 -0.437808 0.013460 0.898968 109.130000
0.876111 0.007044 0.482058 -2.162880 0.000661 0.999875 -0.015811 -2.435940 -0.482109 0.014171 0.875997 109.402000
0.850920 0.008336 0.525230 -1.941080 0.001714 0.999825 -0.018646 -2.444550 -0.525293 0.016766 0.850756 109.694000
0.823494 0.010214 0.567233 -1.714210 0.002331 0.999769 -0.021387 -2.467230 -0.567320 0.018935 0.823279 109.958000
0.792406 0.014209 0.609829 -1.476550 0.001770 0.999671 -0.025593 -2.485560 -0.609992 0.021359 0.792120 110.243000
0.758154 0.020600 0.651750 -1.226230 -0.001953 0.999568 -0.029321 -2.498230 -0.652073 0.020957 0.757867 110.500000
0.720582 0.025281 0.692908 -0.954891 -0.003855 0.999466 -0.032457 -2.504510 -0.693359 0.020716 0.720295 110.748000
0.681254 0.025659 0.731597 -0.660141 -0.001853 0.999443 -0.033327 -2.518560 -0.732045 0.021349 0.680922 110.971000
0.640510 0.022801 0.767611 -0.346474 0.002663 0.999487 -0.031911 -2.531290 -0.767945 0.022484 0.640121 111.169000
0.596592 0.021029 0.802269 -0.020443 0.004235 0.999560 -0.029349 -2.536570 -0.802534 0.020907 0.596240 111.364000
0.549621 0.019775 0.835180 0.304405 0.003585 0.999655 -0.026029 -2.562530 -0.835406 0.017300 0.549360 111.542000
0.501387 0.017279 0.865050 0.662132 0.005318 0.999720 -0.023051 -2.572180 -0.865207 0.016158 0.501155 111.707000
0.450415 0.013572 0.892716 1.030990 0.008145 0.999780 -0.019309 -2.582820 -0.892782 0.015968 0.450206 111.854000
0.397767 0.013579 0.917386 1.391850 0.004638 0.999848 -0.016811 -2.607430 -0.917475 0.010942 0.397644 111.989000
0.346899 0.018908 0.937712 1.788520 0.001113 0.999788 -0.020572 -2.609800 -0.937902 0.008180 0.346805 112.102000
0.296147 0.024056 0.954840 2.165560 -0.000538 0.999687 -0.025020 -2.629810 -0.955142 0.006896 0.296067 112.194000
0.249494 0.026227 0.968021 2.572130 0.001108 0.999625 -0.027369 -2.640980 -0.968376 0.007901 0.249371 112.264000
0.208495 0.025942 0.977679 2.993460 0.007942 0.999570 -0.028217 -2.657590 -0.977991 0.013648 0.208199 112.310000
0.173160 0.025824 0.984555 3.425920 0.016437 0.999441 -0.029105 -2.667110 -0.984756 0.021223 0.172639 112.349000
0.142757 0.026940 0.989391 3.883630 0.020834 0.999326 -0.030217 -2.683770 -0.989538 0.024927 0.142100 112.383000
0.114498 0.025130 0.993106 4.362480 0.018850 0.999445 -0.027464 -2.702740 -0.993245 0.021865 0.113961 112.433000
0.088992 0.021755 0.995795 4.876110 0.012917 0.999652 -0.022994 -2.715810 -0.995949 0.014909 0.088680 112.477000
0.065416 0.017756 0.997700 5.338470 0.007204 0.999807 -0.018266 -2.734570 -0.997832 0.008383 0.065275 112.501000
0.042714 0.015184 0.998972 5.862500 0.011358 0.999813 -0.015683 -2.753190 -0.999023 0.012016 0.042534 112.506000
0.022720 0.016097 0.999612 6.400760 0.018860 0.999686 -0.016527 -2.768370 -0.999564 0.019228 0.022409 112.489000
0.005363 0.018476 0.999815 6.953690 0.024302 0.999532 -0.018601 -2.785130 -0.999690 0.024397 0.004911 112.469000
-0.009840 0.023688 0.999671 7.563270 0.023193 0.999456 -0.023454 -2.803700 -0.999683 0.022954 -0.010384 112.484000
-0.019940 0.028630 0.999391 8.164980 0.022026 0.999360 -0.028190 -2.806640 -0.999559 0.021451 -0.020558 112.462000
-0.026658 0.028262 0.999245 8.784710 0.023861 0.999333 -0.027628 -2.824600 -0.999360 0.023106 -0.027314 112.446000
-0.029378 0.025406 0.999245 9.433560 0.030093 0.999246 -0.024521 -2.841090 -0.999115 0.029350 -0.030120 112.423000
-0.028774 0.023545 0.999309 10.085900 0.031543 0.999246 -0.022635 -2.867080 -0.999088 0.030870 -0.029495 112.399000
-0.026389 0.023188 0.999383 10.766100 0.029849 0.999303 -0.022398 -2.892000 -0.999206 0.029240 -0.027063 112.377000
-0.024933 0.023705 0.999408 11.449200 0.026714 0.999378 -0.023038 -2.910000 -0.999332 0.026123 -0.025551 112.365000
-0.023885 0.024890 0.999405 12.162400 0.025770 0.999373 -0.024274 -2.929120 -0.999383 0.025175 -0.024512 112.360000
-0.022761 0.025710 0.999410 12.900400 0.025330 0.999363 -0.025132 -2.953900 -0.999420 0.024743 -0.023397 112.343000
-0.022268 0.025440 0.999428 13.650200 0.024540 0.999389 -0.024892 -2.973910 -0.999451 0.023972 -0.022878 112.337000
-0.021638 0.024096 0.999475 14.408500 0.023804 0.999439 -0.023579 -2.998090 -0.999482 0.023282 -0.022199 112.326000
-0.020999 0.022515 0.999526 15.169800 0.024472 0.999458 -0.022000 -3.032320 -0.999480 0.023998 -0.021538 112.307000
-0.021772 0.020428 0.999554 15.959100 0.024935 0.999491 -0.019883 -3.054630 -0.999452 0.024491 -0.022270 112.297000
-0.023296 0.018658 0.999554 16.739400 0.021610 0.999602 -0.018155 -3.083850 -0.999495 0.021177 -0.023690 112.289000
-0.023784 0.017698 0.999560 17.533400 0.022271 0.999605 -0.017169 -3.102710 -0.999469 0.021853 -0.024169 112.259000
-0.024982 0.015368 0.999570 18.333100 0.024339 0.999595 -0.014760 -3.119980 -0.999392 0.023959 -0.025346 112.239000
-0.026597 0.013721 0.999552 19.146600 0.025853 0.999581 -0.013034 -3.142560 -0.999312 0.025494 -0.026940 112.224000
-0.028166 0.012478 0.999525 19.970100 0.023616 0.999651 -0.011814 -3.174710 -0.999324 0.023272 -0.028451 112.201000
-0.028762 0.017320 0.999436 20.794400 0.020048 0.999659 -0.016747 -3.199440 -0.999385 0.019555 -0.029099 112.180000
-0.029805 0.021894 0.999316 21.629500 0.021413 0.999545 -0.021261 -3.222750 -0.999326 0.020765 -0.030260 112.162000
-0.031008 0.023826 0.999235 22.468800 0.021484 0.999501 -0.023165 -3.245240 -0.999288 0.020749 -0.031504 112.138000
-0.032592 0.021557 0.999236 23.314500 0.017831 0.999621 -0.020984 -3.277510 -0.999310 0.017134 -0.032964 112.123000
-0.033215 0.017021 0.999303 24.162100 0.015190 0.999748 -0.016524 -3.310420 -0.999333 0.014631 -0.033466 112.098000
-0.033702 0.011819 0.999362 25.015600 0.013798 0.999840 -0.011359 -3.335520 -0.999337 0.013407 -0.033860 112.077000
-0.033838 0.006060 0.999409 25.864200 0.010198 0.999932 -0.005718 -3.359280 -0.999375 0.009998 -0.033898 112.055000
-0.033591 0.004378 0.999426 26.719000 0.007561 0.999963 -0.004126 -3.387060 -0.999407 0.007418 -0.033622 112.039000
-0.032687 0.011645 0.999398 27.567600 0.009560 0.999890 -0.011339 -3.410450 -0.999420 0.009183 -0.032795 112.006000
-0.031249 0.022776 0.999252 28.375300 0.012770 0.999668 -0.022386 -3.438210 -0.999430 0.012061 -0.031529 111.972000
-0.030723 0.028145 0.999132 29.211100 0.014739 0.999508 -0.027702 -3.461500 -0.999419 0.013875 -0.031123 111.949000
-0.029714 0.022447 0.999306 30.048400 0.016475 0.999623 -0.021964 -3.495110 -0.999423 0.015811 -0.030072 111.929000
-0.029011 0.014847 0.999469 30.881900 0.019736 0.999703 -0.014278 -3.522390 -0.999384 0.019311 -0.029295 111.904000
-0.028437 0.011887 0.999525 31.715700 0.021356 0.999708 -0.011281 -3.550520 -0.999367 0.021025 -0.028682 111.885000
-0.028311 0.012709 0.999518 32.531700 0.019641 0.999733 -0.012155 -3.571590 -0.999406 0.019287 -0.028553 111.859000
-0.029219 0.013481 0.999482 33.349900 0.016376 0.999781 -0.013006 -3.597750 -0.999439 0.015988 -0.029433 111.843000
-0.031334 0.013791 0.999414 34.168300 0.014786 0.999802 -0.013333 -3.621640 -0.999400 0.014360 -0.031531 111.829000
-0.033666 0.013566 0.999341 34.970400 0.014002 0.999816 -0.013101 -3.649790 -0.999335 0.013552 -0.033850 111.807000
-0.035915 0.013718 0.999261 35.799200 0.012262 0.999837 -0.013286 -3.679920 -0.999280 0.011776 -0.036077 111.784000
-0.038086 0.014098 0.999175 36.605300 0.010513 0.999851 -0.013707 -3.703850 -0.999219 0.009982 -0.038228 111.761000
-0.040454 0.013197 0.999094 37.406100 0.008667 0.999880 -0.012857 -3.727630 -0.999144 0.008139 -0.040564 111.736000
-0.042041 0.012250 0.999041 38.196800 0.009129 0.999888 -0.011877 -3.751330 -0.999074 0.008621 -0.042148 111.701000
-0.043839 0.011854 0.998968 38.995900 0.008237 0.999900 -0.011504 -3.782210 -0.999005 0.007724 -0.043932 111.669000
-0.045603 0.013021 0.998875 39.781100 0.008327 0.999885 -0.012654 -3.803480 -0.998925 0.007740 -0.045706 111.637000
-0.046890 0.013247 0.998812 40.570400 0.008669 0.999880 -0.012854 -3.827940 -0.998862 0.008056 -0.046999 111.609000
-0.047600 0.012072 0.998794 41.341000 0.010624 0.999877 -0.011579 -3.849720 -0.998810 0.010060 -0.047722 111.567000
-0.049701 0.011609 0.998697 42.130600 0.011492 0.999873 -0.011051 -3.872350 -0.998698 0.010928 -0.049828 111.542000
-0.050873 0.010862 0.998646 42.865200 0.009726 0.999899 -0.010381 -3.903290 -0.998658 0.009184 -0.050974 111.502000
-0.052152 0.009868 0.998590 43.620100 0.007959 0.999924 -0.009466 -3.924540 -0.998607 0.007454 -0.052227 111.471000
-0.053262 0.008210 0.998547 44.358400 0.006727 0.999946 -0.007863 -3.950510 -0.998558 0.006298 -0.053314 111.444000
-0.053987 0.008164 0.998508 45.069100 0.007191 0.999944 -0.007787 -3.970450 -0.998516 0.006760 -0.054043 111.408000
-0.054219 0.010875 0.998470 45.776500 0.007231 0.999919 -0.010498 -3.990980 -0.998503 0.006650 -0.054294 111.377000
-0.054137 0.013895 0.998437 46.483000 0.007270 0.999882 -0.013521 -4.010620 -0.998507 0.006526 -0.054231 111.339000
-0.054121 0.015700 0.998411 47.179500 0.005572 0.999866 -0.015421 -4.031590 -0.998519 0.004728 -0.054201 111.307000
-0.054498 0.016448 0.998378 47.874900 0.005529 0.999854 -0.016171 -4.055920 -0.998499 0.004639 -0.054581 111.273000
-0.054158 0.016040 0.998404 48.587500 0.006676 0.999854 -0.015701 -4.080990 -0.998510 0.005815 -0.054257 111.236000
-0.054561 0.015535 0.998390 49.251500 0.007358 0.999858 -0.015155 -4.104140 -0.998483 0.006519 -0.054668 111.200000
-0.055068 0.015857 0.998357 49.932900 0.003710 0.999870 -0.015676 -4.124250 -0.998476 0.002841 -0.055119 111.173000
-0.055242 0.015796 0.998348 50.622900 0.001351 0.999875 -0.015745 -4.150440 -0.998472 0.000479 -0.055256 111.150000
-0.054984 0.014290 0.998385 51.309500 0.002741 0.999896 -0.014161 -4.176960 -0.998483 0.001958 -0.055017 111.115000
-0.055600 0.014191 0.998352 51.968600 0.004456 0.999893 -0.013964 -4.192820 -0.998443 0.003672 -0.055658 111.070000
-0.058920 0.013542 0.998171 52.634400 0.000896 0.999908 -0.013513 -4.215860 -0.998262 0.000098 -0.058927 111.033000
-0.064228 0.012743 0.997854 53.311300 -0.003071 0.999911 -0.012967 -4.242470 -0.997930 -0.003897 -0.064184 111.002000
-0.069953 0.017376 0.997399 53.972800 0.001461 0.999849 -0.017316 -4.256130 -0.997549 0.000246 -0.069968 110.953000
-0.076306 0.020012 0.996884 54.648000 0.003745 0.999797 -0.019784 -4.278340 -0.997077 0.002224 -0.076366 110.890000
-0.083842 0.021515 0.996247 55.319800 0.001854 0.999769 -0.021435 -4.303650 -0.996477 0.000050 -0.083862 110.837000
-0.089967 0.020263 0.995739 55.993800 -0.001781 0.999788 -0.020506 -4.330960 -0.995943 -0.003618 -0.089912 110.781000
-0.095600 0.019865 0.995222 56.672800 -0.001346 0.999797 -0.020086 -4.344910 -0.995419 -0.003260 -0.095554 110.721000
-0.100296 0.020370 0.994749 57.369200 -0.003828 0.999775 -0.020859 -4.370040 -0.994950 -0.005900 -0.100196 110.658000
-0.104455 0.019739 0.994334 58.073400 -0.005856 0.999773 -0.020462 -4.391470 -0.994512 -0.007960 -0.104316 110.594000
-0.106876 0.016092 0.994142 58.767100 -0.005846 0.999842 -0.016813 -4.418260 -0.994255 -0.007608 -0.106765 110.521000
-0.108996 0.012919 0.993958 59.496300 -0.004944 0.999896 -0.013538 -4.443540 -0.994030 -0.006390 -0.108921 110.446000
-0.109915 0.010017 0.993891 60.209000 -0.005064 0.999931 -0.010638 -4.465320 -0.993928 -0.006202 -0.109856 110.366000
-0.111377 0.009575 0.993732 60.937300 -0.006407 0.999926 -0.010353 -4.485120 -0.993758 -0.007520 -0.111307 110.292000
-0.111761 0.013353 0.993645 61.658300 -0.004264 0.999894 -0.013916 -4.504870 -0.993726 -0.005792 -0.111693 110.213000
-0.112505 0.017617 0.993495 62.406500 0.001626 0.999845 -0.017545 -4.523940 -0.993650 -0.000358 -0.112517 110.135000
-0.113128 0.022936 0.993316 63.140800 0.009356 0.999714 -0.022018 -4.546000 -0.993536 0.006803 -0.113311 110.038000
-0.113386 0.023557 0.993272 63.864200 0.009885 0.999696 -0.022581 -4.573910 -0.993502 0.007258 -0.113584 109.947000
-0.113651 0.021177 0.993295 64.614100 0.007746 0.999761 -0.020428 -4.599770 -0.993491 0.005372 -0.113787 109.868000
-0.113500 0.015996 0.993409 65.363000 0.008193 0.999851 -0.015163 -4.627260 -0.993504 0.006418 -0.113614 109.785000
-0.113483 0.014259 0.993438 66.113300 0.009950 0.999863 -0.013215 -4.650150 -0.993490 0.008385 -0.113609 109.699000
-0.114835 0.013987 0.993286 66.858300 0.010547 0.999862 -0.012861 -4.674870 -0.993329 0.008999 -0.114967 109.615000
-0.116443 0.014621 0.993090 67.604300 0.008936 0.999867 -0.013673 -4.699530 -0.993157 0.007282 -0.116559 109.535000
-0.118740 0.015441 0.992805 68.340600 0.007920 0.999862 -0.014603 -4.721250 -0.992894 0.006129 -0.118845 109.454000
-0.121072 0.015782 0.992518 69.080500 0.009561 0.999846 -0.014732 -4.743850 -0.992598 0.007706 -0.121204 109.364000
-0.122928 0.016023 0.992286 69.821500 0.009982 0.999839 -0.014909 -4.764780 -0.992365 0.008072 -0.123068 109.274000
-0.124830 0.015701 0.992054 70.568900 0.009742 0.999846 -0.014598 -4.788300 -0.992130 0.007843 -0.124963 109.179000
-0.126444 0.016060 0.991844 71.317200 0.007725 0.999855 -0.015205 -4.809470 -0.991944 0.005739 -0.126549 109.088000
-0.127577 0.017582 0.991673 72.065500 0.007570 0.999831 -0.016753 -4.834130 -0.991800 0.005369 -0.127689 108.996000
-0.128391 0.017840 0.991563 72.826000 0.006801 0.999831 -0.017108 -4.856260 -0.991700 0.004547 -0.128491 108.903000
-0.129696 0.018091 0.991389 73.594500 0.006182 0.999829 -0.017437 -4.879550 -0.991535 0.003867 -0.129786 108.807000
-0.130833 0.016692 0.991264 74.370400 0.006932 0.999849 -0.015922 -4.897200 -0.991380 0.004789 -0.130929 108.710000
-0.131690 0.014225 0.991189 75.151400 0.004900 0.999894 -0.013699 -4.920340 -0.991279 0.003052 -0.131746 108.612000
-0.133974 0.012301 0.990908 75.942700 0.001219 0.999924 -0.012248 -4.938530 -0.990984 -0.000433 -0.133979 108.521000
-0.135764 0.011832 0.990671 76.721100 0.002809 0.999929 -0.011557 -4.958350 -0.990737 0.001214 -0.135788 108.408000
-0.137308 0.012663 0.990447 77.518000 0.004170 0.999917 -0.012206 -4.977410 -0.990520 0.002455 -0.137349 108.301000
-0.139734 0.014005 0.990090 78.311500 0.003429 0.999901 -0.013660 -4.996840 -0.990183 0.001486 -0.139768 108.192000
-0.141332 0.017078 0.989815 79.107400 0.004448 0.999852 -0.016616 -5.027830 -0.989952 0.002055 -0.141387 108.083000
-0.141627 0.021215 0.989693 79.901600 0.006941 0.999767 -0.020437 -5.050090 -0.989896 0.003975 -0.141741 107.964000
-0.142935 0.024596 0.989426 80.735900 0.007402 0.999690 -0.023782 -5.089490 -0.989704 0.003924 -0.143073 107.851000
-0.142973 0.026002 0.989385 81.563600 0.009728 0.999643 -0.024866 -5.115540 -0.989679 0.006069 -0.143175 107.737000
-0.142211 0.025075 0.989519 82.395200 0.013036 0.999640 -0.023458 -5.149620 -0.989751 0.009563 -0.142486 107.615000
-0.141829 0.023102 0.989622 83.220400 0.013655 0.999678 -0.021380 -5.180870 -0.989797 0.010481 -0.142099 107.490000
-0.141033 0.021711 0.989767 84.068400 0.012766 0.999716 -0.020110 -5.209170 -0.989923 0.009799 -0.141270 107.374000
-0.139679 0.018946 0.990016 84.907500 0.011763 0.999778 -0.017474 -5.239820 -0.990127 0.009205 -0.139871 107.273000
-0.138366 0.015962 0.990253 85.764000 0.012288 0.999821 -0.014399 -5.263650 -0.990305 0.010176 -0.138537 107.164000
-0.136495 0.012292 0.990565 86.613400 0.012635 0.999863 -0.010666 -5.292530 -0.990560 0.011060 -0.136631 107.046000
-0.134790 0.012291 0.990798 87.462200 0.010653 0.999883 -0.010955 -5.316940 -0.990817 0.009078 -0.134905 106.937000
-0.133613 0.016592 0.990895 88.315400 0.011414 0.999819 -0.015202 -5.342920 -0.990968 0.009279 -0.133778 106.828000
-0.131601 0.022668 0.991044 89.164100 0.012301 0.999699 -0.021232 -5.370910 -0.991226 0.009396 -0.131840 106.719000
-0.130126 0.026146 0.991153 90.011800 0.010107 0.999635 -0.025043 -5.397580 -0.991446 0.006759 -0.130343 106.611000
-0.128745 0.023623 0.991396 90.874000 0.008740 0.999704 -0.022686 -5.428090 -0.991639 0.005744 -0.128913 106.506000
-0.127444 0.021063 0.991622 91.729700 0.008798 0.999759 -0.020105 -5.460010 -0.991807 0.006162 -0.127598 106.396000
-0.126827 0.019291 0.991737 92.590300 0.009811 0.999786 -0.018193 -5.491070 -0.991876 0.007422 -0.126989 106.290000
-0.126134 0.019152 0.991828 93.466200 0.009095 0.999794 -0.018149 -5.519610 -0.991972 0.006731 -0.126282 106.186000
-0.125513 0.019282 0.991905 94.325200 0.008692 0.999794 -0.018335 -5.547350 -0.992054 0.006320 -0.125655 106.079000
-0.124988 0.017347 0.992007 95.198100 0.011147 0.999809 -0.016079 -5.579880 -0.992096 0.009049 -0.125157 105.973000
-0.123852 0.016635 0.992161 96.064800 0.013509 0.999795 -0.015077 -5.610190 -0.992209 0.011536 -0.124051 105.864000
-0.123244 0.017856 0.992216 96.918200 0.015656 0.999749 -0.016047 -5.638770 -0.992253 0.013556 -0.123492 105.760000
-0.122345 0.020279 0.992280 97.778400 0.016331 0.999697 -0.018417 -5.665510 -0.992353 0.013951 -0.122639 105.655000
-0.121630 0.021777 0.992337 98.635500 0.013441 0.999704 -0.020292 -5.693290 -0.992485 0.010870 -0.121886 105.556000
-0.121321 0.017212 0.992464 99.504400 0.008109 0.999833 -0.016348 -5.725800 -0.992580 0.006065 -0.121441 105.463000
-0.121706 0.014963 0.992453 100.362000 0.003562 0.999887 -0.014639 -5.760100 -0.992560 0.001754 -0.121745 105.372000
-0.122929 0.015207 0.992299 101.194000 0.000089 0.999883 -0.015312 -5.790780 -0.992415 -0.001794 -0.122916 105.285000
-0.124153 0.020081 0.992060 102.048000 -0.002959 0.999783 -0.020607 -5.817180 -0.992259 -0.005494 -0.124067 105.184000
-0.125018 0.022705 0.991895 102.878000 -0.003726 0.999720 -0.023354 -5.845930 -0.992147 -0.006615 -0.124899 105.086000
-0.125527 0.023148 0.991820 103.719000 -0.003340 0.999712 -0.023755 -5.876690 -0.992085 -0.006294 -0.125413 104.985000
-0.125764 0.022488 0.991805 104.543000 -0.002098 0.999735 -0.022934 -5.913480 -0.992058 -0.004965 -0.125684 104.876000
-0.126207 0.023474 0.991726 105.381000 -0.000636 0.999718 -0.023744 -5.945590 -0.992004 -0.003627 -0.126156 104.774000
-0.126883 0.026792 0.991556 106.193000 0.000802 0.999638 -0.026907 -5.980800 -0.991917 -0.002618 -0.126858 104.676000
-0.127340 0.027714 0.991472 106.998000 0.001323 0.999613 -0.027771 -6.022010 -0.991858 -0.002225 -0.127327 104.577000
-0.128401 0.027945 0.991328 107.803000 -0.000480 0.999601 -0.028241 -6.055870 -0.991722 -0.004102 -0.128337 104.478000
-0.131076 0.026765 0.991011 108.613000 -0.002692 0.999622 -0.027353 -6.094410 -0.991369 -0.006253 -0.130955 104.384000
-0.134167 0.027778 0.990569 109.420000 -0.002313 0.999596 -0.028344 -6.133720 -0.990956 -0.006094 -0.134048 104.282000
-0.137123 0.029910 0.990102 110.186000 -0.002701 0.999529 -0.030568 -6.181350 -0.990550 -0.006866 -0.136977 104.170000
-0.140325 0.031563 0.989602 110.978000 -0.004513 0.999461 -0.032517 -6.212340 -0.990095 -0.009029 -0.140107 104.068000
-0.143972 0.031464 0.989081 111.758000 -0.004017 0.999468 -0.032379 -6.250700 -0.989574 -0.008634 -0.143769 103.963000
-0.146862 0.030447 0.988688 112.537000 -0.002666 0.999510 -0.031177 -6.287610 -0.989153 -0.007214 -0.146709 103.850000
-0.149012 0.031368 0.988338 113.304000 -0.001713 0.999487 -0.031980 -6.326470 -0.988834 -0.006458 -0.148882 103.726000
-0.150938 0.035165 0.987918 114.074000 -0.005854 0.999318 -0.036465 -6.370970 -0.988526 -0.011288 -0.150630 103.620000
-0.152566 0.042024 0.987399 114.829000 -0.007136 0.999023 -0.043621 -6.422520 -0.988268 -0.013701 -0.152117 103.513000
-0.155141 0.045085 0.986863 115.592000 -0.003142 0.998930 -0.046131 -6.461280 -0.987887 -0.010257 -0.154834 103.388000
-0.158276 0.043578 0.986433 116.362000 -0.000629 0.999021 -0.044235 -6.500510 -0.987395 -0.007622 -0.158094 103.270000
-0.162129 0.035394 0.986135 117.132000 -0.002803 0.999336 -0.036329 -6.548810 -0.986766 -0.008654 -0.161922 103.160000
-0.163935 0.033299 0.985909 117.880000 -0.004033 0.999399 -0.034425 -6.594210 -0.986463 -0.009620 -0.163702 103.040000
-0.165406 0.036271 0.985558 118.643000 -0.004245 0.999288 -0.037489 -6.637010 -0.986216 -0.010385 -0.165135 102.908000
-0.168265 0.039518 0.984949 119.395000 -0.006792 0.999126 -0.041248 -6.676850 -0.985718 -0.013631 -0.167850 102.788000
-0.170756 0.042127 0.984412 120.143000 -0.007021 0.999008 -0.043970 -6.720070 -0.985288 -0.014420 -0.170291 102.663000
-0.172842 0.046478 0.983852 120.883000 -0.003474 0.998851 -0.047797 -6.765950 -0.984943 -0.011679 -0.172482 102.533000
-0.175303 0.050815 0.983202 121.631000 -0.003290 0.998631 -0.052199 -6.815690 -0.984509 -0.012385 -0.174895 102.414000
-0.177876 0.052737 0.982639 122.374000 -0.003971 0.998516 -0.054308 -6.869160 -0.984045 -0.013562 -0.177403 102.283000
-0.180484 0.050149 0.982299 123.120000 -0.003189 0.998664 -0.051571 -6.917980 -0.983573 -0.012440 -0.180083 102.153000
-0.184477 0.046862 0.981719 123.860000 0.001161 0.998872 -0.047463 -6.968030 -0.982836 -0.007616 -0.184324 102.013000
-0.190096 0.045348 0.980718 124.593000 0.003451 0.998957 -0.045523 -7.015670 -0.981759 -0.005269 -0.190054 101.868000
-0.197113 0.043635 0.979409 125.331000 0.001432 0.999021 -0.044221 -7.066530 -0.980380 -0.007314 -0.196983 101.743000
-0.204566 0.043857 0.977870 126.041000 0.001028 0.999005 -0.044589 -7.112640 -0.978852 -0.008116 -0.204408 101.576000
-0.215744 0.044219 0.975448 126.768000 -0.000053 0.998974 -0.045297 -7.158050 -0.976450 -0.009825 -0.215520 101.427000
-0.226991 0.045539 0.972832 127.481000 0.000758 0.998914 -0.046583 -7.195970 -0.973897 -0.009836 -0.226779 101.251000
-0.240623 0.045893 0.969533 128.187000 0.000704 0.998890 -0.047108 -7.246250 -0.970618 -0.010653 -0.240388 101.086000
-0.251320 0.045594 0.966830 128.884000 0.003790 0.998929 -0.046122 -7.294870 -0.967897 -0.007927 -0.251224 100.892000
-0.262672 0.045380 0.963817 129.584000 0.006559 0.998954 -0.045247 -7.340970 -0.964863 -0.005564 -0.262695 100.697000
-0.273054 0.045556 0.960920 130.290000 0.010647 0.998960 -0.044334 -7.384700 -0.961940 -0.001874 -0.273255 100.500000
-0.282154 0.045947 0.958268 130.992000 0.016328 0.998938 -0.043089 -7.429380 -0.959230 0.003489 -0.282604 100.291000
-0.288555 0.046594 0.956329 131.668000 0.022067 0.998874 -0.042009 -7.466040 -0.957209 0.008982 -0.289258 100.058000
-0.295013 0.046733 0.954350 132.356000 0.022491 0.998866 -0.041961 -7.509280 -0.955229 0.009085 -0.295729 99.846100
-0.299705 0.045160 0.952962 133.052000 0.025761 0.998898 -0.039236 -7.543230 -0.953684 0.012790 -0.300538 99.630000
-0.302145 0.042358 0.952320 133.719000 0.031704 0.998906 -0.034372 -7.585020 -0.952735 0.019807 -0.303157 99.410000
-0.302398 0.040921 0.952303 134.399000 0.038176 0.998796 -0.030796 -7.623060 -0.952417 0.027042 -0.303596 99.168500
-0.302778 0.039696 0.952234 135.067000 0.040503 0.998765 -0.028757 -7.657020 -0.952200 0.029862 -0.304012 98.945200
-0.302888 0.045163 0.951956 135.726000 0.042627 0.998519 -0.033809 -7.691810 -0.952073 0.030339 -0.304364 98.738200
-0.301348 0.048565 0.952277 136.387000 0.042365 0.998398 -0.037511 -7.723600 -0.952572 0.029040 -0.302923 98.530100
-0.301079 0.048333 0.952373 137.051000 0.044451 0.998340 -0.036614 -7.762550 -0.952563 0.031310 -0.302728 98.328100
-0.299283 0.046670 0.953022 137.698000 0.045697 0.998358 -0.034540 -7.796400 -0.953070 0.033213 -0.300924 98.121200
-0.297251 0.043808 0.953794 138.350000 0.047600 0.998385 -0.031021 -7.837480 -0.953612 0.036180 -0.298856 97.916000
-0.295734 0.044536 0.954232 138.990000 0.047786 0.998352 -0.031785 -7.872440 -0.954074 0.036199 -0.297375 97.717700
-0.293709 0.046579 0.954759 139.631000 0.049419 0.998216 -0.033496 -7.908890 -0.954617 0.037345 -0.295487 97.525300
-0.288650 0.048246 0.956218 140.268000 0.051044 0.998085 -0.034950 -7.941060 -0.956073 0.038721 -0.290560 97.324700
-0.283689 0.047208 0.957754 140.892000 0.052290 0.998063 -0.033706 -7.976490 -0.957490 0.040519 -0.285608 97.145500
-0.278668 0.045431 0.959312 141.516000 0.053172 0.998078 -0.031821 -8.011390 -0.958915 0.042142 -0.280548 96.968500
-0.273871 0.043481 0.960783 142.136000 0.053235 0.998131 -0.029997 -8.043990 -0.960292 0.042932 -0.275674 96.792400
-0.269496 0.043110 0.962036 142.753000 0.052992 0.998148 -0.029883 -8.072540 -0.961542 0.042927 -0.271281 96.617500
-0.265444 0.041573 0.963229 143.376000 0.054294 0.998129 -0.028118 -8.102720 -0.962596 0.044834 -0.267205 96.445400
-0.261701 0.040031 0.964318 143.987000 0.057414 0.998016 -0.025849 -8.131700 -0.963440 0.048600 -0.263480 96.277300
-0.258010 0.038464 0.965376 144.590000 0.059325 0.997952 -0.023906 -8.158960 -0.964319 0.051103 -0.259764 96.114400
-0.254435 0.036934 0.966384 145.186000 0.057887 0.998060 -0.022904 -8.188640 -0.965356 0.050114 -0.256079 95.961600
-0.250879 0.037756 0.967282 145.777000 0.054968 0.998182 -0.024705 -8.217200 -0.966457 0.046971 -0.252499 95.814500
-0.245972 0.040850 0.968416 146.355000 0.055952 0.998044 -0.027889 -8.250080 -0.967661 0.047325 -0.247776 95.664300
-0.240595 0.044516 0.969604 146.950000 0.057949 0.997825 -0.031432 -8.273100 -0.968894 0.048625 -0.242652 95.525000
-0.234350 0.045106 0.971105 147.527000 0.056984 0.997843 -0.032596 -8.302430 -0.970481 0.047699 -0.236415 95.399500
-0.226270 0.043314 0.973101 148.104000 0.053458 0.998057 -0.031994 -8.333360 -0.972597 0.044781 -0.228146 95.279700
-0.215366 0.041696 0.975643 148.681000 0.052960 0.998116 -0.030966 -8.360810 -0.975096 0.045001 -0.217168 95.160000
-0.203064 0.040444 0.978330 149.258000 0.053485 0.998113 -0.030160 -8.387470 -0.977704 0.046202 -0.204844 95.045700
-0.189549 0.038868 0.981102 149.833000 0.053472 0.998142 -0.029212 -8.423210 -0.980414 0.046924 -0.191275 94.942300
