1.000000 0.000000 0.000000 0.000000 0.000000 1.000000 0.000000 0.000000 0.000000 0.000000 1.000000 0.000000
0.999997 0.001059 0.002087 -0.009943 -0.001056 0.999999 -0.001096 -0.016460 -0.002088 0.001094 0.999997 1.205470
0.999994 0.001057 0.003197 -0.008373 -0.001056 0.999999 -0.000455 -0.040212 -0.003198 0.000451 0.999995 2.407550
0.999990 0.000610 0.004439 -0.009408 -0.000609 1.000000 -0.000214 -0.057838 -0.004440 0.000212 0.999990 3.606210
0.999986 0.000433 0.005352 -0.007803 -0.000431 1.000000 -0.000342 -0.077492 -0.005352 0.000339 0.999986 4.800190
0.999982 0.000001 0.005955 -0.001286 -0.000001 1.000000 0.000043 -0.102201 -0.005955 -0.000043 0.999982 5.997230
0.999978 0.000280 0.006649 0.003643 -0.000274 1.000000 -0.000901 -0.123549 -0.006649 0.000899 0.999977 7.196510
0.999972 0.000168 0.007524 0.005746 -0.000161 0.999999 -0.001054 -0.147741 -0.007524 0.001052 0.999971 8.378540
0.999971 0.000050 0.007638 0.010806 -0.000054 1.000000 0.000400 -0.169404 -0.007638 -0.000401 0.999971 9.576320
0.999980 -0.000467 0.006298 0.011984 0.000457 0.999999 0.001591 -0.193320 -0.006299 -0.001588 0.999979 10.771400
0.999990 -0.002284 0.003855 0.012174 0.002280 0.999997 0.001021 -0.213819 -0.003858 -0.001013 0.999992 11.969100
0.999996 -0.002039 0.002019 0.005242 0.002038 0.999998 0.000498 -0.230787 -0.002020 -0.000494 0.999998 13.164300
0.999998 -0.001910 0.000715 0.001174 0.001910 0.999998 0.000376 -0.252900 -0.000716 -0.000374 1.000000 14.361600
1.000000 -0.000624 -0.000435 0.001862 0.000624 1.000000 0.000323 -0.274978 0.000435 -0.000323 1.000000 15.555400
0.999999 -0.000808 -0.000987 -0.005072 0.000808 1.000000 0.000410 -0.294700 0.000987 -0.000411 0.999999 16.757900
0.999997 -0.001729 -0.001784 -0.009240 0.001730 0.999998 0.000706 -0.312441 0.001783 -0.000709 0.999998 17.944600
0.999997 -0.001583 -0.002038 -0.016175 0.001586 0.999998 0.001202 -0.336157 0.002036 -0.001205 0.999997 19.131300
0.999994 -0.001424 -0.003095 -0.022874 0.001425 0.999999 0.000357 -0.357974 0.003095 -0.000361 0.999995 20.326800
0.999993 -0.002120 -0.003053 -0.043721 0.002118 0.999998 -0.000554 -0.380434 0.003054 0.000547 0.999995 21.539000
0.999992 -0.000814 -0.003906 -0.052368 0.000814 1.000000 -0.000006 -0.399811 0.003906 0.000003 0.999992 22.735100
0.999990 -0.001256 -0.004217 -0.073642 0.001254 0.999999 -0.000381 -0.421073 0.004217 0.000375 0.999991 23.925200
0.999986 -0.001203 -0.005213 -0.085163 0.001199 0.999999 -0.000858 -0.443999 0.005214 0.000852 0.999986 25.118600
0.999980 -0.001046 -0.006278 -0.094034 0.001046 0.999999 0.000083 -0.471298 0.006278 -0.000090 0.999980 26.309200
0.999971 -0.002717 -0.007045 -0.107561 0.002730 0.999995 0.001825 -0.491254 0.007040 -0.001844 0.999974 27.515200
0.999965 -0.002475 -0.007961 -0.119877 0.002488 0.999996 0.001651 -0.508958 0.007957 -0.001671 0.999967 28.704800
0.999955 -0.003284 -0.008923 -0.134636 0.003292 0.999994 0.000943 -0.530140 0.008920 -0.000973 0.999960 29.904700
0.999949 -0.003397 -0.009558 -0.148474 0.003397 0.999994 0.000032 -0.549922 0.009558 -0.000065 0.999954 31.095900
0.999942 -0.002819 -0.010349 -0.167963 0.002821 0.999996 0.000178 -0.569732 0.010349 -0.000208 0.999946 32.291700
0.999934 -0.003049 -0.011053 -0.182344 0.003057 0.999995 0.000656 -0.590476 0.011051 -0.000690 0.999939 33.493000
0.999924 -0.003629 -0.011812 -0.197974 0.003638 0.999993 0.000689 -0.610467 0.011809 -0.000732 0.999930 34.682900
0.999916 -0.004205 -0.012249 -0.218742 0.004215 0.999991 0.000816 -0.631091 0.012246 -0.000868 0.999925 35.895900
0.999913 -0.004162 -0.012520 -0.242240 0.004170 0.999991 0.000611 -0.648763 0.012517 -0.000663 0.999921 37.101500
0.999907 -0.005253 -0.012600 -0.260976 0.005272 0.999985 0.001453 -0.676047 0.012592 -0.001519 0.999920 38.287800
0.999904 -0.005029 -0.012924 -0.271897 0.005063 0.999984 0.002634 -0.690836 0.012910 -0.002699 0.999913 39.488700
0.999914 -0.004170 -0.012398 -0.300288 0.004209 0.999986 0.003138 -0.706587 0.012385 -0.003190 0.999918 40.700400
0.999910 -0.003700 -0.012868 -0.307789 0.003736 0.999989 0.002765 -0.723068 0.012858 -0.002813 0.999913 41.887200
0.999911 -0.002841 -0.013027 -0.323357 0.002875 0.999993 0.002576 -0.738092 0.013019 -0.002613 0.999912 43.077200
0.999922 -0.000720 -0.012439 -0.347139 0.000773 0.999990 0.004322 -0.753002 0.012435 -0.004331 0.999913 44.289300
0.999940 -0.000287 -0.010923 -0.357757 0.000375 0.999968 0.008034 -0.780294 0.010921 -0.008038 0.999908 45.493200
0.999959 0.000066 -0.009060 -0.380875 0.000030 0.999944 0.010618 -0.788240 0.009060 -0.010618 0.999903 46.689900
0.999968 0.000873 -0.007975 -0.384076 -0.000760 0.999899 0.014226 -0.795189 0.007986 -0.014219 0.999867 47.893000
0.999982 0.000047 -0.006067 -0.407999 0.000047 0.999880 0.015481 -0.802079 0.006067 -0.015481 0.999862 49.114900
0.999988 -0.002004 -0.004463 -0.418167 0.002066 0.999901 0.013950 -0.804479 0.004434 -0.013959 0.999893 50.329200
0.999994 -0.000872 -0.003437 -0.425332 0.000914 0.999925 0.012245 -0.810434 0.003426 -0.012248 0.999919 51.529800
0.999995 -0.001028 -0.003110 -0.425198 0.001064 0.999931 0.011734 -0.813098 0.003098 -0.011737 0.999926 52.728700
0.999995 -0.001327 -0.002909 -0.436580 0.001359 0.999937 0.011100 -0.816736 0.002894 -0.011103 0.999934 53.931500
0.999992 -0.001902 -0.003595 -0.446819 0.001938 0.999948 0.010026 -0.823018 0.003576 -0.010033 0.999943 55.153200
0.999985 -0.001530 -0.005190 -0.460861 0.001585 0.999941 0.010715 -0.829328 0.005174 -0.010723 0.999929 56.366400
0.999977 -0.001724 -0.006580 -0.470132 0.001801 0.999931 0.011644 -0.836606 0.006560 -0.011655 0.999911 57.559200
0.999966 -0.002370 -0.007944 -0.479961 0.002467 0.999923 0.012174 -0.846401 0.007914 -0.012193 0.999894 58.768900
0.999961 -0.000847 -0.008844 -0.493006 0.000954 0.999927 0.012032 -0.855748 0.008833 -0.012039 0.999889 59.964800
0.999955 -0.000455 -0.009480 -0.509542 0.000565 0.999932 0.011669 -0.859058 0.009474 -0.011674 0.999887 61.168400
0.999951 -0.001620 -0.009754 -0.522789 0.001731 0.999934 0.011375 -0.871354 0.009735 -0.011391 0.999888 62.369300
0.999948 -0.002521 -0.009930 -0.540562 0.002626 0.999941 0.010569 -0.880740 0.009903 -0.010595 0.999895 63.578500
0.999943 -0.003113 -0.010217 -0.554727 0.003235 0.999923 0.012020 -0.895059 0.010179 -0.012052 0.999876 64.774100
0.999942 -0.003030 -0.010308 -0.574063 0.003166 0.999908 0.013219 -0.897353 0.010267 -0.013251 0.999859 65.973300
0.999936 -0.002681 -0.010961 -0.588761 0.002811 0.999926 0.011824 -0.909364 0.010928 -0.011854 0.999870 67.170200
0.999941 -0.000988 -0.010804 -0.611951 0.001103 0.999943 0.010627 -0.915730 0.010793 -0.010639 0.999885 68.369200
0.999939 0.000882 -0.011051 -0.627522 -0.000758 0.999937 0.011170 -0.927829 0.011060 -0.011161 0.999877 69.553200
0.999936 0.003185 -0.010825 -0.649163 -0.003063 0.999932 0.011256 -0.932352 0.010861 -0.011222 0.999878 70.745200
0.999936 0.004091 -0.010562 -0.671558 -0.003969 0.999925 0.011594 -0.939997 0.010609 -0.011551 0.999877 71.941000
0.999940 0.004691 -0.009865 -0.688442 -0.004565 0.999908 0.012770 -0.949591 0.009924 -0.012724 0.999870 73.127100
0.999948 0.006923 -0.007551 -0.712586 -0.006823 0.999890 0.013155 -0.950617 0.007641 -0.013103 0.999885 74.308900
0.999970 0.005501 -0.005392 -0.719082 -0.005441 0.999923 0.011125 -0.959856 0.005452 -0.011095 0.999924 75.490900
0.999992 0.002391 -0.003118 -0.715792 -0.002371 0.999977 0.006390 -0.977120 0.003133 -0.006383 0.999975 76.667900
0.999994 0.003260 -0.000663 -0.722318 -0.003256 0.999977 0.005942 -0.986073 0.000682 -0.005940 0.999982 77.853600
0.999995 0.002411 0.002052 -0.721052 -0.002431 0.999950 0.009675 -1.000140 -0.002028 -0.009680 0.999951 79.014600
0.999980 0.002869 0.005649 -0.723502 -0.002931 0.999937 0.010855 -1.010140 -0.005617 -0.010871 0.999925 80.180800
0.999948 0.002746 0.009810 -0.720342 -0.002836 0.999954 0.009165 -1.019950 -0.009784 -0.009192 0.999910 81.351100
0.999912 0.001519 0.013192 -0.707972 -0.001603 0.999979 0.006296 -1.033440 -0.013182 -0.006317 0.999893 82.512900
0.999863 0.000621 0.016534 -0.694620 -0.000670 0.999996 0.002918 -1.053730 -0.016532 -0.002928 0.999859 83.684300
0.999807 -0.000744 0.019610 -0.670563 0.000698 0.999997 0.002394 -1.072100 -0.019611 -0.002380 0.999805 84.844600
0.999726 -0.000241 0.023398 -0.647005 0.000154 0.999993 0.003751 -1.089360 -0.023399 -0.003747 0.999719 86.002400
0.999620 0.001107 0.027526 -0.630580 -0.001227 0.999990 0.004335 -1.109900 -0.027521 -0.004367 0.999612 87.166900
0.999519 0.000652 0.031006 -0.590487 -0.000720 0.999997 0.002169 -1.127690 -0.031004 -0.002190 0.999517 88.312900
0.999421 0.000275 0.034032 -0.551777 -0.000270 1.000000 -0.000169 -1.145080 -0.034032 0.000160 0.999421 89.458400
0.999303 0.000410 0.037335 -0.511899 -0.000397 1.000000 -0.000370 -1.165990 -0.037335 0.000355 0.999303 90.621300
0.999192 -0.000741 0.040173 -0.468543 0.000708 0.999999 0.000853 -1.185720 -0.040174 -0.000824 0.999192 91.771600
0.999073 -0.000979 0.043047 -0.427062 0.000873 0.999997 0.002497 -1.203230 -0.043049 -0.002457 0.999070 92.931800
0.998953 -0.002140 0.045708 -0.377170 0.001949 0.999989 0.004213 -1.220750 -0.045717 -0.004120 0.998946 94.092900
0.998834 -0.003649 0.048134 -0.323904 0.003404 0.999981 0.005185 -1.233710 -0.048152 -0.005015 0.998827 95.249300
0.998723 -0.004501 0.050320 -0.269612 0.004369 0.999987 0.002737 -1.247340 -0.050332 -0.002513 0.998729 96.405600
0.998604 -0.006176 0.052467 -0.207733 0.006225 0.999980 -0.000762 -1.266180 -0.052461 0.001087 0.998622 97.564600
0.998496 -0.005095 0.054583 -0.153313 0.005293 0.999980 -0.003481 -1.284470 -0.054564 0.003765 0.998503 98.727000
0.998405 -0.005286 0.056212 -0.087154 0.005541 0.999975 -0.004378 -1.305660 -0.056187 0.004683 0.998409 99.900900
0.998394 -0.005185 0.056407 -0.020954 0.005410 0.999978 -0.003838 -1.325500 -0.056386 0.004137 0.998400 101.079000
0.998433 -0.005223 0.055720 0.036761 0.005331 0.999984 -0.001804 -1.353890 -0.055710 0.002098 0.998445 102.256000
0.998505 -0.005348 0.054391 0.095522 0.005376 0.999985 -0.000358 -1.371610 -0.054389 0.000650 0.998520 103.459000
0.998616 -0.005333 0.052319 0.152641 0.005311 0.999986 0.000569 -1.392330 -0.052321 -0.000290 0.998630 104.639000
0.998754 -0.005149 0.049647 0.209364 0.005120 0.999987 0.000698 -1.405060 -0.049650 -0.000443 0.998767 105.843000
0.998888 -0.004567 0.046919 0.257612 0.004529 0.999989 0.000911 -1.426270 -0.046923 -0.000697 0.998898 107.045000
0.999066 -0.002697 0.043131 0.299060 0.002688 0.999996 0.000259 -1.437070 -0.043131 -0.000143 0.999069 108.249000
0.999227 -0.003057 0.039190 0.340433 0.003027 0.999995 0.000824 -1.460020 -0.039192 -0.000705 0.999231 109.444000
0.999386 -0.002573 0.034953 0.383503 0.002505 0.999995 0.002003 -1.477680 -0.034958 -0.001914 0.999387 110.668000
0.999529 -0.002080 0.030631 0.418334 0.001997 0.999994 0.002717 -1.496230 -0.030636 -0.002655 0.999527 111.876000
0.999657 -0.002145 0.026114 0.446138 0.002061 0.999993 0.003220 -1.511050 -0.026120 -0.003165 0.999654 113.094000
0.999776 -0.001694 0.021080 0.469031 0.001622 0.999993 0.003414 -1.527260 -0.021085 -0.003379 0.999772 114.312000
0.999867 -0.000893 0.016256 0.480478 0.000835 0.999993 0.003572 -1.549730 -0.016259 -0.003558 0.999861 115.547000
0.999934 -0.000632 0.011436 0.485656 0.000594 0.999994 0.003299 -1.562780 -0.011438 -0.003292 0.999929 116.766000
0.999978 0.000609 0.006635 0.486250 -0.000625 0.999997 0.002473 -1.579530 -0.006634 -0.002477 0.999975 117.994000
0.999992 0.002513 0.003152 0.484665 -0.002520 0.999994 0.002410 -1.595230 -0.003146 -0.002418 0.999992 119.233000
0.999991 0.004221 0.000959 0.476449 -0.004224 0.999988 0.002668 -1.614470 -0.000947 -0.002672 0.999996 120.458000
0.999983 0.005798 0.000168 0.466059 -0.005799 0.999981 0.001975 -1.625840 -0.000156 -0.001976 0.999998 121.716000
0.999969 0.007846 -0.000977 0.458429 -0.007844 0.999967 0.002337 -1.642980 0.000996 -0.002329 0.999997 122.959000
0.999956 0.009150 -0.001852 0.442708 -0.009144 0.999953 0.003094 -1.657770 0.001880 -0.003077 0.999993 124.198000
0.999959 0.008802 -0.002328 0.429374 -0.008794 0.999956 0.003403 -1.671080 0.002358 -0.003383 0.999991 125.444000
0.999912 0.012885 -0.003257 0.415778 -0.012866 0.999901 0.005665 -1.692670 0.003330 -0.005622 0.999979 126.692000
0.999895 0.013895 -0.004008 0.402821 -0.013858 0.999863 0.009004 -1.704590 0.004133 -0.008947 0.999951 127.944000
0.999909 0.012519 -0.005003 0.398895 -0.012476 0.999886 0.008519 -1.717160 0.005109 -0.008456 0.999951 129.200000
0.999915 0.012001 -0.005157 0.384429 -0.011966 0.999906 0.006715 -1.720570 0.005238 -0.006653 0.999964 130.442000
0.999938 0.009662 -0.005555 0.372639 -0.009617 0.999921 0.008097 -1.731840 0.005632 -0.008043 0.999952 131.697000
0.999953 0.007051 -0.006601 0.360460 -0.006986 0.999927 0.009861 -1.741370 0.006670 -0.009814 0.999930 132.966000
0.999967 0.003962 -0.007023 0.345843 -0.003881 0.999926 0.011551 -1.750550 0.007068 -0.011524 0.999909 134.237000
0.999969 0.001902 -0.007610 0.335939 -0.001805 0.999917 0.012759 -1.758260 0.007633 -0.012745 0.999890 135.502000
0.999970 -0.002581 -0.007367 0.325787 0.002661 0.999938 0.010853 -1.763910 0.007338 -0.010873 0.999914 136.778000
0.999961 -0.004977 -0.007332 0.313960 0.005047 0.999942 0.009545 -1.766610 0.007284 -0.009581 0.999928 138.048000
0.999955 -0.006128 -0.007247 0.305615 0.006197 0.999935 0.009576 -1.778170 0.007187 -0.009621 0.999928 139.320000
0.999957 -0.006218 -0.006830 0.290705 0.006284 0.999933 0.009671 -1.783960 0.006770 -0.009713 0.999930 140.596000
0.999963 -0.005849 -0.006292 0.281316 0.005923 0.999912 0.011845 -1.792190 0.006222 -0.011881 0.999910 141.872000
0.999980 -0.003489 -0.005356 0.260940 0.003560 0.999905 0.013316 -1.797280 0.005309 -0.013335 0.999897 143.152000
0.999980 -0.004013 -0.004907 0.253362 0.004070 0.999923 0.011681 -1.807080 0.004859 -0.011700 0.999920 144.447000
0.999984 -0.003299 -0.004642 0.240130 0.003344 0.999946 0.009808 -1.813500 0.004609 -0.009824 0.999941 145.720000
0.999987 -0.003331 -0.003825 0.223727 0.003360 0.999966 0.007509 -1.828010 0.003800 -0.007522 0.999964 147.007000
0.999984 -0.004508 -0.003490 0.216902 0.004520 0.999984 0.003303 -1.841580 0.003475 -0.003318 0.999988 148.296000
0.999985 -0.004572 -0.003021 0.205270 0.004570 0.999989 -0.000421 -1.858140 0.003022 0.000408 0.999995 149.573000
0.999985 -0.004682 -0.002689 0.196771 0.004679 0.999988 -0.001134 -1.881180 0.002695 0.001122 0.999996 150.845000
0.999985 -0.004762 -0.002525 0.183859 0.004760 0.999988 -0.000995 -1.903480 0.002529 0.000983 0.999996 152.113000
0.999986 -0.004356 -0.003149 0.184891 0.004356 0.999991 -0.000089 -1.931620 0.003149 0.000075 0.999995 153.367000
0.999985 -0.004280 -0.003269 0.177028 0.004283 0.999990 0.000963 -1.953740 0.003264 -0.000977 0.999994 154.628000
0.999989 -0.003251 -0.003388 0.158122 0.003255 0.999994 0.001259 -1.971750 0.003384 -0.001270 0.999993 155.894000
0.999988 -0.002872 -0.004090 0.147392 0.002878 0.999995 0.001403 -1.996230 0.004086 -0.001415 0.999991 157.159000
0.999984 -0.002779 -0.004953 0.141314 0.002786 0.999995 0.001419 -2.018680 0.004949 -0.001433 0.999987 158.433000
0.999978 -0.003368 -0.005653 0.128766 0.003383 0.999991 0.002565 -2.038370 0.005645 -0.002585 0.999981 159.698000
0.999980 -0.002039 -0.006037 0.113532 0.002057 0.999993 0.002966 -2.058530 0.006031 -0.002978 0.999977 160.976000
0.999975 -0.002054 -0.006768 0.101124 0.002066 0.999996 0.001724 -2.074750 0.006765 -0.001738 0.999976 162.245000
0.999972 -0.001371 -0.007370 0.086646 0.001377 0.999999 0.000827 -2.098130 0.007369 -0.000837 0.999973 163.496000
0.999967 -0.000391 -0.008086 0.071559 0.000397 1.000000 0.000785 -2.115730 0.008086 -0.000789 0.999967 164.760000
0.999962 -0.000883 -0.008712 0.050205 0.000881 1.000000 -0.000220 -2.137370 0.008712 0.000212 0.999962 166.031000
0.999950 -0.000571 -0.009978 0.037137 0.000555 0.999999 -0.001586 -2.155670 0.009979 0.001580 0.999949 167.295000
0.999948 -0.000531 -0.010233 0.015947 0.000521 0.999999 -0.001012 -2.181960 0.010233 0.001007 0.999947 168.570000
0.999934 -0.000194 -0.011459 0.000825 0.000199 1.000000 0.000435 -2.205100 0.011459 -0.000438 0.999934 169.845000
0.999930 -0.000323 -0.011816 -0.019377 0.000334 1.000000 0.000851 -2.229920 0.011816 -0.000855 0.999930 171.110000
0.999920 0.000335 -0.012665 -0.041594 -0.000321 0.999999 0.001103 -2.248290 0.012665 -0.001099 0.999919 172.379000
0.999910 0.000598 -0.013382 -0.065378 -0.000576 0.999999 0.001621 -2.271840 0.013383 -0.001613 0.999909 173.666000
0.999906 0.000788 -0.013711 -0.090974 -0.000777 0.999999 0.000844 -2.296420 0.013711 -0.000834 0.999906 174.904000
0.999903 0.001669 -0.013845 -0.123984 -0.001668 0.999999 0.000071 -2.313700 0.013845 -0.000048 0.999904 176.174000
0.999894 0.001798 -0.014422 -0.153377 -0.001794 0.999998 0.000330 -2.328630 0.014423 -0.000304 0.999896 177.439000
0.999895 0.001483 -0.014444 -0.183299 -0.001493 0.999999 -0.000634 -2.359030 0.014443 0.000656 0.999895 178.684000
0.999895 0.000424 -0.014457 -0.208633 -0.000457 0.999997 -0.002303 -2.378740 0.014456 0.002309 0.999893 179.951000
0.999884 -0.003029 -0.014912 -0.225240 0.002996 0.999993 -0.002199 -2.402740 0.014918 0.002154 0.999886 181.217000
0.999873 -0.002846 -0.015707 -0.244600 0.002862 0.999995 0.000981 -2.420060 0.015704 -0.001026 0.999876 182.490000
0.999877 -0.003504 -0.015267 -0.275585 0.003596 0.999976 0.006001 -2.446100 0.015245 -0.006056 0.999865 183.745000
0.999878 -0.002198 -0.015450 -0.298399 0.002279 0.999984 0.005223 -2.459670 0.015438 -0.005257 0.999867 185.001000
0.999885 -0.000965 -0.015163 -0.325129 0.000996 0.999997 0.002044 -2.474040 0.015161 -0.002059 0.999883 186.238000
0.999883 -0.000404 -0.015318 -0.350600 0.000406 1.000000 0.000127 -2.492600 0.015318 -0.000133 0.999883 187.483000
0.999876 -0.000754 -0.015745 -0.377712 0.000764 1.000000 0.000575 -2.516930 0.015745 -0.000586 0.999876 188.730000
0.999880 -0.000676 -0.015486 -0.405123 0.000698 0.999999 0.001381 -2.534330 0.015485 -0.001392 0.999879 189.973000
0.999883 -0.000806 -0.015279 -0.432027 0.000865 0.999992 0.003887 -2.559860 0.015276 -0.003900 0.999876 191.237000
0.999890 -0.001855 -0.014746 -0.455093 0.001927 0.999986 0.004884 -2.582440 0.014737 -0.004912 0.999879 192.485000
0.999911 -0.001412 -0.013270 -0.476858 0.001468 0.999990 0.004180 -2.597870 0.013264 -0.004199 0.999903 193.724000
0.999927 -0.002851 -0.011724 -0.500412 0.002885 0.999992 0.002938 -2.619330 0.011715 -0.002972 0.999927 194.960000
0.999940 -0.002640 -0.010662 -0.511188 0.002653 0.999996 0.001240 -2.638790 0.010658 -0.001268 0.999942 196.182000
0.999949 -0.003522 -0.009496 -0.524422 0.003531 0.999993 0.000843 -2.659970 0.009493 -0.000876 0.999955 197.400000
0.999964 -0.002861 -0.007981 -0.543740 0.002872 0.999995 0.001367 -2.680980 0.007977 -0.001390 0.999967 198.628000
0.999972 -0.003229 -0.006755 -0.553866 0.003250 0.999990 0.003193 -2.702630 0.006745 -0.003214 0.999972 199.848000
0.999983 -0.002390 -0.005399 -0.572199 0.002411 0.999990 0.003824 -2.728340 0.005390 -0.003837 0.999978 201.063000
0.999988 -0.002237 -0.004273 -0.586091 0.002253 0.999990 0.003780 -2.742190 0.004265 -0.003789 0.999984 202.273000
0.999988 -0.002858 -0.003939 -0.583283 0.002874 0.999988 0.003982 -2.765410 0.003928 -0.003994 0.999984 203.484000
0.999995 -0.002445 -0.002012 -0.602243 0.002453 0.999989 0.004045 -2.782690 0.002002 -0.004050 0.999990 204.677000
0.999997 -0.002063 -0.001027 -0.613364 0.002067 0.999990 0.003959 -2.800800 0.001019 -0.003962 0.999992 205.876000
0.999996 -0.002873 -0.000582 -0.618825 0.002876 0.999987 0.004282 -2.822630 0.000569 -0.004284 0.999991 207.037000
0.999994 -0.003459 0.000152 -0.623576 0.003458 0.999986 0.004100 -2.842110 -0.000166 -0.004099 0.999992 208.211000
0.999994 -0.003340 0.000518 -0.633876 0.003337 0.999982 0.004949 -2.862670 -0.000535 -0.004947 0.999988 209.365000
0.999992 -0.004091 0.000183 -0.635672 0.004090 0.999973 0.006104 -2.882290 -0.000208 -0.006103 0.999981 210.499000
0.999993 -0.003795 -0.000182 -0.644981 0.003796 0.999973 0.006369 -2.904330 0.000158 -0.006369 0.999980 211.610000
0.999995 -0.003175 -0.000753 -0.650024 0.003179 0.999982 0.005054 -2.920440 0.000737 -0.005057 0.999987 212.727000
0.999995 -0.002912 -0.001339 -0.656257 0.002917 0.999987 0.004064 -2.933920 0.001327 -0.004068 0.999991 213.814000
0.999994 -0.003085 -0.001805 -0.665695 0.003092 0.999987 0.004103 -2.954840 0.001793 -0.004109 0.999990 214.892000
0.999989 -0.003590 -0.002909 -0.674848 0.003602 0.999985 0.004093 -2.972260 0.002895 -0.004104 0.999987 215.956000
0.999980 -0.004153 -0.004831 -0.678564 0.004177 0.999979 0.004943 -2.990650 0.004811 -0.004964 0.999976 217.007000
0.999964 -0.005015 -0.006866 -0.693256 0.005058 0.999967 0.006317 -3.005930 0.006835 -0.006351 0.999956 218.047000
0.999948 -0.004748 -0.009034 -0.705402 0.004819 0.999957 0.007881 -3.019430 0.008996 -0.007925 0.999928 219.089000
0.999926 -0.004711 -0.011211 -0.724242 0.004803 0.999955 0.008168 -3.035940 0.011172 -0.008221 0.999904 220.088000
0.999894 -0.004593 -0.013797 -0.743136 0.004699 0.999959 0.007691 -3.047060 0.013761 -0.007755 0.999875 221.082000
0.999857 -0.004067 -0.016385 -0.770100 0.004193 0.999962 0.007658 -3.061040 0.016353 -0.007726 0.999836 222.066000
0.999798 -0.003692 -0.019759 -0.785624 0.003857 0.999958 0.008304 -3.079060 0.019728 -0.008378 0.999770 223.008000
0.999737 -0.003418 -0.022677 -0.813028 0.003606 0.999959 0.008269 -3.096010 0.022648 -0.008348 0.999709 223.933000
0.999669 -0.003352 -0.025523 -0.844294 0.003543 0.999966 0.007436 -3.107450 0.025497 -0.007524 0.999647 224.846000
0.999595 -0.003269 -0.028278 -0.881256 0.003459 0.999972 0.006641 -3.117270 0.028256 -0.006736 0.999578 225.725000
0.999493 -0.002828 -0.031727 -0.909974 0.003048 0.999972 0.006901 -3.141570 0.031707 -0.006994 0.999473 226.589000
0.999398 -0.002362 -0.034603 -0.947357 0.002580 0.999977 0.006255 -3.154590 0.034587 -0.006340 0.999382 227.419000
0.999315 -0.001053 -0.037001 -0.987023 0.001282 0.999980 0.006156 -3.169140 0.036994 -0.006199 0.999296 228.238000
0.999302 -0.000128 -0.037363 -1.024650 0.000372 0.999979 0.006523 -3.178530 0.037362 -0.006532 0.999280 229.040000
0.999285 0.000077 -0.037821 -1.052510 0.000211 0.999971 0.007616 -3.195250 0.037821 -0.007619 0.999255 229.822000
0.999311 -0.000086 -0.037128 -1.087410 0.000383 0.999968 0.008000 -3.204790 0.037126 -0.008009 0.999279 230.585000
0.999317 -0.000493 -0.036960 -1.115880 0.000788 0.999968 0.007967 -3.220410 0.036954 -0.007991 0.999285 231.328000
0.999334 0.000510 -0.036498 -1.145850 -0.000285 0.999981 0.006171 -3.231360 0.036500 -0.006156 0.999315 232.059000
0.999359 0.000282 -0.035809 -1.171170 -0.000139 0.999992 0.004015 -3.242160 0.035810 -0.004007 0.999351 232.789000
0.999413 0.000456 -0.034246 -1.203830 -0.000363 0.999996 0.002725 -3.255870 0.034247 -0.002711 0.999410 233.514000
0.999451 0.000847 -0.033131 -1.226500 -0.000772 0.999997 0.002286 -3.265070 0.033133 -0.002260 0.999448 234.242000
0.999507 0.000398 -0.031392 -1.250440 -0.000338 0.999998 0.001928 -3.274200 0.031393 -0.001917 0.999505 234.963000
0.999564 0.000232 -0.029524 -1.275620 -0.000166 0.999997 0.002257 -3.292330 0.029525 -0.002251 0.999562 235.674000
0.999618 0.000043 -0.027632 -1.300180 0.000014 0.999998 0.002036 -3.302670 0.027632 -0.002035 0.999616 236.394000
0.999674 0.000281 -0.025529 -1.316530 -0.000240 0.999999 0.001608 -3.317060 0.025529 -0.001601 0.999673 237.103000
0.999738 0.000297 -0.022889 -1.332710 -0.000251 0.999998 0.002020 -3.327140 0.022889 -0.002014 0.999736 237.809000
0.999813 -0.000691 -0.019324 -1.351740 0.000749 0.999995 0.003019 -3.343960 0.019321 -0.003033 0.999809 238.519000
0.999860 -0.001336 -0.016693 -1.359910 0.001384 0.999995 0.002821 -3.350480 0.016689 -0.002844 0.999857 239.214000
0.999909 -0.001386 -0.013434 -1.372740 0.001427 0.999994 0.003081 -3.367480 0.013430 -0.003100 0.999905 239.922000
0.999945 -0.001634 -0.010372 -1.382350 0.001663 0.999995 0.002799 -3.377890 0.010368 -0.002816 0.999942 240.610000
0.999973 -0.001607 -0.007232 -1.392000 0.001626 0.999995 0.002587 -3.389760 0.007228 -0.002599 0.999970 241.303000
0.999988 -0.001070 -0.004834 -1.390360 0.001078 0.999998 0.001653 -3.401500 0.004832 -0.001658 0.999987 241.999000
0.999998 -0.000994 -0.001639 -1.395200 0.000997 0.999998 0.001523 -3.415550 0.001638 -0.001525 0.999997 242.694000
1.000000 -0.000495 0.000663 -1.392730 0.000494 0.999998 0.002003 -3.421610 -0.000664 -0.002003 0.999998 243.402000
0.999993 -0.000357 0.003671 -1.393570 0.000347 0.999996 0.002738 -3.431670 -0.003672 -0.002737 0.999990 244.101000
0.999980 -0.000664 0.006356 -1.393830 0.000648 0.999997 0.002535 -3.442340 -0.006358 -0.002530 0.999977 244.806000
0.999964 -0.000411 0.008526 -1.389970 0.000401 0.999999 0.001200 -3.454130 -0.008527 -0.001197 0.999963 245.513000
0.999951 -0.001063 0.009802 -1.380570 0.001077 0.999998 -0.001402 -3.462370 -0.009800 0.001413 0.999951 246.224000
0.999938 -0.001523 0.011051 -1.375990 0.001558 0.999994 -0.003109 -3.472240 -0.011046 0.003126 0.999934 246.938000
0.999940 -0.001841 0.010766 -1.364830 0.001875 0.999993 -0.003186 -3.487550 -0.010760 0.003206 0.999937 247.662000
0.999937 -0.003091 0.010811 -1.357790 0.003132 0.999988 -0.003733 -3.501390 -0.010799 0.003767 0.999935 248.389000
0.999940 -0.001387 0.010833 -1.353810 0.001432 0.999990 -0.004172 -3.513210 -0.010828 0.004188 0.999933 249.125000
0.999936 -0.001266 0.011206 -1.348270 0.001319 0.999988 -0.004679 -3.526150 -0.011200 0.004693 0.999926 249.866000
0.999931 -0.002090 0.011584 -1.345530 0.002166 0.999976 -0.006628 -3.540450 -0.011570 0.006653 0.999911 250.609000
0.999908 -0.005756 0.012243 -1.337790 0.005863 0.999944 -0.008756 -3.556870 -0.012192 0.008827 0.999887 251.354000
0.999877 -0.009157 0.012730 -1.325180 0.009279 0.999912 -0.009513 -3.571070 -0.012642 0.009630 0.999874 252.119000
0.999888 -0.006630 0.013418 -1.320380 0.006708 0.999961 -0.005725 -3.582860 -0.013379 0.005814 0.999894 252.895000
0.999899 -0.002740 0.013945 -1.319890 0.002734 0.999996 0.000431 -3.594670 -0.013946 -0.000392 0.999903 253.677000
0.999886 -0.003525 0.014683 -1.309300 0.003468 0.999986 0.003971 -3.609130 -0.014697 -0.003920 0.999884 254.463000
0.999841 -0.004681 0.017207 -1.295240 0.004651 0.999988 0.001757 -3.618570 -0.017215 -0.001677 0.999850 255.266000
0.999774 -0.003747 0.020934 -1.278970 0.003841 0.999983 -0.004443 -3.625900 -0.020917 0.004522 0.999771 256.058000
0.999681 -0.001563 0.025198 -1.273040 0.001767 0.999966 -0.008074 -3.636690 -0.025184 0.008116 0.999650 256.865000
0.999598 0.000218 0.028335 -1.254620 -0.000004 0.999971 -0.007561 -3.653290 -0.028336 0.007558 0.999570 257.679000
0.999517 -0.001216 0.031046 -1.222390 0.001393 0.999983 -0.005673 -3.664670 -0.031038 0.005713 0.999502 258.508000
0.999411 -0.004235 0.034061 -1.190160 0.004318 0.999988 -0.002357 -3.681070 -0.034051 0.002502 0.999417 259.345000
0.999301 -0.007198 0.036685 -1.158920 0.007246 0.999973 -0.001156 -3.693270 -0.036675 0.001421 0.999326 260.182000
0.999182 -0.006153 0.039966 -1.130290 0.006172 0.999981 -0.000356 -3.709460 -0.039963 0.000602 0.999201 261.028000
0.999092 -0.003871 0.042428 -1.098150 0.003977 0.999989 -0.002421 -3.722460 -0.042418 0.002588 0.999097 261.867000
0.998976 -0.003638 0.045091 -1.071050 0.003847 0.999982 -0.004538 -3.743250 -0.045074 0.004707 0.998973 262.703000
0.998867 -0.002764 0.047517 -1.034190 0.002994 0.999984 -0.004774 -3.754180 -0.047503 0.004911 0.998859 263.543000
0.998733 -0.001975 0.050284 -0.996719 0.002105 0.999995 -0.002542 -3.773410 -0.050279 0.002645 0.998732 264.383000
0.998577 -0.000302 0.053336 -0.955814 0.000346 1.000000 -0.000809 -3.790510 -0.053336 0.000826 0.998576 265.231000
0.998416 0.000401 0.056259 -0.913409 -0.000308 0.999999 -0.001648 -3.797770 -0.056260 0.001628 0.998415 266.087000
0.998271 0.000676 0.058777 -0.866445 -0.000563 0.999998 -0.001930 -3.814750 -0.058778 0.001893 0.998269 266.931000
0.998114 -0.001181 0.061372 -0.815153 0.001337 0.999996 -0.002498 -3.826450 -0.061369 0.002575 0.998112 267.767000
0.998000 -0.004734 0.063031 -0.758337 0.004844 0.999987 -0.001585 -3.844800 -0.063023 0.001887 0.998010 268.634000
0.997957 -0.005151 0.063689 -0.700718 0.005276 0.999984 -0.001794 -3.857960 -0.063679 0.002126 0.997968 269.482000
0.997910 -0.005758 0.064366 -0.652414 0.005870 0.999982 -0.001553 -3.876090 -0.064356 0.001927 0.997925 270.330000
0.997896 -0.006530 0.064508 -0.594175 0.006637 0.999977 -0.001446 -3.891070 -0.064497 0.001871 0.997916 271.196000
0.997912 -0.006103 0.064305 -0.544683 0.006182 0.999980 -0.001042 -3.904010 -0.064297 0.001437 0.997930 272.060000
0.997954 -0.005746 0.063673 -0.492638 0.005812 0.999983 -0.000846 -3.916680 -0.063667 0.001214 0.997970 272.910000
0.998025 -0.005883 0.062540 -0.441311 0.005973 0.999981 -0.001255 -3.936100 -0.062531 0.001627 0.998042 273.768000
0.998129 -0.005721 0.060883 -0.392088 0.005864 0.999980 -0.002172 -3.952120 -0.060869 0.002525 0.998143 274.620000
0.998232 -0.005485 0.059185 -0.343899 0.005669 0.999980 -0.002943 -3.969120 -0.059168 0.003273 0.998243 275.484000
0.998322 -0.004435 0.057737 -0.300824 0.004646 0.999983 -0.003519 -3.983460 -0.057720 0.003781 0.998326 276.338000
0.998425 -0.003506 0.055999 -0.262511 0.003698 0.999988 -0.003322 -4.007180 -0.055987 0.003524 0.998425 277.185000
0.998540 -0.002168 0.053971 -0.224971 0.002328 0.999993 -0.002894 -4.021190 -0.053964 0.003015 0.998538 278.019000
0.998690 -0.002743 0.051104 -0.187500 0.002822 0.999995 -0.001470 -4.038880 -0.051100 0.001612 0.998692 278.872000
0.998899 -0.003446 0.046790 -0.145748 0.003411 0.999994 0.000825 -4.048820 -0.046793 -0.000664 0.998904 279.717000
0.999094 -0.004841 0.042290 -0.118577 0.004728 0.999985 0.002767 -4.069080 -0.042303 -0.002565 0.999102 280.560000
0.999287 -0.005514 0.037349 -0.088924 0.005371 0.999978 0.003924 -4.081650 -0.037370 -0.003720 0.999295 281.393000
0.999451 -0.005398 0.032684 -0.070336 0.005247 0.999975 0.004695 -4.096020 -0.032709 -0.004521 0.999455 282.208000
0.999585 -0.006376 0.028075 -0.049766 0.006232 0.999967 0.005232 -4.110450 -0.028107 -0.005055 0.999592 283.029000
0.999700 -0.007133 0.023445 -0.036718 0.007017 0.999963 0.005056 -4.118810 -0.023480 -0.004890 0.999712 283.832000
0.999784 -0.007529 0.019360 -0.024389 0.007431 0.999959 0.005084 -4.136180 -0.019397 -0.004939 0.999800 284.619000
0.999855 -0.007164 0.015433 -0.014164 0.007091 0.999963 0.004775 -4.146840 -0.015466 -0.004665 0.999870 285.392000
0.999908 -0.006709 0.011758 -0.015267 0.006655 0.999967 0.004682 -4.158820 -0.011789 -0.004603 0.999920 286.134000
0.999941 -0.007699 0.007640 -0.006357 0.007661 0.999958 0.004949 -4.173230 -0.007678 -0.004890 0.999959 286.871000
0.999956 -0.008646 0.003537 -0.008394 0.008631 0.999954 0.004169 -4.187350 -0.003573 -0.004138 0.999985 287.580000
0.999972 -0.007355 -0.001270 -0.018279 0.007359 0.999970 0.002604 -4.201650 0.001251 -0.002613 0.999996 288.272000
0.999953 -0.005891 -0.007710 -0.031619 0.005897 0.999982 0.000711 -4.214540 0.007706 -0.000757 0.999970 288.941000
0.999858 -0.005141 -0.016069 -0.052101 0.005126 0.999986 -0.000962 -4.230680 0.016074 0.000880 0.999870 289.584000
0.999633 -0.005185 -0.026602 -0.077446 0.005133 0.999985 -0.002045 -4.247120 0.026612 0.001908 0.999644 290.220000
0.999184 -0.004950 -0.040086 -0.107805 0.004861 0.999985 -0.002324 -4.262610 0.040096 0.002127 0.999194 290.842000
0.998373 -0.003888 -0.056893 -0.154341 0.003789 0.999991 -0.001834 -4.275860 0.056899 0.001616 0.998379 291.456000
0.997045 -0.001207 -0.076812 -0.214903 0.001127 0.999999 -0.001082 -4.290100 0.076813 0.000992 0.997045 292.051000
0.995024 0.000112 -0.099632 -0.289082 -0.000240 0.999999 -0.001275 -4.300010 0.099631 0.001293 0.995024 292.637000
0.992188 0.001623 -0.124739 -0.378536 -0.001790 0.999998 -0.001231 -4.316640 0.124737 0.001445 0.992189 293.206000
0.988279 0.002714 -0.152635 -0.481697 -0.002889 0.999995 -0.000922 -4.328920 0.152632 0.001352 0.988282 293.753000
0.983036 0.003910 -0.183374 -0.601002 -0.003931 0.999992 0.000252 -4.340830 0.183373 0.000473 0.983043 294.278000
0.976142 0.003835 -0.217101 -0.737080 -0.003523 0.999992 0.001825 -4.348130 0.217106 -0.001017 0.976148 294.806000
0.967433 0.003956 -0.253098 -0.891457 -0.003199 0.999989 0.003400 -4.357780 0.253109 -0.002480 0.967435 295.312000
0.956880 0.005014 -0.290441 -1.055980 -0.003458 0.999977 0.005872 -4.366910 0.290464 -0.004615 0.956875 295.791000
0.944187 0.006188 -0.329351 -1.246490 -0.003713 0.999960 0.008144 -4.378080 0.329388 -0.006467 0.944172 296.252000
0.929396 0.007114 -0.369015 -1.445840 -0.003575 0.999941 0.010274 -4.382680 0.369066 -0.008230 0.929367 296.704000
0.912280 0.006845 -0.409510 -1.670040 -0.002138 0.999926 0.011951 -4.390490 0.409561 -0.010028 0.912228 297.153000
0.892397 0.006660 -0.451201 -1.897910 -0.000933 0.999916 0.012912 -4.391930 0.451250 -0.011102 0.892329 297.553000
0.869599 0.005847 -0.493724 -2.157540 0.001033 0.999906 0.013659 -4.396360 0.493758 -0.012388 0.869511 297.960000
0.843896 0.005313 -0.536480 -2.430250 0.003036 0.999888 0.014678 -4.396730 0.536498 -0.014016 0.843785 298.342000
0.815349 0.005744 -0.578942 -2.722870 0.004317 0.999863 0.016000 -4.397680 0.578954 -0.015545 0.815212 298.694000
0.783547 0.007137 -0.621292 -3.034060 0.003782 0.999861 0.016256 -4.396700 0.621321 -0.015088 0.783411 299.027000
0.748754 0.006430 -0.662816 -3.368880 0.005597 0.999856 0.016022 -4.397730 0.662824 -0.015706 0.748611 299.337000
0.709955 0.005340 -0.704227 -3.698260 0.010257 0.999787 0.017921 -4.402370 0.704173 -0.019947 0.709749 299.617000
0.666627 0.004556 -0.745378 -4.057540 0.016351 0.999651 0.020734 -4.396470 0.745213 -0.026010 0.666320 299.888000
0.618946 0.005311 -0.785416 -4.424160 0.020415 0.999530 0.022848 -4.395570 0.785168 -0.030176 0.618547 300.123000
0.568326 0.009352 -0.822750 -4.807400 0.019273 0.999510 0.024674 -4.392700 0.822577 -0.029880 0.567868 300.318000
0.515840 0.015928 -0.856537 -5.208510 0.014669 0.999516 0.027421 -4.396260 0.856559 -0.026710 0.515357 300.479000
0.459776 0.019845 -0.887813 -5.583010 0.012107 0.999517 0.028611 -4.393760 0.887953 -0.023903 0.459313 300.638000
0.403986 0.022826 -0.914480 -5.949790 0.011682 0.999478 0.030108 -4.397120 0.914691 -0.022846 0.403509 300.739000
0.345551 0.024968 -0.938068 -6.328610 0.013244 0.999417 0.031479 -4.393420 0.938306 -0.023301 0.345019 300.842000
0.284708 0.027616 -0.958216 -6.745830 0.015944 0.999310 0.033537 -4.380690 0.958482 -0.024826 0.284071 300.946000
0.225512 0.031501 -0.973731 -7.161110 0.017313 0.999190 0.036335 -4.374300 0.974086 -0.025053 0.224784 300.991000
0.163033 0.035416 -0.985985 -7.549990 0.019128 0.999054 0.039049 -4.375400 0.986435 -0.025226 0.162201 301.017000
0.098792 0.039959 -0.994306 -7.958340 0.019337 0.998928 0.042066 -4.375630 0.994920 -0.023383 0.097913 301.010000
0.032986 0.045666 -0.998412 -8.385320 0.021474 0.998693 0.046388 -4.362430 0.999225 -0.022970 0.031962 300.989000
-0.034078 0.052086 -0.998061 -8.821130 0.023716 0.998402 0.051294 -4.343850 0.999138 -0.021922 -0.035259 300.935000
-0.102013 0.059219 -0.993019 -9.258810 0.025610 0.998052 0.056889 -4.332140 0.994453 -0.019627 -0.103331 300.857000
-0.167943 0.065251 -0.983635 -9.712800 0.027966 0.997721 0.061411 -4.311800 0.985400 -0.017195 -0.169385 300.725000
-0.235834 0.071022 -0.969195 -10.175900 0.032135 0.997350 0.065266 -4.287160 0.971262 -0.015753 -0.237491 300.603000
-0.300691 0.075168 -0.950755 -10.637600 0.036644 0.997064 0.067240 -4.259040 0.953018 -0.014621 -0.302562 300.424000
-0.362227 0.077838 -0.928834 -11.098500 0.040217 0.996884 0.067857 -4.234830 0.931222 -0.012775 -0.364229 300.200000
-0.420477 0.078460 -0.903905 -11.527400 0.043619 0.996850 0.066237 -4.207400 0.906254 -0.011576 -0.422574 299.944000
-0.475860 0.078780 -0.875986 -11.988200 0.046563 0.996840 0.064355 -4.176530 0.878287 -0.010165 -0.478025 299.652000
-0.526697 0.078017 -0.846465 -12.429300 0.048178 0.996919 0.061906 -4.132490 0.848687 -0.008175 -0.528833 299.324000
-0.572915 0.079373 -0.815762 -12.850700 0.050261 0.996829 0.061692 -4.118930 0.818072 -0.005657 -0.575088 298.979000
-0.613695 0.080618 -0.785417 -13.308000 0.051791 0.996741 0.061841 -4.089230 0.787843 -0.002726 -0.615870 298.589000
-0.650857 0.083871 -0.754554 -13.770700 0.056256 0.996475 0.062237 -4.049460 0.757114 -0.001941 -0.653280 298.161000
-0.686921 0.090802 -0.721037 -14.224600 0.064119 0.995867 0.064328 -4.017550 0.723898 -0.002044 -0.689904 297.696000
-0.722428 0.097076 -0.684598 -14.663100 0.071461 0.995276 0.065720 -3.985900 0.687744 -0.001444 -0.725952 297.224000
-0.754892 0.097890 -0.648503 -15.105200 0.073645 0.995197 0.064495 -3.942690 0.651702 0.000928 -0.758475 296.677000
-0.784738 0.093430 -0.612745 -15.549300 0.072629 0.995624 0.058796 -3.888930 0.615557 0.001637 -0.788090 296.072000
-0.812017 0.092557 -0.576247 -15.936600 0.075343 0.995707 0.053762 -3.872230 0.578750 0.000239 -0.815505 295.497000
-0.836831 0.088077 -0.540330 -16.330400 0.074308 0.996114 0.047289 -3.837470 0.542395 -0.000578 -0.840123 294.847000
-0.859261 0.085670 -0.504313 -16.717200 0.074608 0.996323 0.042131 -3.804710 0.506068 -0.001424 -0.862492 294.157000
-0.879602 0.085100 -0.468037 -17.078200 0.074748 0.996372 0.040688 -3.783450 0.469802 0.000805 -0.882772 293.438000
-0.898727 0.081223 -0.430921 -17.419600 0.071924 0.996691 0.037859 -3.752930 0.432571 0.003031 -0.901595 292.674000
-0.915779 0.081135 -0.393403 -17.733300 0.073032 0.996696 0.035552 -3.729650 0.394987 0.003826 -0.918679 291.878000
-0.931460 0.083509 -0.354132 -18.033900 0.076220 0.996494 0.034507 -3.705480 0.355772 0.005150 -0.934559 291.068000
-0.944914 0.086940 -0.315562 -18.306600 0.080473 0.996194 0.033492 -3.685730 0.317273 0.006252 -0.948314 290.206000
-0.956495 0.088692 -0.277941 -18.545300 0.082360 0.996009 0.034400 -3.660130 0.279883 0.010013 -0.959982 289.301000
-0.966581 0.090712 -0.239778 -18.768100 0.085034 0.995800 0.033942 -3.637490 0.241850 0.012418 -0.970234 288.432000
-0.974887 0.089736 -0.203821 -18.944400 0.084872 0.995862 0.032501 -3.619130 0.205894 0.014386 -0.978469 287.481000
-0.981506 0.088456 -0.169771 -19.094800 0.084923 0.995995 0.027973 -3.597050 0.171565 0.013038 -0.985086 286.494000
-0.986910 0.087248 -0.135634 -19.244000 0.084802 0.996115 0.023720 -3.582370 0.137176 0.011907 -0.990475 285.503000
-0.990797 0.086175 -0.104384 -19.335400 0.084297 0.996192 0.022275 -3.563130 0.105906 0.013271 -0.994288 284.463000
-0.993669 0.084887 -0.073597 -19.411000 0.083508 0.996272 0.021631 -3.553160 0.075159 0.015348 -0.997053 283.413000
-0.995410 0.084780 -0.044403 -19.459900 0.083990 0.996279 0.019359 -3.543730 0.045879 0.015541 -0.998826 282.323000
-0.996363 0.083236 -0.018222 -19.462700 0.082910 0.996395 0.017955 -3.527860 0.019651 0.016379 -0.999673 281.208000
-0.996644 0.081559 0.006980 -19.452900 0.081674 0.996490 0.018359 -3.516490 -0.005458 0.018868 -0.999807 280.081000
-0.996349 0.079819 0.030287 -19.410200 0.080404 0.996588 0.018627 -3.506940 -0.028697 0.020994 -0.999368 278.916000
-0.995728 0.077201 0.050660 -19.350800 0.078144 0.996799 0.016886 -3.494070 -0.049194 0.020773 -0.998573 277.748000
-0.995121 0.072434 0.066982 -19.256200 0.073536 0.997192 0.014129 -3.489570 -0.065770 0.018986 -0.997654 276.552000
-0.994564 0.067670 0.079139 -19.156600 0.068874 0.997546 0.012575 -3.478430 -0.078094 0.017957 -0.996784 275.340000
-0.994231 0.062580 0.087112 -19.038300 0.064059 0.997844 0.014287 -3.473770 -0.086030 0.019785 -0.996096 274.113000
-0.994126 0.059293 0.090540 -18.909800 0.060946 0.998019 0.015598 -3.474580 -0.089436 0.021025 -0.995771 272.866000
-0.994175 0.057587 0.091105 -18.790800 0.059101 0.998154 0.014005 -3.464200 -0.090130 0.019308 -0.995743 271.597000
-0.994504 0.055206 0.088966 -18.666300 0.056615 0.998306 0.013390 -3.459690 -0.088077 0.018354 -0.995945 270.274000
-0.994736 0.055179 0.086343 -18.541300 0.056605 0.998296 0.014149 -3.452400 -0.085415 0.018962 -0.996165 268.989000
-0.995032 0.053960 0.083661 -18.421900 0.055437 0.998343 0.015425 -3.449940 -0.082690 0.019986 -0.996375 267.676000
