1.000000 0.000000 0.000000 0.000000 0.000000 1.000000 0.000000 0.000000 0.000000 0.000000 1.000000 0.000000
0.999979 0.000402 -0.006466 -0.008246 -0.000399 1.000000 0.000413 -0.002081 0.006466 -0.000411 0.999979 0.091659
0.999907 0.000955 -0.013578 -0.016413 -0.000952 1.000000 0.000181 -0.001958 0.013578 -0.000168 0.999908 0.188486
0.999772 0.001391 -0.021288 -0.026075 -0.001404 0.999999 -0.000562 -0.002150 0.021287 0.000592 0.999773 0.285415
0.999542 0.001706 -0.030221 -0.042938 -0.001767 0.999997 -0.001968 -0.002062 0.030218 0.002020 0.999541 0.390643
0.999126 0.001925 -0.041765 -0.059071 -0.002070 0.999992 -0.003424 -0.004954 0.041758 0.003507 0.999122 0.501146
0.998479 0.001737 -0.055097 -0.084344 -0.001963 0.999990 -0.004052 -0.007881 0.055090 0.004154 0.998473 0.626040
0.997428 0.001854 -0.071648 -0.108775 -0.002178 0.999988 -0.004440 -0.004015 0.071639 0.004585 0.997420 0.761205
0.995906 0.000207 -0.090391 -0.135040 -0.000587 0.999991 -0.004176 -0.009328 0.090390 0.004212 0.995898 0.917018
0.993913 -0.000766 -0.110165 -0.176114 0.000287 0.999990 -0.004366 -0.012756 0.110167 0.004308 0.993904 1.075450
0.991229 -0.001105 -0.132153 -0.224567 0.000486 0.999989 -0.004715 -0.015568 0.132157 0.004610 0.991218 1.236960
0.987706 0.002678 -0.156302 -0.267173 -0.003690 0.999974 -0.006189 -0.017205 0.156281 0.006690 0.987690 1.388860
0.983336 0.006802 -0.181672 -0.333160 -0.008345 0.999935 -0.007731 -0.021549 0.181608 0.009118 0.983329 1.563800
0.977970 0.009875 -0.208512 -0.407910 -0.011958 0.999890 -0.008730 -0.025393 0.208403 0.011031 0.977981 1.745870
0.971254 0.010327 -0.237821 -0.486185 -0.012847 0.999877 -0.009050 -0.026673 0.237698 0.011845 0.971267 1.932080
0.963189 0.012371 -0.268542 -0.573093 -0.015201 0.999849 -0.008463 -0.030522 0.268396 0.012234 0.963231 2.124650
0.953701 0.014127 -0.300424 -0.669917 -0.017205 0.999823 -0.007604 -0.031865 0.300264 0.012421 0.953775 2.314780
0.942480 0.016258 -0.333866 -0.757037 -0.019445 0.999792 -0.006205 -0.038417 0.333695 0.012340 0.942600 2.479880
0.929962 0.018549 -0.367187 -0.866724 -0.022112 0.999740 -0.005499 -0.043374 0.366990 0.013233 0.930131 2.665060
0.916050 0.021271 -0.400500 -0.985087 -0.025405 0.999665 -0.005015 -0.042510 0.400259 0.014769 0.916283 2.846080
0.899980 0.021552 -0.435398 -1.102690 -0.026067 0.999651 -0.004399 -0.041312 0.435151 0.015309 0.900228 3.022940
0.881480 0.016858 -0.471920 -1.236060 -0.021844 0.999748 -0.005087 -0.039964 0.471715 0.014793 0.881627 3.218250
0.860294 0.011987 -0.509657 -1.368850 -0.017214 0.999836 -0.005541 -0.043572 0.509508 0.013540 0.860360 3.385960
0.835381 0.014194 -0.549488 -1.520550 -0.018167 0.999833 -0.001793 -0.054943 0.549371 0.011481 0.835500 3.552340
0.806204 0.019741 -0.591309 -1.702440 -0.022841 0.999737 0.002234 -0.061409 0.591197 0.011705 0.806442 3.721560
0.773720 0.022774 -0.633118 -1.901720 -0.026252 0.999648 0.003876 -0.061369 0.632983 0.013622 0.774045 3.890160
0.737544 0.021683 -0.674951 -2.113220 -0.025294 0.999670 0.004476 -0.062757 0.674825 0.013771 0.737849 4.061610
0.697707 0.017737 -0.716163 -2.331180 -0.019522 0.999793 0.005743 -0.061786 0.716117 0.009974 0.697909 4.231880
0.654673 0.014018 -0.755782 -2.567310 -0.014068 0.999881 0.006359 -0.060982 0.755781 0.006469 0.654792 4.392270
0.609778 0.013507 -0.792457 -2.827100 -0.011429 0.999901 0.008249 -0.059602 0.792490 0.004027 0.609872 4.542130
0.561360 0.014433 -0.827446 -3.107090 -0.009294 0.999895 0.011136 -0.059516 0.827519 0.001439 0.561435 4.684320
0.512158 0.014632 -0.858766 -3.397710 -0.007846 0.999893 0.012357 -0.050401 0.858855 0.000409 0.512218 4.781950
0.459570 0.016170 -0.887994 -3.715280 -0.007591 0.999869 0.014279 -0.043256 0.888109 0.000179 0.459632 4.889770
0.404965 0.018084 -0.914154 -4.051460 -0.006381 0.999836 0.016952 -0.036668 0.914310 -0.001031 0.405014 4.987890
0.349518 0.020193 -0.936712 -4.406390 -0.006045 0.999796 0.019297 -0.034512 0.936910 -0.001083 0.349569 5.075690
0.293519 0.023192 -0.955672 -4.754100 -0.002889 0.999723 0.023373 -0.031664 0.955949 -0.004100 0.293504 5.149910
0.239654 0.025037 -0.970535 -5.136130 0.001736 0.999655 0.026217 -0.029718 0.970857 -0.007968 0.239528 5.207660
0.188646 0.025553 -0.981713 -5.509860 0.004222 0.999631 0.026831 -0.028304 0.982036 -0.009206 0.188469 5.242980
0.141198 0.026675 -0.989622 -5.920250 0.001552 0.999630 0.027166 -0.023893 0.989980 -0.005372 0.141104 5.260640
0.098704 0.026773 -0.994757 -6.356950 -0.001440 0.999641 0.026762 -0.008712 0.995116 -0.001209 0.098707 5.264090
0.061070 0.025301 -0.997813 -6.780850 -0.000807 0.999680 0.025299 -0.003507 0.998133 -0.000740 0.061071 5.258920
0.026511 0.022648 -0.999392 -7.240980 -0.000033 0.999743 0.022655 0.004017 0.999649 -0.000567 0.026505 5.244310
-0.004570 0.019886 -0.999792 -7.716530 0.000108 0.999802 0.019886 0.009831 0.999990 -0.000017 -0.004571 5.213520
-0.030967 0.018105 -0.999356 -8.213260 -0.000834 0.999835 0.018139 0.016926 0.999520 0.001396 -0.030946 5.173160
-0.052174 0.015413 -0.998519 -8.715100 -0.001075 0.999879 0.015490 0.028366 0.998637 0.001882 -0.052151 5.139670
-0.068486 0.014586 -0.997545 -9.237610 -0.001032 0.999892 0.014691 0.039223 0.997652 0.002036 -0.068464 5.089170
-0.081528 0.014883 -0.996560 -9.778390 -0.000227 0.999888 0.014951 0.045716 0.996671 0.001445 -0.081515 5.034270
-0.091130 0.016274 -0.995706 -10.329300 0.000010 0.999866 0.016341 0.048766 0.995839 0.001479 -0.091118 4.975790
-0.097977 0.017591 -0.995033 -10.897900 -0.002228 0.999837 0.017895 0.048725 0.995186 0.003970 -0.097922 4.911770
-0.102342 0.018640 -0.994575 -11.492200 -0.002101 0.999818 0.018954 0.054504 0.994747 0.004030 -0.102285 4.841560
-0.103537 0.019190 -0.994440 -12.106400 -0.000262 0.999813 0.019321 0.064035 0.994626 0.002261 -0.103512 4.771670
-0.102748 0.021289 -0.994480 -12.721300 0.002249 0.999773 0.021170 0.075494 0.994705 -0.000061 -0.102773 4.715040
-0.101215 0.023679 -0.994583 -13.357700 0.001652 0.999719 0.023634 0.081025 0.994863 0.000749 -0.101226 4.647880
-0.099519 0.023789 -0.994751 -14.004300 -0.000801 0.999712 0.023988 0.084157 0.995035 0.003184 -0.099471 4.579870
-0.097859 0.021215 -0.994974 -14.663200 -0.002067 0.999766 0.021521 0.094919 0.995198 0.004163 -0.097792 4.511000
-0.096552 0.021080 -0.995105 -15.357400 -0.003161 0.999764 0.021486 0.104021 0.995323 0.005220 -0.096463 4.435260
-0.094984 0.023826 -0.995194 -16.061500 -0.002576 0.999704 0.024180 0.118843 0.995475 0.004860 -0.094894 4.369510
-0.092740 0.027335 -0.995315 -16.778700 -0.003978 0.999605 0.027823 0.126754 0.995682 0.006539 -0.092595 4.295080
-0.090978 0.029414 -0.995418 -17.512100 -0.004192 0.999544 0.029919 0.134255 0.995844 0.006894 -0.090813 4.223570
-0.089369 0.028896 -0.995579 -18.232300 -0.006207 0.999543 0.029568 0.145873 0.995979 0.008822 -0.089149 4.157920
-0.087689 0.025512 -0.995821 -18.992700 -0.008553 0.999616 0.026363 0.164585 0.996111 0.010829 -0.087437 4.083380
-0.085869 0.024937 -0.995994 -19.766800 -0.009602 0.999620 0.025855 0.180552 0.996260 0.011784 -0.085597 4.006550
-0.084589 0.027068 -0.996048 -20.533900 -0.006959 0.999591 0.027755 0.194238 0.996392 0.009279 -0.084366 3.946010
-0.083387 0.029525 -0.996080 -21.322900 -0.004529 0.999539 0.030007 0.200266 0.996507 0.007014 -0.083215 3.878620
-0.082012 0.031369 -0.996138 -22.122900 -0.003817 0.999487 0.031789 0.213103 0.996624 0.006409 -0.081850 3.811290
-0.081334 0.026650 -0.996331 -22.926800 -0.003807 0.999627 0.027049 0.225229 0.996680 0.005993 -0.081202 3.740630
-0.081164 0.019760 -0.996505 -23.731000 -0.002339 0.999797 0.020016 0.230956 0.996698 0.003955 -0.081102 3.675000
-0.081261 0.015149 -0.996578 -24.549000 0.000767 0.999885 0.015136 0.241992 0.996693 0.000466 -0.081263 3.607380
-0.081776 0.016048 -0.996521 -25.371600 0.001708 0.999871 0.015962 0.248398 0.996649 -0.000397 -0.081793 3.541270
-0.081447 0.023717 -0.996395 -26.212200 0.001097 0.999718 0.023706 0.250884 0.996677 0.000838 -0.081450 3.460830
-0.081985 0.030803 -0.996157 -27.051600 -0.000172 0.999522 0.030921 0.262138 0.996634 0.002707 -0.081940 3.393600
-0.082320 0.036213 -0.995948 -27.885900 -0.002373 0.999330 0.036532 0.270917 0.996603 0.005371 -0.082178 3.316780
-0.082865 0.036472 -0.995893 -28.738700 -0.004132 0.999309 0.036941 0.281689 0.996552 0.007176 -0.082657 3.237570
-0.083272 0.032903 -0.995983 -29.577300 -0.004143 0.999435 0.033363 0.297220 0.996518 0.006904 -0.083089 3.162910
-0.083666 0.029948 -0.996044 -30.413400 -0.004188 0.999529 0.030404 0.314976 0.996485 0.006715 -0.083501 3.088930
-0.083877 0.031257 -0.995986 -31.252300 -0.005548 0.999478 0.031834 0.327271 0.996461 0.008195 -0.083660 3.012850
-0.083521 0.033881 -0.995930 -32.077800 -0.007147 0.999376 0.034597 0.331964 0.996480 0.010008 -0.083227 2.940080
-0.083485 0.032327 -0.995985 -32.909600 -0.007609 0.999424 0.033076 0.344538 0.996480 0.010340 -0.083191 2.866390
-0.083142 0.026870 -0.996175 -33.742500 -0.008419 0.999582 0.027665 0.359170 0.996502 0.010687 -0.082881 2.789200
-0.082852 0.023049 -0.996295 -34.559900 -0.009835 0.999665 0.023944 0.364450 0.996513 0.011783 -0.082597 2.718630
-0.082611 0.023661 -0.996301 -35.395500 -0.009301 0.999656 0.024512 0.375968 0.996538 0.011291 -0.082363 2.650660
-0.081445 0.026315 -0.996330 -36.236300 -0.008160 0.999600 0.027069 0.378842 0.996644 0.010335 -0.081197 2.564710
-0.081303 0.031398 -0.996195 -37.062400 -0.008336 0.999447 0.032181 0.383583 0.996655 0.010921 -0.080997 2.501550
-0.080718 0.036730 -0.996060 -37.905100 -0.007023 0.999275 0.037418 0.403434 0.996712 0.010015 -0.080401 2.431840
-0.080951 0.039954 -0.995917 -38.745400 -0.007741 0.999141 0.040713 0.414838 0.996688 0.011006 -0.080572 2.358130
-0.080426 0.039730 -0.995968 -39.568200 -0.006873 0.999159 0.040413 0.437990 0.996737 0.010096 -0.080085 2.287100
-0.080332 0.035376 -0.996140 -40.380700 -0.007449 0.999321 0.036090 0.451687 0.996740 0.010319 -0.080014 2.217300
-0.079836 0.031123 -0.996322 -41.209100 -0.008322 0.999457 0.031888 0.467168 0.996773 0.010837 -0.079533 2.142060
-0.079754 0.028540 -0.996406 -42.027800 -0.012286 0.999486 0.029611 0.477624 0.996739 0.014603 -0.079362 2.066340
-0.080400 0.027202 -0.996391 -42.845000 -0.016082 0.999462 0.028584 0.482117 0.996633 0.018323 -0.079920 1.995270
-0.080708 0.024493 -0.996437 -43.659700 -0.013799 0.999575 0.025687 0.499129 0.996642 0.015823 -0.080336 1.920170
-0.082217 0.021120 -0.996391 -44.485800 -0.009775 0.999710 0.021997 0.499640 0.996567 0.011548 -0.081987 1.862240
-0.082889 0.019854 -0.996361 -45.312500 -0.005370 0.999778 0.020368 0.507047 0.996544 0.007039 -0.082764 1.791820
-0.085111 0.023249 -0.996100 -46.130600 -0.005306 0.999703 0.023786 0.512782 0.996357 0.007309 -0.084962 1.721860
-0.086508 0.029675 -0.995809 -46.939900 -0.003235 0.999543 0.030067 0.513526 0.996246 0.005822 -0.086373 1.643760
-0.088356 0.033406 -0.995529 -47.747800 -0.000901 0.999434 0.033617 0.522896 0.996089 0.003867 -0.088276 1.575300
-0.089629 0.032770 -0.995436 -48.556600 -0.000973 0.999455 0.032990 0.529880 0.995975 0.003925 -0.089548 1.495170
-0.090852 0.028692 -0.995451 -49.353000 -0.004395 0.999564 0.029212 0.539821 0.995855 0.007029 -0.090686 1.414600
-0.091838 0.024982 -0.995461 -50.141800 -0.009113 0.999622 0.025927 0.546455 0.995732 0.011453 -0.091576 1.325530
-0.093399 0.023523 -0.995351 -50.943400 -0.013314 0.999602 0.024873 0.556209 0.995540 0.015575 -0.093049 1.243930
-0.094425 0.024506 -0.995230 -51.741200 -0.014908 0.999550 0.026027 0.563155 0.995420 0.017295 -0.094017 1.160690
-0.095155 0.026236 -0.995117 -52.529700 -0.015349 0.999495 0.027819 0.565773 0.995344 0.017921 -0.094705 1.075690
-0.096307 0.025700 -0.995020 -53.312200 -0.016953 0.999479 0.027456 0.573550 0.995207 0.019513 -0.095821 0.999461
-0.096933 0.025631 -0.994961 -54.091800 -0.017543 0.999469 0.027457 0.579821 0.995136 0.020116 -0.096432 0.916492
-0.097462 0.027307 -0.994865 -54.869300 -0.016089 0.999450 0.029009 0.589723 0.995109 0.018834 -0.096969 0.840048
-0.097696 0.029951 -0.994765 -55.640400 -0.015582 0.999378 0.031620 0.601448 0.995094 0.018589 -0.097169 0.762332
-0.097936 0.034337 -0.994600 -56.422800 -0.015473 0.999231 0.036021 0.608872 0.995072 0.018917 -0.097330 0.681274
-0.098440 0.036496 -0.994474 -57.184200 -0.015797 0.999144 0.038231 0.620605 0.995018 0.019474 -0.097780 0.602878
-0.099225 0.036476 -0.994396 -57.943200 -0.015234 0.999155 0.038171 0.632035 0.994948 0.018936 -0.098585 0.525566
-0.099489 0.034684 -0.994434 -58.683500 -0.014792 0.999230 0.036331 0.639076 0.994929 0.018324 -0.098899 0.449253
-0.099556 0.030880 -0.994553 -59.409300 -0.014062 0.999375 0.032437 0.655689 0.994933 0.017214 -0.099059 0.372322
-0.099368 0.028016 -0.994656 -60.146600 -0.014745 0.999452 0.029624 0.663032 0.994941 0.017610 -0.098901 0.291342
-0.098277 0.025666 -0.994828 -60.855200 -0.015142 0.999513 0.027283 0.672659 0.995044 0.017745 -0.097840 0.219028
-0.095857 0.024926 -0.995083 -61.548400 -0.017996 0.999480 0.026770 0.675347 0.995232 0.020473 -0.095358 0.144986
-0.091319 0.025805 -0.995487 -62.237400 -0.017857 0.999461 0.027546 0.680811 0.995662 0.020292 -0.090809 0.074897
-0.085685 0.027719 -0.995937 -62.892200 -0.017840 0.999410 0.029350 0.680405 0.996163 0.020282 -0.085140 0.019507
-0.078742 0.029045 -0.996472 -63.554500 -0.016631 0.999398 0.030444 0.689396 0.996756 0.018970 -0.078212 -0.027445
-0.069806 0.030252 -0.997102 -64.192100 -0.017963 0.999340 0.031578 0.694278 0.997399 0.020115 -0.069217 -0.074130
-0.057886 0.032061 -0.997808 -64.817100 -0.019834 0.999250 0.033258 0.701028 0.998126 0.021716 -0.057207 -0.115198
-0.043001 0.033538 -0.998512 -65.421700 -0.022976 0.999139 0.034548 0.708313 0.998811 0.024427 -0.042193 -0.143148
-0.024779 0.034796 -0.999087 -66.019500 -0.024022 0.999085 0.035392 0.716752 0.999404 0.024877 -0.023920 -0.149896
-0.002597 0.035598 -0.999363 -66.570500 -0.025466 0.999040 0.035653 0.724731 0.999672 0.025542 -0.001688 -0.141089
0.023115 0.036057 -0.999082 -67.115300 -0.024852 0.999061 0.035481 0.729539 0.999424 0.024009 0.023989 -0.115885
0.052235 0.035345 -0.998009 -67.639500 -0.023605 0.999138 0.034149 0.739918 0.998356 0.021774 0.053025 -0.066245
0.086547 0.035514 -0.995615 -68.142100 -0.022094 0.999187 0.033721 0.742214 0.996003 0.019079 0.087261 -0.001898
0.123685 0.035370 -0.991691 -68.613700 -0.021561 0.999224 0.032950 0.751434 0.992087 0.017307 0.124352 0.090865
0.165018 0.035536 -0.985650 -69.058400 -0.022065 0.999234 0.032331 0.753166 0.986044 0.016413 0.165676 0.175855
0.210105 0.036535 -0.976996 -69.500100 -0.021067 0.999239 0.032837 0.756626 0.977452 0.013683 0.210715 0.301181
0.258546 0.035713 -0.965339 -69.886600 -0.017318 0.999327 0.032332 0.747200 0.965844 0.008359 0.258990 0.429264
0.308699 0.030722 -0.950664 -70.300100 -0.009667 0.999528 0.029162 0.747274 0.951111 0.000188 0.308850 0.606466
0.359462 0.024815 -0.932830 -70.691200 -0.003779 0.999677 0.025137 0.755095 0.933152 -0.005510 0.359440 0.808960
0.411475 0.020535 -0.911189 -71.065400 0.001231 0.999733 0.023087 0.754135 0.911420 -0.010622 0.411340 1.025020
0.462458 0.019916 -0.886417 -71.433600 0.001101 0.999734 0.023037 0.761215 0.886641 -0.011630 0.462313 1.258620
0.510695 0.018704 -0.859558 -71.817800 0.002619 0.999725 0.023310 0.768849 0.859758 -0.014155 0.510506 1.519720
0.556171 0.014623 -0.830939 -72.151100 0.009930 0.999657 0.024238 0.767740 0.831009 -0.021732 0.555835 1.789870
0.600534 0.008076 -0.799559 -72.478000 0.020374 0.999470 0.025397 0.770658 0.799340 -0.031543 0.600051 2.089690
0.642538 0.002989 -0.766248 -72.785000 0.022128 0.999503 0.022454 0.772724 0.765934 -0.031384 0.642152 2.410160
0.683730 -0.001779 -0.729733 -73.088900 0.019417 0.999687 0.015755 0.774721 0.729477 -0.024941 0.683551 2.732100
0.724184 -0.008800 -0.689550 -73.368500 0.016074 0.999862 0.004121 0.781671 0.689419 -0.014068 0.724226 3.072240
0.763411 -0.009333 -0.645845 -73.601200 0.009233 0.999951 -0.003537 0.774343 0.645847 -0.003263 0.763460 3.402150
0.800605 -0.010395 -0.599102 -73.858700 0.008120 0.999946 -0.006499 0.772539 0.599137 0.000338 0.800647 3.798780
0.834602 -0.011628 -0.550730 -74.107700 0.008509 0.999930 -0.008217 0.767783 0.550787 0.002172 0.834643 4.233540
0.865052 -0.010928 -0.501564 -74.330600 0.006446 0.999922 -0.010667 0.765159 0.501642 0.005995 0.865055 4.683070
0.890972 -0.009409 -0.453960 -74.539300 0.005827 0.999940 -0.009290 0.750063 0.454020 0.005632 0.890974 5.158380
0.912552 -0.002432 -0.408953 -74.751500 -0.000949 0.999967 -0.008064 0.736613 0.408959 0.007746 0.912520 5.650610
0.930048 0.001807 -0.367434 -74.934700 -0.005797 0.999936 -0.009757 0.729549 0.367393 0.011204 0.929998 6.165550
0.943648 0.006748 -0.330881 -75.115700 -0.010116 0.999913 -0.008460 0.723692 0.330795 0.011330 0.943635 6.704280
0.953716 0.007213 -0.300621 -75.272200 -0.009570 0.999934 -0.006369 0.709838 0.300555 0.008952 0.953722 7.256590
0.960943 0.006653 -0.276666 -75.421800 -0.008322 0.999954 -0.004859 0.696914 0.276621 0.006972 0.960954 7.826300
0.966834 0.006976 -0.255311 -75.569800 -0.007970 0.999964 -0.002862 0.691287 0.255281 0.004802 0.966855 8.423650
0.971413 0.009012 -0.237225 -75.710600 -0.009371 0.999956 -0.000384 0.685229 0.237211 0.002596 0.971455 9.042200
0.974990 0.014321 -0.221788 -75.862600 -0.014440 0.999895 0.001086 0.678476 0.221780 0.002143 0.975094 9.680510
0.977770 0.017670 -0.208933 -75.985100 -0.017520 0.999843 0.002569 0.669349 0.208945 0.001148 0.977927 10.312300
0.980553 0.017124 -0.195504 -76.135400 -0.017006 0.999853 0.002283 0.660206 0.195514 0.001086 0.980700 10.995100
0.983207 0.017226 -0.181681 -76.256100 -0.017136 0.999851 0.002064 0.652507 0.181690 0.001084 0.983355 11.674700
0.985806 0.017406 -0.166982 -76.371100 -0.017236 0.999848 0.002469 0.651347 0.167000 0.000444 0.985957 12.370300
0.988073 0.018985 -0.152814 -76.479400 -0.018793 0.999820 0.002696 0.648417 0.152838 0.000208 0.988251 13.078300
0.989965 0.019782 -0.139919 -76.592300 -0.019925 0.999801 0.000380 0.630335 0.139899 0.002412 0.990163 13.814900
0.991382 0.019740 -0.129505 -76.678000 -0.020578 0.999775 -0.005131 0.618466 0.129374 0.007751 0.991566 14.547900
0.992632 0.017875 -0.119842 -76.765400 -0.019342 0.999751 -0.011086 0.607887 0.119614 0.013322 0.992731 15.287800
0.993573 0.017696 -0.111804 -76.849800 -0.019087 0.999753 -0.011379 0.598522 0.111575 0.013440 0.993665 16.043600
0.994293 0.019027 -0.104969 -76.931300 -0.019662 0.999794 -0.005013 0.584069 0.104852 0.007048 0.994463 16.810800
0.994728 0.024189 -0.099658 -77.018500 -0.024021 0.999707 0.002889 0.565327 0.099699 -0.000480 0.995018 17.583500
0.995105 0.024951 -0.095623 -77.099100 -0.024425 0.999679 0.006669 0.551842 0.095759 -0.004300 0.995395 18.353400
0.995448 0.023935 -0.092253 -77.169100 -0.023520 0.999708 0.005584 0.541952 0.092360 -0.003389 0.995720 19.122200
0.995710 0.024103 -0.089333 -77.237200 -0.023794 0.999707 0.004521 0.532704 0.089415 -0.002376 0.995992 19.887900
0.996034 0.023077 -0.085928 -77.313500 -0.022574 0.999722 0.006828 0.525020 0.086062 -0.004861 0.996278 20.664600
0.996294 0.020884 -0.083436 -77.386600 -0.020177 0.999753 0.009311 0.513796 0.083610 -0.007593 0.996470 21.450100
0.996558 0.017953 -0.080929 -77.434700 -0.017106 0.999791 0.011157 0.507631 0.081112 -0.009734 0.996657 22.198800
0.996805 0.017257 -0.077991 -77.497600 -0.016741 0.999833 0.007263 0.500919 0.078104 -0.005935 0.996928 22.957600
0.996853 0.020274 -0.076642 -77.555200 -0.020295 0.999794 0.000506 0.484704 0.076636 0.001051 0.997059 23.705400
0.996991 0.021491 -0.074482 -77.624900 -0.022079 0.999731 -0.007077 0.469888 0.074310 0.008700 0.997197 24.461200
0.997042 0.021966 -0.073656 -77.681900 -0.022845 0.999677 -0.011109 0.455613 0.073388 0.012759 0.997222 25.219900
0.997173 0.023387 -0.071402 -77.742900 -0.024160 0.999658 -0.009982 0.440916 0.071145 0.011679 0.997398 25.978500
0.997252 0.026997 -0.068989 -77.810300 -0.027435 0.999609 -0.005399 0.414548 0.068816 0.007277 0.997603 26.751700
0.997324 0.030195 -0.066586 -77.868500 -0.030264 0.999542 -0.000033 0.396222 0.066555 0.002048 0.997781 27.488200
0.997557 0.027973 -0.064008 -77.920300 -0.027921 0.999609 0.001713 0.384245 0.064031 0.000078 0.997948 28.248000
0.997732 0.025298 -0.062370 -77.975600 -0.025218 0.999680 0.002082 0.366503 0.062403 -0.000505 0.998051 29.010500
0.997852 0.023159 -0.061279 -78.020200 -0.023089 0.999732 0.001842 0.354011 0.061305 -0.000423 0.998119 29.760900
0.997908 0.022915 -0.060457 -78.070000 -0.022962 0.999736 -0.000078 0.341651 0.060440 0.001466 0.998171 30.508000
0.997992 0.020728 -0.059844 -78.114200 -0.020847 0.999782 -0.001366 0.331336 0.059803 0.002610 0.998207 31.263900
0.998044 0.019434 -0.059410 -78.158500 -0.019548 0.999808 -0.001332 0.319498 0.059372 0.002490 0.998233 32.023100
0.998036 0.023338 -0.058137 -78.220900 -0.023412 0.999726 -0.000586 0.309163 0.058108 0.001946 0.998308 32.802600
0.998039 0.023231 -0.058117 -78.267100 -0.023337 0.999727 -0.001148 0.297409 0.058075 0.002502 0.998309 33.577700
0.997941 0.022690 -0.059994 -78.312800 -0.022798 0.999739 -0.001117 0.284026 0.059953 0.002483 0.998198 34.352600
0.997907 0.020148 -0.061451 -78.371300 -0.020229 0.999795 -0.000699 0.272832 0.061424 0.001941 0.998110 35.140700
0.997662 0.021952 -0.064717 -78.432800 -0.022069 0.999756 -0.001083 0.264434 0.064678 0.002508 0.997903 35.944400
0.997380 0.026022 -0.067502 -78.491200 -0.026120 0.999659 -0.000577 0.239856 0.067464 0.002339 0.997719 36.718400
0.997190 0.026204 -0.070176 -78.557200 -0.026647 0.999630 -0.005379 0.226589 0.070009 0.007233 0.997520 37.513400
0.997007 0.026759 -0.072539 -78.625800 -0.027486 0.999581 -0.009047 0.216522 0.072266 0.011013 0.997325 38.303600
0.996901 0.026550 -0.074050 -78.702200 -0.027423 0.999566 -0.010805 0.204214 0.073731 0.012802 0.997196 39.099300
0.996728 0.027108 -0.076152 -78.771800 -0.027880 0.999570 -0.009092 0.183460 0.075873 0.011185 0.997055 39.928000
0.996587 0.025630 -0.078471 -78.837300 -0.026356 0.999619 -0.008237 0.164402 0.078230 0.010277 0.996882 40.751700
0.996493 0.025088 -0.079823 -78.910800 -0.025683 0.999649 -0.006428 0.147908 0.079634 0.008456 0.996788 41.572600
0.996404 0.024699 -0.081050 -78.981000 -0.025028 0.999682 -0.003048 0.138022 0.080949 0.005066 0.996705 42.398800
0.996323 0.024569 -0.082073 -79.054400 -0.024489 0.999698 0.001989 0.120893 0.082097 0.000028 0.996624 43.264200
0.996383 0.024329 -0.081418 -79.126000 -0.024082 0.999702 0.004012 0.109488 0.081492 -0.002037 0.996672 44.115600
0.996464 0.027602 -0.079352 -79.202900 -0.027367 0.999617 0.004051 0.098001 0.079434 -0.001865 0.996838 44.970900
0.996625 0.027137 -0.077468 -79.275700 -0.027002 0.999631 0.002801 0.091835 0.077516 -0.000700 0.996991 45.832100
0.996789 0.024882 -0.076113 -79.339100 -0.024924 0.999689 0.000392 0.081782 0.076099 0.001506 0.997099 46.692200
0.996994 0.020738 -0.074657 -79.398800 -0.020886 0.999781 -0.001199 0.067764 0.074616 0.002754 0.997209 47.562800
0.997181 0.019558 -0.072447 -79.471500 -0.019718 0.999804 -0.001489 0.057673 0.072403 0.002913 0.997371 48.441600
0.997281 0.017129 -0.071679 -79.534000 -0.017079 0.999853 0.001307 0.041154 0.071691 -0.000079 0.997427 49.316700
0.997418 0.014639 -0.070304 -79.602900 -0.014430 0.999890 0.003473 0.033049 0.070347 -0.002449 0.997520 50.193600
0.997452 0.014411 -0.069876 -79.661000 -0.014163 0.999892 0.004048 0.015091 0.069926 -0.003048 0.997547 51.069400
0.997500 0.016313 -0.068760 -79.720200 -0.016307 0.999867 0.000646 0.000742 0.068761 0.000477 0.997633 51.947800
0.997525 0.018774 -0.067767 -79.792000 -0.019149 0.999805 -0.004900 -0.019211 0.067661 0.006185 0.997689 52.804600
0.997538 0.020658 -0.067013 -79.852700 -0.021403 0.999717 -0.010421 -0.036525 0.066779 0.011830 0.997698 53.665500
0.997492 0.025474 -0.066037 -79.924700 -0.026609 0.999512 -0.016361 -0.058035 0.065588 0.018078 0.997683 54.512100
0.997580 0.025295 -0.064769 -79.988800 -0.026445 0.999506 -0.016957 -0.087278 0.064309 0.018628 0.997756 55.364100
0.997644 0.022431 -0.064830 -80.044100 -0.023231 0.999663 -0.011612 -0.101772 0.064548 0.013091 0.997829 56.227400
0.997588 0.021423 -0.066030 -80.096200 -0.021636 0.999763 -0.002507 -0.123487 0.065960 0.003929 0.997815 57.084200
0.997552 0.019933 -0.067030 -80.157900 -0.019594 0.999792 0.005714 -0.146621 0.067130 -0.004386 0.997735 57.936500
0.997415 0.018234 -0.069499 -80.218500 -0.018052 0.999832 0.003255 -0.157702 0.069546 -0.001992 0.997577 58.776900
0.997366 0.013164 -0.071331 -80.282500 -0.013194 0.999913 0.000063 -0.173277 0.071326 0.000878 0.997453 59.614300
0.997206 0.011899 -0.073751 -80.350600 -0.012044 0.999926 -0.001518 -0.193808 0.073728 0.002402 0.997276 60.450600
0.996955 0.013537 -0.076793 -80.414800 -0.013879 0.999896 -0.003917 -0.207064 0.076732 0.004971 0.997039 61.254200
0.996686 0.015016 -0.079950 -80.489600 -0.015658 0.999850 -0.007408 -0.224482 0.079826 0.008636 0.996771 62.073900
0.996344 0.015847 -0.083952 -80.564900 -0.016795 0.999803 -0.010594 -0.246221 0.083768 0.011965 0.996413 62.887600
0.996053 0.017629 -0.086988 -80.645200 -0.018968 0.999714 -0.014582 -0.269364 0.086706 0.016175 0.996103 63.699200
0.995678 0.022627 -0.090077 -80.736800 -0.024010 0.999609 -0.014300 -0.296475 0.089718 0.016401 0.995832 64.501200
0.995270 0.026256 -0.093533 -80.823300 -0.027539 0.999543 -0.012453 -0.317370 0.093164 0.014970 0.995538 65.305600
0.994823 0.029050 -0.097379 -80.913100 -0.029829 0.999533 -0.006559 -0.338433 0.097144 0.009429 0.995226 66.104000
0.994387 0.029603 -0.101574 -80.998500 -0.029864 0.999553 -0.001054 -0.358350 0.101497 0.004081 0.994827 66.920300
0.993871 0.029271 -0.106598 -81.089400 -0.029154 0.999571 0.002654 -0.373979 0.106630 0.000470 0.994299 67.716400
0.993165 0.028579 -0.113163 -81.185500 -0.028346 0.999591 0.003669 -0.386089 0.113222 -0.000436 0.993570 68.508800
0.992554 0.026000 -0.119000 -81.276700 -0.025272 0.999652 0.007620 -0.397512 0.119157 -0.004556 0.992865 69.294100
0.991738 0.026767 -0.125457 -81.382300 -0.026067 0.999634 0.007218 -0.407832 0.125605 -0.003888 0.992073 70.070600
0.990861 0.031317 -0.131200 -81.506700 -0.030715 0.999506 0.006607 -0.419246 0.131342 -0.002517 0.991334 70.844100
0.990000 0.032601 -0.137247 -81.620200 -0.032511 0.999467 0.002899 -0.429004 0.137269 0.001592 0.990533 71.609100
0.989145 0.031782 -0.143462 -81.730500 -0.032083 0.999485 0.000211 -0.438106 0.143395 0.004394 0.989656 72.357400
0.988296 0.033115 -0.148912 -81.853300 -0.033636 0.999434 -0.000981 -0.450920 0.148795 0.005978 0.988850 73.122400
0.987530 0.035063 -0.153477 -81.982700 -0.034868 0.999384 0.003964 -0.456410 0.153522 0.001436 0.988144 73.893900
0.986557 0.035807 -0.159445 -82.112500 -0.034960 0.999356 0.008114 -0.463948 0.159633 -0.002430 0.987173 74.653700
0.985572 0.035375 -0.165521 -82.247200 -0.034089 0.999363 0.010608 -0.481542 0.165791 -0.004813 0.986149 75.410700
0.984422 0.032786 -0.172735 -82.383800 -0.032115 0.999462 0.006675 -0.484812 0.172861 -0.001024 0.984946 76.159900
0.982943 0.030306 -0.181397 -82.531400 -0.030990 0.999519 -0.000938 -0.486556 0.181281 0.006543 0.983410 76.914900
0.981290 0.027842 -0.190511 -82.670100 -0.028763 0.999584 -0.002072 -0.503407 0.190374 0.007513 0.981683 77.634000
0.979250 0.027128 -0.200830 -82.833600 -0.027513 0.999621 0.000873 -0.514160 0.200778 0.004671 0.979626 78.372800
0.976876 0.027587 -0.212018 -83.001800 -0.026701 0.999619 0.007044 -0.522068 0.212132 -0.001220 0.977240 79.115100
0.974263 0.029035 -0.223538 -83.189300 -0.026482 0.999545 0.014413 -0.523487 0.223855 -0.008122 0.974589 79.847800
0.971501 0.030763 -0.235033 -83.357000 -0.027219 0.999462 0.018308 -0.533249 0.235469 -0.011389 0.971815 80.565900
0.968506 0.033905 -0.246672 -83.553800 -0.031485 0.999410 0.013750 -0.539260 0.246993 -0.005550 0.969001 81.276600
0.965455 0.033713 -0.258381 -83.763300 -0.033648 0.999423 0.004677 -0.543785 0.258389 0.004179 0.966032 81.977600
0.962239 0.031371 -0.270391 -83.977100 -0.032563 0.999470 0.000075 -0.546603 0.270250 0.008732 0.962750 82.683100
0.958807 0.030641 -0.282399 -84.194500 -0.030478 0.999523 0.004973 -0.553310 0.282417 0.003839 0.959284 83.405100
0.955261 0.031507 -0.294082 -84.414000 -0.029201 0.999499 0.012229 -0.558089 0.294320 -0.003095 0.955702 84.125400
0.951533 0.031460 -0.305933 -84.654900 -0.027426 0.999471 0.017474 -0.560592 0.306321 -0.008237 0.951893 84.840100
0.947404 0.029238 -0.318701 -84.898700 -0.025499 0.999548 0.015898 -0.565910 0.319022 -0.006936 0.947722 85.545800
0.943593 0.026838 -0.330017 -85.151100 -0.024348 0.999635 0.011679 -0.568766 0.330210 -0.002985 0.943903 86.240600
0.940711 0.022710 -0.338449 -85.423700 -0.022357 0.999738 0.004941 -0.575059 0.338473 0.002918 0.940972 86.917300
0.937691 0.018728 -0.346964 -85.671000 -0.020313 0.999793 -0.000931 -0.583419 0.346875 0.007921 0.937878 87.638500
0.934988 0.018567 -0.354193 -85.945000 -0.020956 0.999776 -0.002910 -0.591759 0.354060 0.010143 0.935168 88.344100
0.931957 0.023952 -0.361778 -86.239900 -0.026769 0.999638 -0.002776 -0.608290 0.361581 0.012271 0.932260 89.045800
0.928898 0.024331 -0.369534 -86.525600 -0.026421 0.999651 -0.000594 -0.620553 0.369391 0.010315 0.929217 89.742600
0.925791 0.025291 -0.377190 -86.822700 -0.024721 0.999674 0.006352 -0.625660 0.377228 0.003444 0.926114 90.454200
0.922969 0.027035 -0.383925 -87.117600 -0.023249 0.999625 0.014501 -0.628774 0.384173 -0.004458 0.923251 91.162000
0.920342 0.037279 -0.389335 -87.442100 -0.031352 0.999276 0.021567 -0.638631 0.389857 -0.007642 0.920844 91.863400
0.917581 0.044021 -0.395104 -87.762800 -0.039974 0.999030 0.018473 -0.638474 0.395533 -0.001157 0.918451 92.556200
0.915233 0.040816 -0.400853 -88.061500 -0.039565 0.999152 0.011401 -0.645359 0.400978 0.005425 0.916072 93.220300
0.913237 0.032304 -0.406147 -88.365300 -0.033915 0.999419 0.003231 -0.633913 0.406016 0.010824 0.913802 93.934900
0.911614 0.032591 -0.409754 -88.686500 -0.034578 0.999399 0.002561 -0.635802 0.409591 0.011834 0.912192 94.625900
0.909457 0.038928 -0.413972 -89.029700 -0.039155 0.999202 0.007940 -0.644475 0.413950 0.008988 0.910255 95.324700
0.906903 0.041714 -0.419270 -89.358000 -0.040114 0.999115 0.012635 -0.653311 0.419426 0.005359 0.907773 96.016400
0.904543 0.038123 -0.424675 -89.672800 -0.037014 0.999256 0.010865 -0.666735 0.424773 0.005891 0.905281 96.692700
0.902320 0.037010 -0.429475 -90.027200 -0.038952 0.999232 0.004271 -0.669049 0.429303 0.012875 0.903069 97.416800
0.900186 0.034411 -0.434143 -90.369400 -0.039250 0.999227 -0.002183 -0.676476 0.433733 0.019005 0.900841 98.104800
0.897833 0.035365 -0.438914 -90.717300 -0.040924 0.999157 -0.003208 -0.688588 0.438430 0.020842 0.898523 98.794300
0.895833 0.037664 -0.442791 -91.071500 -0.041648 0.999132 0.000727 -0.696503 0.442434 0.017790 0.896625 99.489700
0.893884 0.039969 -0.446514 -91.433400 -0.043226 0.999061 0.002895 -0.709183 0.446210 0.016713 0.894772 100.175000
0.891359 0.040340 -0.451500 -91.779000 -0.043369 0.999052 0.003642 -0.719976 0.451219 0.016335 0.892264 100.867000
0.889209 0.038627 -0.455867 -92.134500 -0.041856 0.999119 0.003015 -0.730471 0.455582 0.016399 0.890043 101.547000
0.887251 0.036616 -0.459832 -92.492000 -0.039787 0.999204 0.002796 -0.745767 0.459569 0.015815 0.888001 102.220000
0.885034 0.036509 -0.464092 -92.853100 -0.039467 0.999215 0.003341 -0.755877 0.463850 0.015359 0.885781 102.894000
0.882770 0.037425 -0.468312 -93.222400 -0.040422 0.999176 0.003655 -0.760576 0.468063 0.015703 0.883555 103.557000
0.880477 0.037901 -0.472571 -93.583300 -0.040979 0.999153 0.003782 -0.779049 0.472314 0.016036 0.881285 104.224000
0.878214 0.035138 -0.476975 -93.946000 -0.040067 0.999197 -0.000163 -0.792023 0.476586 0.019254 0.878917 104.879000
0.875903 0.031751 -0.481441 -94.305100 -0.038717 0.999240 -0.004540 -0.806996 0.480931 0.022617 0.876467 105.526000
0.873950 0.030228 -0.485075 -94.663400 -0.038369 0.999240 -0.006860 -0.824432 0.484499 0.024607 0.874446 106.161000
0.871924 0.031659 -0.488616 -95.026400 -0.038172 0.999266 -0.003371 -0.834186 0.488151 0.021590 0.872492 106.805000
0.870103 0.035572 -0.491584 -95.390100 -0.037722 0.999273 0.005541 -0.846478 0.491424 0.013723 0.870813 107.440000
0.868641 0.037541 -0.494018 -95.746800 -0.034612 0.999287 0.015079 -0.857035 0.494232 0.004001 0.869321 108.068000
0.867085 0.037534 -0.496744 -96.097700 -0.031831 0.999294 0.019946 -0.865700 0.497142 -0.001483 0.867668 108.680000
0.865458 0.033936 -0.499831 -96.448200 -0.028460 0.999422 0.018577 -0.855564 0.500172 -0.001853 0.865924 109.296000
0.863897 0.032156 -0.502641 -96.794000 -0.028470 0.999482 0.015010 -0.857191 0.502863 0.001343 0.864365 109.870000
0.862155 0.030291 -0.505738 -97.133000 -0.028005 0.999534 0.012126 -0.858959 0.505870 0.003709 0.862602 110.451000
0.860568 0.028911 -0.508514 -97.461400 -0.027070 0.999573 0.011019 -0.864344 0.508616 0.004283 0.860983 111.002000
0.859493 0.026536 -0.510458 -97.787400 -0.024577 0.999642 0.010585 -0.869594 0.510556 0.003448 0.859838 111.540000
0.857857 0.026857 -0.513187 -98.102400 -0.024302 0.999636 0.011690 -0.877509 0.513314 0.002443 0.858197 112.071000
0.856846 0.026638 -0.514884 -98.412000 -0.023226 0.999645 0.013066 -0.879503 0.515049 0.000763 0.857160 112.573000
0.855483 0.025130 -0.517220 -98.702600 -0.021120 0.999684 0.013639 -0.885885 0.517400 -0.000744 0.855744 113.050000
0.854109 0.023166 -0.519579 -98.990600 -0.018690 0.999729 0.013850 -0.889667 0.519759 -0.002119 0.854310 113.518000
0.853094 0.022810 -0.521259 -99.260800 -0.018794 0.999739 0.012989 -0.900078 0.521419 -0.001284 0.853300 113.942000
0.851977 0.022957 -0.523076 -99.533400 -0.020962 0.999733 0.009733 -0.910941 0.523159 0.002673 0.852231 114.356000
0.850247 0.019752 -0.526013 -99.781600 -0.020232 0.999784 0.004840 -0.901087 0.525995 0.006526 0.850463 114.777000
0.848125 0.015666 -0.529564 -100.021000 -0.017074 0.999852 0.002234 -0.895945 0.529521 0.007147 0.848267 115.157000
0.845655 0.011693 -0.533601 -100.258000 -0.012266 0.999922 0.002473 -0.899884 0.533588 0.004454 0.845733 115.531000
0.842327 0.012972 -0.538810 -100.485000 -0.012781 0.999910 0.004093 -0.906281 0.538815 0.003439 0.842417 115.875000
0.838571 0.016906 -0.544530 -100.707000 -0.016067 0.999851 0.006299 -0.916263 0.544555 0.003467 0.838718 116.199000
0.834489 0.022355 -0.550571 -100.915000 -0.019902 0.999748 0.010429 -0.916763 0.550665 0.002255 0.834723 116.514000
0.830945 0.028195 -0.555640 -101.126000 -0.021497 0.999596 0.018573 -0.934826 0.555939 -0.003489 0.831216 116.789000
0.826279 0.030425 -0.562439 -101.324000 -0.021174 0.999512 0.022962 -0.942032 0.562863 -0.007064 0.826520 117.073000
0.821132 0.027673 -0.570067 -101.510000 -0.017111 0.999569 0.023874 -0.940744 0.570482 -0.009849 0.821251 117.330000
0.814683 0.025350 -0.579352 -101.688000 -0.013679 0.999606 0.024503 -0.936222 0.579745 -0.012037 0.814709 117.572000
0.806009 0.023610 -0.591432 -101.857000 -0.010591 0.999619 0.025471 -0.931638 0.591809 -0.014266 0.805952 117.797000
0.795793 0.023897 -0.605097 -102.029000 -0.009931 0.999602 0.026417 -0.932998 0.605488 -0.015013 0.795713 118.006000
0.783862 0.025721 -0.620402 -102.200000 -0.011991 0.999582 0.026291 -0.934239 0.620820 -0.013169 0.783843 118.192000
0.770080 0.024229 -0.637488 -102.363000 -0.011997 0.999652 0.023501 -0.932415 0.637835 -0.010449 0.770102 118.361000
0.755484 0.022132 -0.654793 -102.521000 -0.012618 0.999735 0.019233 -0.940331 0.655045 -0.006268 0.755563 118.515000
0.740596 0.018256 -0.671702 -102.677000 -0.012368 0.999832 0.013537 -0.935125 0.671836 -0.001718 0.740698 118.665000
0.725524 0.019061 -0.687933 -102.836000 -0.016508 0.999811 0.010292 -0.939143 0.687999 0.003890 0.725701 118.796000
0.709501 0.023258 -0.704320 -102.991000 -0.023637 0.999678 0.009199 -0.946117 0.704308 0.010121 0.709823 118.921000
0.692166 0.024235 -0.721331 -103.165000 -0.026296 0.999619 0.008351 -0.926045 0.721259 0.013188 0.692540 119.067000
0.673358 0.022614 -0.738970 -103.329000 -0.023069 0.999688 0.009572 -0.922445 0.738956 0.010602 0.673670 119.203000
0.653381 0.022252 -0.756702 -103.481000 -0.019752 0.999729 0.012344 -0.929265 0.756771 0.006881 0.653644 119.321000
0.631327 0.024150 -0.775140 -103.657000 -0.019619 0.999692 0.015167 -0.927622 0.775268 0.005632 0.631607 119.437000
0.607326 0.028799 -0.793930 -103.841000 -0.022737 0.999563 0.018866 -0.926052 0.794127 0.006594 0.607716 119.543000
0.582504 0.032621 -0.812173 -104.025000 -0.024812 0.999442 0.022347 -0.918404 0.812449 0.007135 0.582989 119.649000
0.557448 0.035588 -0.829449 -104.215000 -0.026568 0.999334 0.025022 -0.913960 0.829787 0.008088 0.558022 119.743000
0.530991 0.038626 -0.846497 -104.408000 -0.029494 0.999198 0.027093 -0.908928 0.846864 0.010580 0.531704 119.839000
0.505185 0.043871 -0.861896 -104.597000 -0.033494 0.998951 0.031215 -0.916726 0.862361 0.013099 0.506124 119.904000
0.477493 0.046556 -0.877401 -104.789000 -0.035298 0.998805 0.033788 -0.912746 0.877926 0.014837 0.478566 119.974000
0.448168 0.046338 -0.892748 -104.979000 -0.033730 0.998821 0.034910 -0.916073 0.893313 0.014467 0.449203 120.043000
0.416714 0.043209 -0.908010 -105.179000 -0.033586 0.998920 0.032122 -0.913669 0.908417 0.017110 0.417715 120.098000
0.382890 0.040788 -0.922893 -105.385000 -0.032517 0.999001 0.030661 -0.928886 0.923221 0.018270 0.383834 120.150000
0.343828 0.038374 -0.938248 -105.634000 -0.031694 0.999070 0.029247 -0.918285 0.938498 0.019681 0.344724 120.211000
0.302210 0.037323 -0.952510 -105.907000 -0.030263 0.999105 0.029547 -0.908141 0.952761 0.019897 0.303069 120.268000
0.258081 0.035539 -0.965469 -106.187000 -0.028269 0.999173 0.029223 -0.900487 0.965710 0.019751 0.258873 120.317000
0.211668 0.033123 -0.976780 -106.486000 -0.026544 0.999252 0.028133 -0.892393 0.976981 0.019973 0.212389 120.343000
0.162841 0.030964 -0.986166 -106.793000 -0.025200 0.999312 0.027216 -0.879146 0.986330 0.020419 0.163509 120.356000
0.113025 0.031254 -0.993101 -107.116000 -0.023302 0.999314 0.028797 -0.873472 0.993319 0.019886 0.113675 120.353000
0.061233 0.032847 -0.997583 -107.418000 -0.020922 0.999281 0.031619 -0.865540 0.997904 0.018936 0.061876 120.336000
0.008444 0.035855 -0.999321 -107.783000 -0.017788 0.999204 0.035700 -0.861151 0.999806 0.017475 0.009075 120.302000
-0.045750 0.037212 -0.998260 -108.151000 -0.012856 0.999201 0.037837 -0.843381 0.998870 0.014565 -0.045235 120.259000
-0.098788 0.038346 -0.994369 -108.530000 -0.008591 0.999187 0.039386 -0.822710 0.995071 0.012434 -0.098378 120.183000
-0.151876 0.040235 -0.987580 -108.946000 -0.005533 0.999121 0.041556 -0.812345 0.988384 0.011776 -0.151520 120.091000
-0.203895 0.041813 -0.978099 -109.356000 -0.001931 0.999068 0.043111 -0.797294 0.978991 0.010679 -0.203624 119.977000
-0.253665 0.043429 -0.966317 -109.780000 0.002388 0.999017 0.044272 -0.781719 0.967289 0.008923 -0.253519 119.839000
-0.302013 0.044665 -0.952257 -110.202000 0.007790 0.998984 0.044386 -0.762650 0.953272 0.005987 -0.302054 119.676000
-0.349006 0.045145 -0.936032 -110.642000 0.012530 0.998974 0.043509 -0.734185 0.937037 0.003457 -0.349214 119.488000
-0.391377 0.048042 -0.918975 -111.065000 0.018084 0.998845 0.044516 -0.727941 0.920053 0.000804 -0.391794 119.258000
-0.434994 0.048547 -0.899124 -111.509000 0.022607 0.998820 0.042992 -0.698200 0.900149 -0.001625 -0.435578 119.043000
-0.474166 0.049733 -0.879030 -111.955000 0.025969 0.998759 0.042499 -0.679754 0.880052 -0.002676 -0.474869 118.778000
-0.508114 0.049840 -0.859847 -112.408000 0.027359 0.998754 0.041725 -0.658589 0.860855 -0.002323 -0.508844 118.481000
-0.536124 0.049752 -0.842672 -112.870000 0.027804 0.998761 0.041278 -0.640502 0.843681 -0.001300 -0.536843 118.154000
-0.559050 0.048539 -0.827712 -113.337000 0.026920 0.998821 0.040391 -0.620796 0.828697 0.000298 -0.559698 117.819000
-0.576219 0.046847 -0.815952 -113.808000 0.025461 0.998900 0.039370 -0.605040 0.816899 0.001910 -0.576778 117.458000
-0.590073 0.046285 -0.806022 -114.268000 0.024597 0.998923 0.039355 -0.585412 0.806975 0.003397 -0.590575 117.116000
-0.601186 0.047340 -0.797706 -114.770000 0.026051 0.998874 0.039646 -0.563257 0.798684 0.003054 -0.601742 116.727000
