1.000000 0.000000 0.000000 0.000000 0.000000 1.000000 0.000000 0.000000 0.000000 0.000000 1.000000 0.000000
0.999996 0.002961 0.000148 -0.005936 -0.002961 0.999995 0.001385 -0.012870 -0.000144 -0.001386 0.999999 0.772468
0.999985 0.005485 0.000583 -0.011756 -0.005486 0.999983 0.001954 -0.030164 -0.000572 -0.001957 0.999998 1.540580
0.999977 0.006698 0.001096 -0.019119 -0.006700 0.999976 0.001827 -0.048240 -0.001083 -0.001835 0.999998 2.277630
0.999962 0.008631 0.000968 -0.022053 -0.008632 0.999962 0.001534 -0.061450 -0.000955 -0.001543 0.999998 3.005110
0.999959 0.008935 0.001704 -0.032046 -0.008937 0.999959 0.001206 -0.074256 -0.001693 -0.001221 0.999998 3.721530
0.999957 0.009081 0.001692 -0.026359 -0.009084 0.999957 0.002006 -0.086435 -0.001674 -0.002021 0.999997 4.418710
0.999945 0.010071 0.002920 -0.046916 -0.010085 0.999936 0.005118 -0.103247 -0.002868 -0.005147 0.999983 5.086530
0.999942 0.009842 0.004305 -0.039270 -0.009879 0.999913 0.008781 -0.106725 -0.004218 -0.008823 0.999952 5.757720
0.999943 0.009122 0.005527 -0.036345 -0.009190 0.999882 0.012350 -0.117821 -0.005413 -0.012400 0.999908 6.386710
0.999943 0.008316 0.006740 -0.038409 -0.008414 0.999858 0.014578 -0.126464 -0.006617 -0.014633 0.999871 6.990510
0.999932 0.008858 0.007541 -0.021401 -0.008967 0.999853 0.014592 -0.137469 -0.007411 -0.014658 0.999865 7.575260
0.999917 0.009624 0.008571 -0.021445 -0.009728 0.999879 0.012103 -0.147710 -0.008453 -0.012185 0.999890 8.121930
0.999909 0.009539 0.009527 -0.022263 -0.009624 0.999913 0.008970 -0.148631 -0.009441 -0.009061 0.999914 8.653640
0.999910 0.007921 0.010859 -0.005224 -0.008005 0.999938 0.007680 -0.158806 -0.010798 -0.007766 0.999912 9.156850
0.999909 0.003947 0.012918 -0.004613 -0.004015 0.999978 0.005260 -0.163804 -0.012897 -0.005312 0.999903 9.613350
0.999891 0.001991 0.014647 0.013489 -0.002053 0.999989 0.004267 -0.169429 -0.014638 -0.004296 0.999884 10.063100
0.999843 0.006308 0.016556 0.018183 -0.006345 0.999978 0.002150 -0.178257 -0.016542 -0.002254 0.999861 10.478700
0.999750 0.010775 0.019608 0.017888 -0.010805 0.999941 0.001417 -0.187130 -0.019592 -0.001628 0.999807 10.864100
0.999684 0.011042 0.022583 0.029691 -0.011103 0.999935 0.002570 -0.195773 -0.022553 -0.002820 0.999742 11.213200
0.999640 0.006794 0.025943 0.043384 -0.006880 0.999971 0.003237 -0.203679 -0.025921 -0.003415 0.999658 11.527800
0.999586 0.002536 0.028669 0.056348 -0.002619 0.999993 0.002841 -0.205053 -0.028662 -0.002915 0.999585 11.810000
0.999518 -0.000879 0.031037 0.071673 0.000747 0.999991 0.004263 -0.211368 -0.031041 -0.004238 0.999509 12.066700
0.999438 -0.001244 0.033505 0.081220 0.001068 0.999986 0.005260 -0.216552 -0.033511 -0.005221 0.999425 12.298900
0.999363 -0.000611 0.035685 0.086311 0.000458 0.999991 0.004278 -0.220986 -0.035687 -0.004259 0.999354 12.502900
0.999305 0.000067 0.037278 0.106822 -0.000184 0.999995 0.003126 -0.230321 -0.037277 -0.003130 0.999300 12.701400
0.999181 0.002791 0.040360 0.101970 -0.002880 0.999994 0.002160 -0.233357 -0.040353 -0.002275 0.999183 12.860600
0.999098 0.005478 0.042099 0.105312 -0.005547 0.999983 0.001509 -0.238985 -0.042090 -0.001741 0.999112 13.030800
0.999034 0.006886 0.043395 0.111755 -0.006901 0.999976 0.000196 -0.247353 -0.043392 -0.000495 0.999058 13.184700
0.998954 0.005879 0.045339 0.120143 -0.005819 0.999982 -0.001475 -0.254933 -0.045346 0.001209 0.998971 13.333100
0.998890 0.004524 0.046896 0.128501 -0.004393 0.999986 -0.002879 -0.256855 -0.046908 0.002670 0.998896 13.477800
0.998828 0.003724 0.048267 0.135251 -0.003539 0.999986 -0.003917 -0.259944 -0.048281 0.003742 0.998827 13.614900
0.998751 0.004718 0.049745 0.142286 -0.004454 0.999975 -0.005412 -0.261153 -0.049769 0.005184 0.998747 13.750500
0.998685 0.005149 0.051004 0.147672 -0.004791 0.999963 -0.007147 -0.268100 -0.051039 0.006893 0.998673 13.870500
0.998636 0.005399 0.051939 0.157452 -0.004910 0.999943 -0.009528 -0.268851 -0.051988 0.009260 0.998605 13.998400
0.998604 0.004759 0.052599 0.164739 -0.004148 0.999923 -0.011725 -0.273974 -0.052651 0.011491 0.998547 14.122500
0.998630 0.004089 0.052165 0.171142 -0.003386 0.999902 -0.013558 -0.277401 -0.052215 0.013363 0.998546 14.252400
0.998738 0.003343 0.050113 0.176338 -0.002604 0.999887 -0.014806 -0.282559 -0.050157 0.014657 0.998634 14.373600
0.998880 0.003628 0.047166 0.181302 -0.002893 0.999873 -0.015655 -0.286127 -0.047217 0.015501 0.998764 14.505700
0.999062 0.004140 0.043111 0.178282 -0.003399 0.999845 -0.017247 -0.283418 -0.043176 0.017084 0.998921 14.625100
0.999282 0.004003 0.037686 0.172407 -0.003315 0.999827 -0.018301 -0.289137 -0.037753 0.018163 0.999122 14.749800
0.999529 0.003836 0.030457 0.175891 -0.003271 0.999822 -0.018580 -0.295788 -0.030522 0.018472 0.999363 14.864500
0.999731 0.003628 0.022912 0.177383 -0.003187 0.999809 -0.019268 -0.301455 -0.022978 0.019189 0.999552 14.987600
0.999881 0.003565 0.015033 0.166074 -0.003261 0.999790 -0.020250 -0.301080 -0.015102 0.020199 0.999682 15.120400
0.999984 0.002585 0.005104 0.155762 -0.002474 0.999766 -0.021490 -0.303254 -0.005158 0.021477 0.999756 15.254700
0.999966 0.001208 -0.008167 0.152070 -0.001397 0.999732 -0.023106 -0.306358 0.008137 0.023117 0.999700 15.404900
0.999709 0.000370 -0.024132 0.126975 -0.000979 0.999681 -0.025224 -0.307376 0.024115 0.025240 0.999391 15.559200
0.999062 0.000778 -0.043296 0.098566 -0.001916 0.999653 -0.026267 -0.309816 0.043260 0.026325 0.998717 15.738000
0.997880 0.001836 -0.065056 0.063904 -0.003528 0.999658 -0.025894 -0.315041 0.064986 0.026068 0.997546 15.908100
0.996054 0.002303 -0.088721 0.024842 -0.004486 0.999692 -0.024409 -0.322559 0.088638 0.024710 0.995757 16.116500
0.993339 0.003107 -0.115191 -0.023769 -0.005777 0.999722 -0.022852 -0.330357 0.115088 0.023366 0.993080 16.333700
0.989381 0.004145 -0.145288 -0.090387 -0.007175 0.999767 -0.020338 -0.341531 0.145170 0.021165 0.989180 16.560200
0.983965 0.004270 -0.178309 -0.166654 -0.007462 0.999824 -0.017235 -0.341606 0.178204 0.018289 0.983824 16.815100
0.976589 0.005526 -0.215043 -0.253726 -0.008546 0.999877 -0.013117 -0.350166 0.214944 0.014648 0.976517 17.055300
0.966873 0.006660 -0.255172 -0.351649 -0.009002 0.999927 -0.008011 -0.352343 0.255100 0.010042 0.966863 17.313200
0.955142 0.010372 -0.295967 -0.495811 -0.011829 0.999925 -0.003133 -0.354919 0.295912 0.006493 0.955193 17.602500
0.941016 0.013874 -0.338077 -0.635565 -0.014395 0.999896 0.000968 -0.355573 0.338055 0.003956 0.941118 17.873300
0.924212 0.016536 -0.381521 -0.784180 -0.015049 0.999863 0.006881 -0.361945 0.381583 -0.000618 0.924334 18.151000
0.904925 0.019890 -0.425105 -0.948240 -0.015132 0.999779 0.014566 -0.367253 0.425301 -0.006748 0.905027 18.428300
0.883129 0.024074 -0.468513 -1.120450 -0.016093 0.999649 0.021031 -0.366089 0.468855 -0.011034 0.883206 18.685300
0.858327 0.029731 -0.512241 -1.333780 -0.019152 0.999481 0.025919 -0.370882 0.512745 -0.012437 0.858451 18.967600
0.830315 0.033118 -0.556309 -1.554950 -0.020087 0.999363 0.029513 -0.371623 0.556932 -0.013331 0.830451 19.235500
0.799293 0.036938 -0.599806 -1.803880 -0.022713 0.999253 0.031271 -0.366470 0.600513 -0.011371 0.799534 19.502100
0.764969 0.039723 -0.642841 -2.077710 -0.023156 0.999147 0.034186 -0.357094 0.643651 -0.011266 0.765236 19.784100
0.728325 0.043814 -0.683830 -2.394390 -0.024651 0.998983 0.037752 -0.340475 0.684788 -0.010639 0.728664 20.060900
0.690083 0.043632 -0.722414 -2.728990 -0.021345 0.998974 0.039945 -0.317359 0.723416 -0.012146 0.690306 20.316600
0.648760 0.043467 -0.759751 -3.077550 -0.018842 0.998979 0.041064 -0.302644 0.760760 -0.012326 0.648917 20.579200
0.606794 0.042272 -0.793734 -3.462750 -0.013426 0.998987 0.042939 -0.289810 0.794746 -0.015398 0.606747 20.820900
0.561156 0.042312 -0.826628 -3.868340 -0.008323 0.998930 0.045482 -0.277248 0.827668 -0.018643 0.560908 21.078800
0.515284 0.044023 -0.855888 -4.292740 -0.006613 0.998854 0.047395 -0.257174 0.856994 -0.018762 0.514985 21.280300
0.465534 0.043524 -0.883959 -4.751100 -0.005549 0.998914 0.046261 -0.234145 0.885013 -0.016631 0.465270 21.475200
0.413606 0.042827 -0.909448 -5.236270 0.000195 0.998889 0.047127 -0.218778 0.910456 -0.019670 0.413138 21.659700
0.358895 0.041745 -0.932444 -5.745930 0.005321 0.998892 0.046767 -0.195523 0.933363 -0.021746 0.358275 21.843000
0.305265 0.040602 -0.951401 -6.257350 0.007716 0.998952 0.045107 -0.170509 0.952236 -0.021111 0.304632 21.974000
0.251739 0.046319 -0.966686 -6.816650 0.008689 0.998706 0.050117 -0.141147 0.967756 -0.021016 0.251011 22.083900
0.200143 0.051438 -0.978416 -7.411140 0.011103 0.998438 0.054762 -0.113142 0.979704 -0.021824 0.199259 22.176200
0.152520 0.052651 -0.986897 -7.995240 0.016447 0.998306 0.055801 -0.087822 0.988164 -0.024743 0.151396 22.237800
0.108065 0.054183 -0.992666 -8.613850 0.018873 0.998222 0.056540 -0.066204 0.993965 -0.024845 0.106850 22.281200
0.068070 0.052385 -0.996304 -9.245530 0.018547 0.998382 0.053761 -0.037828 0.997508 -0.022138 0.066988 22.288500
0.032391 0.047978 -0.998323 -9.885590 0.016557 0.998684 0.048532 -0.004918 0.999338 -0.018101 0.031554 22.289500
0.004066 0.047779 -0.998850 -10.560600 0.013861 0.998759 0.047831 0.032146 0.999896 -0.014039 0.003399 22.264700
-0.017225 0.052193 -0.998488 -11.257200 0.013209 0.998561 0.051969 0.059682 0.999764 -0.012294 -0.017890 22.242700
-0.029978 0.058098 -0.997861 -11.982800 0.014698 0.998227 0.057678 0.094984 0.999442 -0.012937 -0.030779 22.207800
-0.038147 0.060871 -0.997416 -12.723000 0.014341 0.998074 0.060362 0.125309 0.999169 -0.012001 -0.038947 22.175700
-0.041726 0.058061 -0.997441 -13.481800 0.015287 0.998230 0.057467 0.160463 0.999012 -0.012850 -0.042539 22.136100
-0.041086 0.054173 -0.997686 -14.261000 0.022846 0.998319 0.053267 0.196139 0.998894 -0.020604 -0.042254 22.109900
-0.036808 0.052453 -0.997945 -15.066900 0.034563 0.998091 0.051186 0.242461 0.998724 -0.032608 -0.038551 22.093900
-0.031150 0.052580 -0.998131 -15.890500 0.035035 0.998059 0.051483 0.279737 0.998901 -0.033366 -0.032931 22.070600
-0.026072 0.051392 -0.998338 -16.752100 0.033213 0.998171 0.050516 0.309914 0.999108 -0.031841 -0.027732 22.043800
-0.023104 0.044757 -0.998731 -17.623000 0.036816 0.998358 0.043889 0.350784 0.999055 -0.035755 -0.024713 22.036500
-0.020894 0.034078 -0.999201 -18.497600 0.034675 0.998842 0.033340 0.382535 0.999180 -0.033950 -0.022052 22.012600
-0.020349 0.025697 -0.999463 -19.397900 0.027036 0.999318 0.025143 0.407943 0.999427 -0.026510 -0.021030 21.979000
-0.021638 0.022715 -0.999508 -20.316900 0.021318 0.999525 0.022254 0.435925 0.999539 -0.020826 -0.022112 21.945900
-0.025185 0.029077 -0.999260 -21.274200 0.012192 0.999511 0.028778 0.448883 0.999608 -0.011458 -0.025527 21.905600
-0.030209 0.037205 -0.998851 -22.241700 0.007652 0.999286 0.036989 0.474493 0.999514 -0.006526 -0.030472 21.857600
-0.034343 0.046781 -0.998315 -23.217000 0.006035 0.998895 0.046601 0.508166 0.999392 -0.004425 -0.034587 21.804100
-0.036377 0.056676 -0.997730 -24.252400 0.004561 0.998390 0.056547 0.550243 0.999328 -0.002494 -0.036577 21.773200
-0.037370 0.064588 -0.997212 -25.272200 0.006470 0.997904 0.064390 0.594914 0.999281 -0.004046 -0.037709 21.733300
-0.039013 0.065413 -0.997095 -26.296200 0.007486 0.997846 0.065169 0.647843 0.999211 -0.004922 -0.039419 21.693600
-0.040547 0.062543 -0.997218 -27.290100 0.006241 0.998035 0.062341 0.698771 0.999158 -0.003696 -0.040858 21.644900
-0.043363 0.057541 -0.997401 -28.309600 0.005869 0.998337 0.057340 0.747237 0.999042 -0.003367 -0.043628 21.594900
-0.047802 0.052550 -0.997474 -29.342400 0.005970 0.998612 0.052324 0.790139 0.998839 -0.003454 -0.048049 21.536300
-0.053472 0.048007 -0.997415 -30.358900 0.006135 0.998841 0.047747 0.829428 0.998551 -0.003566 -0.053704 21.479400
-0.060129 0.046130 -0.997124 -31.382400 0.005281 0.998932 0.045895 0.869158 0.998177 -0.002506 -0.060309 21.401600
-0.067012 0.048378 -0.996579 -32.432600 0.005443 0.998827 0.048122 0.911546 0.997737 -0.002199 -0.067197 21.331600
-0.073269 0.053092 -0.995898 -33.501800 0.003844 0.998590 0.052953 0.953281 0.997305 0.000051 -0.073370 21.244400
-0.079540 0.056197 -0.995246 -34.565600 0.001319 0.998415 0.056270 0.994590 0.996831 0.003163 -0.079488 21.151300
-0.084042 0.058302 -0.994755 -35.634800 -0.002023 0.998275 0.058679 1.043890 0.996460 0.006944 -0.083779 21.048800
-0.086912 0.059552 -0.994434 -36.711900 -0.006352 0.998158 0.060330 1.094880 0.996196 0.011560 -0.086374 20.948100
-0.088528 0.060738 -0.994220 -37.786500 -0.010916 0.998020 0.061942 1.148700 0.996014 0.016337 -0.087690 20.838400
-0.089661 0.060326 -0.994144 -38.858200 -0.011928 0.998027 0.061637 1.198180 0.995901 0.017385 -0.088764 20.725600
-0.091244 0.059658 -0.994040 -39.938600 -0.012489 0.998057 0.061045 1.246440 0.995750 0.017984 -0.090322 20.620100
-0.092172 0.058730 -0.994010 -41.017400 -0.013325 0.998097 0.060207 1.300380 0.995654 0.018795 -0.091214 20.516200
-0.093205 0.057952 -0.993959 -42.108700 -0.015491 0.998099 0.059646 1.351030 0.995526 0.020957 -0.092130 20.405200
-0.093656 0.055301 -0.994068 -43.185700 -0.020335 0.998142 0.057444 1.400760 0.995397 0.025594 -0.092358 20.288800
-0.093872 0.050294 -0.994313 -44.275300 -0.025190 0.998283 0.052873 1.448460 0.995266 0.030010 -0.092444 20.175400
-0.093154 0.049844 -0.994403 -45.387000 -0.026913 0.998255 0.052558 1.491200 0.995288 0.031659 -0.091650 20.064500
-0.091645 0.054042 -0.994324 -46.497500 -0.027782 0.997999 0.056802 1.536830 0.995404 0.032830 -0.089960 19.959400
-0.089641 0.057295 -0.994325 -47.600200 -0.027891 0.997808 0.060010 1.579150 0.995584 0.033112 -0.087847 19.850700
-0.088155 0.056678 -0.994493 -48.706500 -0.026021 0.997908 0.059180 1.634770 0.995767 0.031095 -0.086496 19.749700
-0.085555 0.055980 -0.994760 -49.823500 -0.025843 0.997960 0.058382 1.686360 0.995998 0.030702 -0.083934 19.646200
-0.081246 0.056287 -0.995104 -50.933800 -0.030319 0.997802 0.058915 1.739890 0.996233 0.034957 -0.079360 19.542600
-0.075666 0.057385 -0.995481 -52.078900 -0.035240 0.997565 0.060184 1.787680 0.996510 0.039635 -0.073460 19.441500
-0.070343 0.056870 -0.995900 -53.199000 -0.039046 0.997451 0.059717 1.840560 0.996758 0.043086 -0.067943 19.357500
-0.063635 0.055664 -0.996420 -54.328700 -0.040863 0.997461 0.058332 1.901590 0.997136 0.044429 -0.061199 19.263700
-0.058207 0.055132 -0.996781 -55.469700 -0.040114 0.997538 0.057516 1.951430 0.997498 0.043333 -0.055852 19.196400
-0.053286 0.054904 -0.997069 -56.609700 -0.038372 0.997637 0.056986 1.998850 0.997842 0.041296 -0.051053 19.138900
-0.047147 0.055050 -0.997370 -57.758000 -0.037849 0.997665 0.056855 2.060600 0.998171 0.040430 -0.044953 19.071200
-0.041208 0.056460 -0.997554 -58.905100 -0.037140 0.997626 0.057998 2.116210 0.998460 0.039440 -0.039013 19.013100
-0.035216 0.057835 -0.997705 -60.055500 -0.037761 0.997534 0.059158 2.164480 0.998666 0.039758 -0.032945 18.963000
-0.030821 0.057322 -0.997880 -61.201500 -0.037173 0.997598 0.058454 2.207410 0.998833 0.038896 -0.028616 18.939200
-0.026080 0.052651 -0.998272 -62.345000 -0.037378 0.997862 0.053606 2.256160 0.998961 0.038712 -0.024057 18.904900
-0.021230 0.047128 -0.998663 -63.515700 -0.037636 0.998143 0.047903 2.306660 0.999066 0.038602 -0.019417 18.875400
-0.017906 0.046922 -0.998738 -64.689600 -0.036942 0.998185 0.047558 2.340630 0.999157 0.037747 -0.016140 18.853000
-0.014213 0.049308 -0.998682 -65.858600 -0.036400 0.998096 0.049797 2.381980 0.999236 0.037060 -0.012392 18.826700
-0.012386 0.049012 -0.998721 -67.026800 -0.036525 0.998109 0.049435 2.421400 0.999256 0.037091 -0.010572 18.810300
-0.011129 0.048477 -0.998762 -68.199900 -0.038462 0.998064 0.048871 2.470270 0.999198 0.038958 -0.009243 18.786600
-0.010679 0.049693 -0.998707 -69.363800 -0.039447 0.997966 0.050078 2.506760 0.999165 0.039930 -0.008697 18.774200
-0.009621 0.049477 -0.998729 -70.539100 -0.040143 0.997951 0.049825 2.545660 0.999148 0.040571 -0.007615 18.758300
-0.008593 0.047318 -0.998843 -71.723600 -0.040566 0.998041 0.047629 2.588800 0.999140 0.040928 -0.006656 18.744700
-0.008343 0.045887 -0.998912 -72.900700 -0.038738 0.998182 0.046177 2.630870 0.999215 0.039082 -0.006550 18.737900
-0.007769 0.045868 -0.998917 -74.092800 -0.035435 0.998307 0.046116 2.663950 0.999342 0.035755 -0.006130 18.723500
-0.007298 0.046376 -0.998897 -75.275500 -0.033509 0.998352 0.046595 2.706690 0.999412 0.033812 -0.005732 18.710200
-0.007641 0.049671 -0.998736 -76.477300 -0.032406 0.998229 0.049894 2.737630 0.999446 0.032746 -0.006017 18.706100
-0.006936 0.053518 -0.998543 -77.659800 -0.034652 0.997954 0.053727 2.777170 0.999375 0.034974 -0.005067 18.684100
-0.006874 0.053452 -0.998547 -78.852100 -0.036861 0.997878 0.053670 2.820110 0.999297 0.037176 -0.004889 18.679600
-0.006345 0.051213 -0.998668 -80.029200 -0.038041 0.997952 0.051418 2.864460 0.999256 0.038316 -0.004384 18.664400
-0.006296 0.048622 -0.998797 -81.218700 -0.037846 0.998090 0.048826 2.910390 0.999264 0.038108 -0.004444 18.649700
-0.006083 0.047914 -0.998833 -82.399900 -0.035589 0.998208 0.048101 2.951370 0.999348 0.035840 -0.004367 18.636900
-0.006189 0.049484 -0.998756 -83.586300 -0.034463 0.998171 0.049669 2.986010 0.999387 0.034727 -0.004472 18.632100
-0.005999 0.052286 -0.998614 -84.765200 -0.033625 0.998057 0.052459 3.024490 0.999417 0.033894 -0.004229 18.621600
-0.005425 0.054886 -0.998478 -85.937200 -0.034157 0.997900 0.055040 3.062670 0.999402 0.034403 -0.003539 18.613000
-0.005122 0.055057 -0.998470 -87.129400 -0.036813 0.997796 0.055209 3.103300 0.999309 0.037040 -0.003084 18.589800
-0.005193 0.052897 -0.998586 -88.301800 -0.036175 0.997936 0.053051 3.147990 0.999332 0.036399 -0.003268 18.585600
-0.004910 0.051707 -0.998650 -89.473300 -0.034837 0.998047 0.051847 3.186410 0.999381 0.035045 -0.003099 18.573500
-0.004441 0.052800 -0.998595 -90.625300 -0.033434 0.998039 0.052920 3.225840 0.999431 0.033622 -0.002667 18.565700
-0.004455 0.055140 -0.998469 -91.804500 -0.031133 0.997987 0.055253 3.277930 0.999505 0.031332 -0.002729 18.562600
-0.004309 0.058017 -0.998306 -92.975600 -0.029873 0.997863 0.058120 3.316360 0.999544 0.030073 -0.002566 18.558500
-0.003700 0.059869 -0.998199 -94.143200 -0.030507 0.997735 0.059954 3.364180 0.999528 0.030674 -0.001866 18.546400
-0.003140 0.061815 -0.998083 -95.307100 -0.033144 0.997533 0.061886 3.413860 0.999446 0.033275 -0.001083 18.532100
-0.002998 0.061070 -0.998129 -96.459700 -0.035200 0.997508 0.061138 3.458300 0.999376 0.035318 -0.000841 18.525000
-0.002997 0.056698 -0.998387 -97.613200 -0.037499 0.997683 0.056771 3.512210 0.999292 0.037609 -0.000864 18.509700
-0.002648 0.054781 -0.998495 -98.772300 -0.039173 0.997726 0.054843 3.563150 0.999229 0.039259 -0.000496 18.497300
-0.002342 0.053328 -0.998574 -99.926600 -0.038432 0.997835 0.053378 3.598880 0.999258 0.038502 -0.000287 18.490800
-0.002220 0.053881 -0.998545 -101.094000 -0.037191 0.997852 0.053927 3.643090 0.999306 0.037256 -0.000211 18.490700
-0.002134 0.056040 -0.998426 -102.235000 -0.037337 0.997728 0.056080 3.684290 0.999300 0.037398 -0.000037 18.477800
-0.001943 0.058259 -0.998300 -103.411000 -0.036005 0.997650 0.058292 3.729240 0.999350 0.036057 0.000159 18.468900
-0.002451 0.056804 -0.998382 -104.575000 -0.040053 0.997579 0.056857 3.786410 0.999195 0.040128 -0.000170 18.454900
-0.002574 0.058356 -0.998293 -105.732000 -0.043399 0.997349 0.058413 3.830170 0.999055 0.043475 -0.000035 18.443900
-0.002899 0.057497 -0.998341 -106.908000 -0.046857 0.997241 0.057569 3.882960 0.998897 0.046946 -0.000196 18.429100
-0.003009 0.053616 -0.998557 -108.063000 -0.048510 0.997378 0.053699 3.933560 0.998818 0.048602 -0.000400 18.413800
-0.003514 0.049856 -0.998750 -109.262000 -0.047813 0.997606 0.049968 3.975260 0.998850 0.047929 -0.001122 18.407600
-0.004316 0.049045 -0.998787 -110.455000 -0.044585 0.997794 0.049189 4.019220 0.998996 0.044743 -0.002120 18.396800
-0.005107 0.048501 -0.998810 -111.630000 -0.040229 0.998005 0.048668 4.055320 0.999177 0.040430 -0.003145 18.404000
-0.005318 0.050148 -0.998728 -112.850000 -0.039557 0.997949 0.050320 4.106090 0.999203 0.039774 -0.003324 18.387800
-0.005922 0.054306 -0.998507 -114.086000 -0.038475 0.997773 0.054494 4.142610 0.999242 0.038741 -0.003819 18.376600
-0.006567 0.053876 -0.998526 -115.322000 -0.036716 0.997861 0.054082 4.209160 0.999304 0.037017 -0.004574 18.367400
-0.007595 0.049299 -0.998755 -116.545000 -0.036913 0.998089 0.049547 4.261480 0.999290 0.037244 -0.005760 18.357300
-0.008424 0.046262 -0.998894 -117.781000 -0.037149 0.998225 0.046544 4.293710 0.999274 0.037500 -0.006690 18.339900
-0.008750 0.044655 -0.998964 -119.043000 -0.035933 0.998343 0.044942 4.340080 0.999316 0.036289 -0.007131 18.328000
-0.009541 0.045711 -0.998909 -120.285000 -0.037894 0.998221 0.046041 4.385860 0.999236 0.038292 -0.007792 18.308100
-0.009833 0.050752 -0.998663 -121.556000 -0.042949 0.997768 0.051129 4.427340 0.999029 0.043395 -0.007631 18.281700
-0.009698 0.053755 -0.998507 -122.822000 -0.048641 0.997347 0.054164 4.476390 0.998769 0.049093 -0.007058 18.243500
-0.009701 0.053699 -0.998510 -124.085000 -0.055921 0.996965 0.054159 4.527880 0.998388 0.056363 -0.006669 18.212900
-0.009064 0.051621 -0.998626 -125.344000 -0.059292 0.996882 0.052069 4.577970 0.998200 0.059683 -0.005975 18.179900
-0.009997 0.050218 -0.998688 -126.619000 -0.061492 0.996817 0.050740 4.627560 0.998057 0.061919 -0.006878 18.165400
-0.010849 0.049326 -0.998724 -127.879000 -0.061228 0.996876 0.049899 4.670190 0.998065 0.061691 -0.007795 18.148400
-0.010999 0.049222 -0.998727 -129.169000 -0.059362 0.996994 0.049791 4.707170 0.998176 0.059834 -0.008044 18.128100
-0.011587 0.050104 -0.998677 -130.420000 -0.059511 0.996939 0.050708 4.747940 0.998160 0.060020 -0.008570 18.111900
-0.012191 0.054815 -0.998422 -131.690000 -0.059526 0.996686 0.055447 4.797920 0.998152 0.060108 -0.008888 18.090000
-0.012782 0.058963 -0.998178 -132.970000 -0.058739 0.996492 0.059615 4.849070 0.998192 0.059394 -0.009274 18.069500
-0.012374 0.057838 -0.998249 -134.229000 -0.058802 0.996556 0.058469 4.898360 0.998193 0.059423 -0.008931 18.036600
-0.011879 0.056013 -0.998359 -135.489000 -0.058357 0.996689 0.056614 4.954900 0.998225 0.058934 -0.008571 18.024800
-0.010391 0.055402 -0.998410 -136.739000 -0.057418 0.996783 0.055910 5.007070 0.998296 0.057907 -0.007176 18.001200
-0.009740 0.054727 -0.998454 -137.994000 -0.057967 0.996791 0.055201 5.053510 0.998271 0.058415 -0.006536 17.989400
-0.009112 0.056914 -0.998338 -139.239000 -0.057974 0.996670 0.057348 5.102790 0.998277 0.058400 -0.005782 17.976700
-0.008087 0.060498 -0.998136 -140.508000 -0.058717 0.996417 0.060869 5.155520 0.998242 0.059100 -0.004505 17.959900
-0.006546 0.061384 -0.998093 -141.762000 -0.060357 0.996270 0.061668 5.213770 0.998155 0.060646 -0.002816 17.940800
-0.005352 0.058876 -0.998251 -143.017000 -0.062483 0.996295 0.059095 5.263380 0.998032 0.062690 -0.001653 17.923000
-0.005748 0.055843 -0.998423 -144.265000 -0.061229 0.996546 0.056090 5.314020 0.998107 0.061455 -0.002309 17.914600
-0.005452 0.054271 -0.998511 -145.513000 -0.058583 0.996794 0.054497 5.363550 0.998268 0.058793 -0.002255 17.904000
-0.005556 0.053956 -0.998528 -146.777000 -0.056389 0.996938 0.054184 5.400420 0.998393 0.056607 -0.002496 17.893100
-0.005910 0.054213 -0.998512 -148.011000 -0.054328 0.997037 0.054454 5.451270 0.998506 0.054569 -0.002947 17.887200
-0.006155 0.052587 -0.998597 -149.265000 -0.052432 0.997226 0.052838 5.500430 0.998606 0.052684 -0.003381 17.887600
-0.006177 0.052886 -0.998581 -150.506000 -0.051466 0.997260 0.053134 5.545050 0.998656 0.051721 -0.003438 17.875900
-0.006680 0.055378 -0.998443 -151.744000 -0.049309 0.997233 0.055641 5.596930 0.998761 0.049604 -0.003931 17.870200
-0.006347 0.056671 -0.998373 -152.987000 -0.047142 0.997266 0.056908 5.644890 0.998868 0.047427 -0.003658 17.850700
-0.005909 0.055124 -0.998462 -154.218000 -0.045253 0.997442 0.055335 5.695920 0.998958 0.045510 -0.003399 17.832000
-0.007353 0.055532 -0.998430 -155.456000 -0.045719 0.997394 0.055811 5.744120 0.998927 0.046058 -0.004795 17.831000
-0.007272 0.060224 -0.998158 -156.687000 -0.046667 0.997077 0.060499 5.797200 0.998884 0.047021 -0.004440 17.816600
-0.006980 0.066934 -0.997733 -157.916000 -0.051564 0.996406 0.067206 5.848970 0.998645 0.051916 -0.003504 17.805100
-0.005536 0.067176 -0.997726 -159.173000 -0.055691 0.996172 0.067380 5.905110 0.998433 0.055937 -0.001774 17.781400
-0.004176 0.062936 -0.998009 -160.400000 -0.059571 0.996229 0.063073 5.969250 0.998215 0.059716 -0.000411 17.760200
-0.002338 0.058094 -0.998308 -161.618000 -0.061567 0.996409 0.058127 6.013280 0.998100 0.061599 0.001247 17.745500
-0.001759 0.056492 -0.998402 -162.841000 -0.063906 0.996356 0.056489 6.066250 0.997954 0.063903 0.001858 17.736700
-0.000328 0.053459 -0.998570 -164.042000 -0.059033 0.996828 0.053385 6.106110 0.998256 0.058966 0.002829 17.743000
-0.000074 0.048661 -0.998815 -165.255000 -0.055895 0.997254 0.048589 6.156140 0.998437 0.055832 0.002646 17.736800
-0.000395 0.045203 -0.998978 -166.496000 -0.049729 0.997741 0.045166 6.199650 0.998763 0.049696 0.001854 17.739900
-0.001475 0.048339 -0.998830 -167.725000 -0.047700 0.997691 0.048354 6.241190 0.998861 0.047716 0.000834 17.737800
-0.000790 0.054692 -0.998503 -168.955000 -0.048631 0.997320 0.054665 6.284980 0.998817 0.048601 0.001872 17.729000
0.000753 0.057907 -0.998322 -170.184000 -0.049792 0.997086 0.057798 6.334210 0.998759 0.049665 0.003634 17.725100
0.002580 0.054255 -0.998524 -171.398000 -0.050689 0.997251 0.054055 6.386330 0.998711 0.050474 0.005323 17.719400
0.002980 0.054864 -0.998489 -172.618000 -0.053014 0.997098 0.054629 6.433190 0.998589 0.052771 0.005880 17.721000
0.004325 0.055843 -0.998430 -173.829000 -0.051624 0.997121 0.055546 6.478290 0.998657 0.051303 0.007195 17.716700
0.004641 0.053650 -0.998549 -175.035000 -0.051136 0.997266 0.053343 6.526930 0.998681 0.050815 0.007372 17.723800
0.006977 0.052014 -0.998622 -176.237000 -0.052119 0.997308 0.051582 6.572460 0.998617 0.051687 0.009669 17.715500
0.008147 0.054006 -0.998507 -177.402000 -0.053199 0.997150 0.053499 6.610030 0.998551 0.052684 0.010996 17.728100
0.009845 0.055974 -0.998384 -178.518000 -0.053080 0.997054 0.055376 6.642070 0.998542 0.052449 0.012788 17.725400
0.010245 0.057084 -0.998317 -179.606000 -0.053957 0.996946 0.056452 6.679370 0.998491 0.053287 0.013294 17.732200
0.010661 0.058825 -0.998211 -180.700000 -0.054417 0.996823 0.058162 6.706040 0.998461 0.053700 0.013828 17.731500
0.010282 0.059736 -0.998161 -181.752000 -0.053749 0.996804 0.059101 6.743890 0.998502 0.053042 0.013460 17.744200
0.011129 0.058903 -0.998202 -182.771000 -0.054342 0.996824 0.058216 6.779300 0.998460 0.053596 0.014295 17.743800
0.012693 0.059105 -0.998171 -183.748000 -0.055121 0.996775 0.058322 6.809730 0.998399 0.054280 0.015910 17.751400
0.013741 0.059712 -0.998121 -184.715000 -0.055852 0.996703 0.058859 6.844180 0.998344 0.054938 0.017031 17.766700
0.013358 0.058035 -0.998225 -185.652000 -0.054619 0.996866 0.057225 6.875610 0.998418 0.053758 0.016486 17.772700
0.009961 0.054980 -0.998438 -186.589000 -0.052034 0.997163 0.054391 6.906000 0.998596 0.051411 0.012794 17.784000
0.004993 0.051351 -0.998668 -187.514000 -0.051820 0.997352 0.051024 6.936310 0.998644 0.051496 0.007641 17.784800
0.000117 0.048460 -0.998825 -188.439000 -0.053430 0.997399 0.048384 6.965900 0.998572 0.053362 0.002706 17.776000
-0.003602 0.047580 -0.998861 -189.372000 -0.055854 0.997299 0.047707 6.999730 0.998432 0.055962 -0.000935 17.764500
-0.006219 0.048517 -0.998803 -190.287000 -0.057535 0.997150 0.048795 7.023890 0.998324 0.057769 -0.003410 17.744800
-0.007966 0.049939 -0.998721 -191.216000 -0.056478 0.997135 0.050310 7.059020 0.998372 0.056807 -0.005123 17.728100
-0.010085 0.051621 -0.998616 -192.146000 -0.053063 0.997232 0.052086 7.086000 0.998540 0.053515 -0.007318 17.732600
-0.011379 0.051750 -0.998595 -193.063000 -0.051534 0.997302 0.052270 7.121340 0.998606 0.052056 -0.008681 17.717300
-0.012098 0.050368 -0.998657 -193.963000 -0.052291 0.997332 0.050935 7.157350 0.998559 0.052837 -0.009432 17.698800
-0.013062 0.049637 -0.998682 -194.880000 -0.053854 0.997283 0.050272 7.179900 0.998463 0.054440 -0.010353 17.680700
-0.013103 0.049328 -0.998697 -195.790000 -0.057329 0.997102 0.050002 7.206170 0.998269 0.057910 -0.010237 17.667200
-0.012632 0.047088 -0.998811 -196.706000 -0.059996 0.997055 0.047764 7.241950 0.998119 0.060528 -0.009769 17.652600
-0.011804 0.044885 -0.998922 -197.617000 -0.059927 0.997165 0.045514 7.264500 0.998133 0.060399 -0.009080 17.639700
-0.010632 0.042087 -0.999057 -198.542000 -0.059955 0.997289 0.042651 7.294230 0.998144 0.060352 -0.008080 17.612900
-0.009633 0.041997 -0.999071 -199.459000 -0.059688 0.997312 0.042498 7.316970 0.998171 0.060042 -0.007100 17.598400
-0.009776 0.044686 -0.998953 -200.391000 -0.057300 0.997334 0.045174 7.343890 0.998309 0.057682 -0.007189 17.598100
-0.009214 0.045818 -0.998907 -201.334000 -0.056681 0.997320 0.046268 7.372340 0.998350 0.057045 -0.006592 17.578700
-0.008511 0.042413 -0.999064 -202.256000 -0.051698 0.997745 0.042797 7.397120 0.998627 0.052014 -0.006299 17.574400
-0.007984 0.039310 -0.999195 -203.199000 -0.050094 0.997957 0.039661 7.425630 0.998713 0.050371 -0.005998 17.560100
-0.007544 0.039749 -0.999181 -204.141000 -0.054651 0.997700 0.040103 7.456270 0.998477 0.054909 -0.005354 17.542100
-0.006193 0.043693 -0.999026 -205.088000 -0.055550 0.997487 0.043970 7.483970 0.998437 0.055768 -0.003751 17.531600
-0.004300 0.043286 -0.999053 -206.064000 -0.053138 0.997641 0.043453 7.515140 0.998578 0.053274 -0.001990 17.529000
-0.002204 0.044260 -0.999018 -207.024000 -0.051897 0.997669 0.044314 7.553510 0.998650 0.051944 0.000098 17.526500
-0.000490 0.048890 -0.998804 -207.996000 -0.053038 0.997397 0.048847 7.588640 0.998592 0.052998 0.002104 17.519600
0.001211 0.053121 -0.998587 -209.005000 -0.050092 0.997338 0.052994 7.620400 0.998744 0.049957 0.003868 17.523500
0.002510 0.053651 -0.998557 -209.994000 -0.049655 0.997335 0.053460 7.659680 0.998763 0.049449 0.005167 17.522200
0.004110 0.054701 -0.998494 -211.006000 -0.052918 0.997116 0.054408 7.699450 0.998590 0.052615 0.006992 17.526400
0.007485 0.056542 -0.998372 -212.044000 -0.055542 0.996882 0.056042 7.742960 0.998428 0.055033 0.010602 17.519100
0.010873 0.056759 -0.998329 -213.071000 -0.056603 0.996822 0.056056 7.788050 0.998338 0.055899 0.014051 17.530500
0.013844 0.053817 -0.998455 -214.095000 -0.059658 0.996816 0.052901 7.832990 0.998123 0.058833 0.017011 17.532400
0.016566 0.051480 -0.998537 -215.116000 -0.059214 0.996971 0.050417 7.862250 0.998108 0.058292 0.019564 17.557700
0.017917 0.050392 -0.998569 -216.150000 -0.057973 0.997101 0.049278 7.902630 0.998157 0.057007 0.020786 17.580400
0.019465 0.052470 -0.998433 -217.196000 -0.058608 0.996965 0.051250 7.943620 0.998091 0.057518 0.022481 17.598800
0.021167 0.055486 -0.998235 -218.258000 -0.060152 0.996721 0.054127 7.987830 0.997965 0.058900 0.024435 17.611700
0.022220 0.055283 -0.998223 -219.328000 -0.059629 0.996766 0.053874 8.027770 0.997973 0.058326 0.025445 17.637200
0.023558 0.052694 -0.998333 -220.371000 -0.057933 0.997004 0.051257 8.063180 0.998042 0.056629 0.026540 17.649800
0.023521 0.049619 -0.998491 -221.443000 -0.055218 0.997307 0.048260 8.106740 0.998197 0.053999 0.026197 17.676000
0.023225 0.048374 -0.998559 -222.541000 -0.053023 0.997482 0.047089 8.144210 0.998323 0.051853 0.025732 17.708900
0.023459 0.047722 -0.998585 -223.627000 -0.053378 0.997495 0.046416 8.179830 0.998299 0.052213 0.025947 17.727100
0.023894 0.047661 -0.998578 -224.725000 -0.053035 0.997517 0.046342 8.217790 0.998307 0.051852 0.026363 17.756700
0.023904 0.048205 -0.998551 -225.828000 -0.055358 0.997368 0.046823 8.261720 0.998180 0.054158 0.026510 17.771700
0.023551 0.050402 -0.998451 -226.949000 -0.056202 0.997216 0.049014 8.302860 0.998142 0.054961 0.026318 17.787900
0.023076 0.052390 -0.998360 -228.078000 -0.056978 0.997072 0.051005 8.342030 0.998109 0.055707 0.025994 17.807800
0.022241 0.054386 -0.998272 -229.212000 -0.058023 0.996906 0.053019 8.384940 0.998068 0.056743 0.025327 17.831100
0.021397 0.055398 -0.998235 -230.366000 -0.060251 0.996720 0.054023 8.432850 0.997954 0.058989 0.024665 17.848400
0.020450 0.053939 -0.998335 -231.514000 -0.062987 0.996630 0.052557 8.481600 0.997805 0.061808 0.023778 17.860400
0.019548 0.049154 -0.998600 -232.661000 -0.061480 0.996960 0.047870 8.527110 0.997917 0.060458 0.022510 17.874300
0.018322 0.043060 -0.998904 -233.806000 -0.058078 0.997431 0.041931 8.563960 0.998144 0.057246 0.020776 17.893400
0.016568 0.038206 -0.999133 -235.001000 -0.053327 0.997881 0.037274 8.604360 0.998440 0.052663 0.018570 17.907200
0.014529 0.037851 -0.999178 -236.186000 -0.047270 0.998192 0.037127 8.641970 0.998776 0.046692 0.016292 17.923900
0.011312 0.041805 -0.999062 -237.381000 -0.042503 0.998243 0.041290 8.670550 0.999032 0.041996 0.013069 17.950100
0.009771 0.044591 -0.998958 -238.571000 -0.040312 0.998211 0.044164 8.699720 0.999139 0.039838 0.011551 17.960600
0.007430 0.044027 -0.999003 -239.772000 -0.039048 0.998281 0.043705 8.738300 0.999210 0.038684 0.009137 17.971400
0.005521 0.044799 -0.998981 -240.991000 -0.039070 0.998243 0.044550 8.776640 0.999221 0.038784 0.007261 17.963600
0.003555 0.046533 -0.998910 -242.195000 -0.037372 0.998225 0.046368 8.811200 0.999295 0.037166 0.005288 17.972300
0.001296 0.045823 -0.998949 -243.414000 -0.036204 0.998297 0.045746 8.854770 0.999344 0.036107 0.002953 17.968600
-0.000868 0.044662 -0.999002 -244.652000 -0.035986 0.998354 0.044665 8.890680 0.999352 0.035989 0.000741 17.961400
-0.002564 0.044115 -0.999023 -245.889000 -0.036241 0.998366 0.044179 8.933240 0.999340 0.036319 -0.000961 17.941900
-0.005373 0.045315 -0.998958 -247.136000 -0.036655 0.998292 0.045482 8.969610 0.999314 0.036861 -0.003703 17.936700
-0.007681 0.045441 -0.998938 -248.384000 -0.036500 0.998289 0.045692 9.010240 0.999304 0.036812 -0.006009 17.921700
-0.010155 0.046971 -0.998845 -249.639000 -0.037825 0.998163 0.047323 9.044450 0.999233 0.038262 -0.008360 17.906700
-0.012518 0.048745 -0.998733 -250.902000 -0.039551 0.998005 0.049205 9.087380 0.999139 0.040117 -0.010565 17.882400
-0.013788 0.049690 -0.998670 -252.178000 -0.041240 0.997886 0.050220 9.132630 0.999054 0.041878 -0.011710 17.851000
-0.014732 0.049781 -0.998651 -253.420000 -0.044111 0.997755 0.050387 9.176240 0.998918 0.044794 -0.012504 17.826400
-0.014369 0.049772 -0.998657 -254.672000 -0.044904 0.997721 0.050371 9.219010 0.998888 0.045567 -0.012101 17.796700
-0.014681 0.048516 -0.998714 -255.933000 -0.043559 0.997843 0.049114 9.263240 0.998943 0.044225 -0.012536 17.775500
-0.014323 0.047775 -0.998755 -257.186000 -0.040833 0.997997 0.048324 9.297400 0.999063 0.041474 -0.012344 17.760200
-0.014600 0.047186 -0.998779 -258.442000 -0.039920 0.998062 0.047735 9.342050 0.999096 0.040568 -0.012689 17.733800
-0.014445 0.048063 -0.998740 -259.708000 -0.039203 0.998049 0.048597 9.379060 0.999127 0.039856 -0.012533 17.714300
-0.014043 0.048099 -0.998744 -260.953000 -0.038338 0.998082 0.048606 9.418080 0.999166 0.038973 -0.012172 17.690300
-0.013325 0.048924 -0.998714 -262.217000 -0.038431 0.998039 0.049404 9.458320 0.999172 0.039040 -0.011419 17.658700
-0.013692 0.049549 -0.998678 -263.454000 -0.035635 0.998113 0.050010 9.500140 0.999271 0.036272 -0.011901 17.645500
-0.013722 0.052143 -0.998545 -264.707000 -0.031042 0.998136 0.052549 9.539990 0.999424 0.031717 -0.012078 17.630400
-0.013625 0.055226 -0.998381 -265.964000 -0.027523 0.998075 0.055585 9.589390 0.999528 0.028235 -0.012078 17.610000
-0.013231 0.057822 -0.998239 -267.202000 -0.025926 0.997971 0.058150 9.628130 0.999576 0.026649 -0.011705 17.587000
-0.013496 0.056403 -0.998317 -268.444000 -0.026540 0.998036 0.056746 9.678170 0.999557 0.027261 -0.011972 17.567600
-0.013305 0.054595 -0.998420 -269.715000 -0.028717 0.998076 0.054959 9.730970 0.999499 0.029403 -0.011711 17.548000
-0.013728 0.057558 -0.998248 -270.947000 -0.034799 0.997710 0.058005 9.784390 0.999300 0.035535 -0.011693 17.516600
-0.013625 0.063807 -0.997869 -272.191000 -0.040107 0.997124 0.064307 9.830520 0.999103 0.040897 -0.011027 17.483100
-0.013176 0.063224 -0.997912 -273.419000 -0.044266 0.996984 0.063750 9.887000 0.998933 0.045014 -0.010338 17.452700
-0.013059 0.056429 -0.998321 -274.636000 -0.043884 0.997412 0.056952 9.940320 0.998951 0.044554 -0.010549 17.433000
-0.013839 0.050880 -0.998609 -275.868000 -0.041188 0.997828 0.051411 9.990440 0.999056 0.041843 -0.011713 17.421400
-0.013477 0.049756 -0.998670 -277.100000 -0.034859 0.998131 0.050200 10.035600 0.999301 0.035489 -0.011718 17.401200
-0.012658 0.051238 -0.998606 -278.330000 -0.031832 0.998159 0.051619 10.079200 0.999413 0.032442 -0.011004 17.387000
-0.010945 0.053105 -0.998529 -279.559000 -0.030962 0.998092 0.053421 10.124500 0.999461 0.031501 -0.009280 17.366600
-0.009939 0.055894 -0.998387 -280.799000 -0.032077 0.997905 0.056187 10.166500 0.999436 0.032584 -0.008125 17.347900
-0.008863 0.057128 -0.998328 -282.012000 -0.033281 0.997797 0.057393 10.215900 0.999407 0.033734 -0.006942 17.331500
-0.008183 0.057994 -0.998283 -283.239000 -0.034303 0.997713 0.058242 10.267700 0.999378 0.034721 -0.006175 17.314600
-0.007028 0.057174 -0.998340 -284.455000 -0.034098 0.997770 0.057381 10.315800 0.999394 0.034444 -0.005063 17.297200
-0.007077 0.055575 -0.998429 -285.694000 -0.034410 0.997850 0.055787 10.366600 0.999383 0.034750 -0.005149 17.284300
-0.006756 0.054650 -0.998483 -286.913000 -0.034315 0.997905 0.054851 10.411900 0.999388 0.034634 -0.004866 17.267200
-0.007209 0.054846 -0.998469 -288.125000 -0.034478 0.997887 0.055063 10.451600 0.999379 0.034822 -0.005303 17.259500
-0.006282 0.054185 -0.998511 -289.368000 -0.035611 0.997885 0.054375 10.507700 0.999346 0.035899 -0.004339 17.235800
-0.005806 0.054253 -0.998510 -290.591000 -0.036017 0.997868 0.054428 10.554500 0.999334 0.036280 -0.003839 17.217600
-0.005671 0.054743 -0.998484 -291.810000 -0.035355 0.997865 0.054910 10.595300 0.999359 0.035613 -0.003723 17.208500
-0.005851 0.052824 -0.998587 -293.028000 -0.035266 0.997972 0.052998 10.644400 0.999361 0.035526 -0.003976 17.194500
-0.005467 0.050206 -0.998724 -294.261000 -0.035137 0.998112 0.050368 10.689300 0.999368 0.035368 -0.003693 17.175800
-0.005840 0.047734 -0.998843 -295.476000 -0.036104 0.998199 0.047914 10.726400 0.999331 0.036342 -0.004106 17.162000
-0.006425 0.046432 -0.998901 -296.706000 -0.037800 0.998196 0.046643 10.763800 0.999265 0.038058 -0.004658 17.147200
-0.006901 0.046445 -0.998897 -297.931000 -0.040693 0.998080 0.046688 10.801700 0.999148 0.040971 -0.004998 17.128400
-0.006826 0.047843 -0.998832 -299.153000 -0.044086 0.997869 0.048099 10.838500 0.999004 0.044362 -0.004702 17.104300
-0.007168 0.049292 -0.998759 -300.391000 -0.047736 0.997629 0.049578 10.872500 0.998834 0.048032 -0.004798 17.081500
-0.007632 0.048859 -0.998777 -301.622000 -0.049438 0.997566 0.049177 10.921500 0.998748 0.049753 -0.005198 17.074700
-0.008192 0.046882 -0.998867 -302.849000 -0.049035 0.997680 0.047228 10.959300 0.998763 0.049367 -0.005874 17.057300
-0.009125 0.044517 -0.998967 -304.101000 -0.046463 0.997911 0.044895 10.998400 0.998878 0.046824 -0.007037 17.054100
-0.009826 0.044297 -0.998970 -305.323000 -0.043718 0.998044 0.044686 11.032500 0.998996 0.044112 -0.007871 17.037100
-0.010484 0.046160 -0.998879 -306.568000 -0.041397 0.998058 0.046556 11.070200 0.999088 0.041838 -0.008553 17.022400
-0.011529 0.047761 -0.998792 -307.787000 -0.040316 0.998024 0.048189 11.100200 0.999120 0.040823 -0.009580 17.006400
-0.011741 0.046919 -0.998830 -309.050000 -0.041634 0.998009 0.047370 11.146900 0.999064 0.042141 -0.009764 16.983200
-0.011679 0.045557 -0.998893 -310.297000 -0.042895 0.998019 0.046019 11.184000 0.999011 0.043385 -0.009702 16.959900
-0.011403 0.045330 -0.998907 -311.547000 -0.043103 0.998021 0.045782 11.220700 0.999006 0.043578 -0.009426 16.945000
-0.010352 0.044650 -0.998949 -312.778000 -0.040897 0.998148 0.045038 11.262900 0.999110 0.041321 -0.008507 16.928900
-0.009704 0.045554 -0.998915 -314.025000 -0.038483 0.998205 0.045895 11.298000 0.999212 0.038886 -0.007934 16.912300
