1.000000 0.000000 0.000000 0.000000 0.000000 1.000000 0.000000 0.000000 0.000000 0.000000 1.000000 0.000000
0.999934 -0.002519 0.011236 0.015855 0.002508 0.999996 0.000981 -0.003645 -0.011238 -0.000953 0.999936 0.295522
0.999828 -0.004548 0.017993 0.025165 0.004528 0.999989 0.001185 -0.008681 -0.017998 -0.001103 0.999837 0.582640
0.999778 -0.007446 0.019732 0.039152 0.007448 0.999972 -0.000026 -0.012667 -0.019731 0.000173 0.999805 0.886687
0.999815 -0.008646 0.017178 0.050425 0.008679 0.999961 -0.001795 -0.009836 -0.017162 0.001944 0.999851 1.203000
0.999883 -0.011513 0.010061 0.056710 0.011548 0.999927 -0.003453 -0.010214 -0.010020 0.003569 0.999943 1.520480
0.999911 -0.013160 -0.002062 0.058441 0.013148 0.999897 -0.005708 -0.008469 0.002136 0.005680 0.999982 1.862590
0.999748 -0.012399 -0.018705 0.039482 0.012288 0.999906 -0.006067 -0.011530 0.018778 0.005836 0.999807 2.201030
0.999224 -0.007806 -0.038608 0.013199 0.007592 0.999955 -0.005684 -0.021352 0.038651 0.005387 0.999238 2.542350
0.998303 -0.004410 -0.058058 -0.033986 0.003999 0.999966 -0.007191 -0.022114 0.058087 0.006947 0.998287 2.895760
0.996899 -0.004086 -0.078582 -0.073200 0.003496 0.999965 -0.007641 -0.026478 0.078610 0.007342 0.996878 3.261450
0.994989 -0.005556 -0.099828 -0.118891 0.004835 0.999960 -0.007459 -0.025057 0.099865 0.006938 0.994977 3.633390
0.992852 -0.007333 -0.119125 -0.182380 0.006642 0.999959 -0.006193 -0.037340 0.119165 0.005358 0.992860 4.015430
0.990597 -0.005866 -0.136685 -0.259400 0.005072 0.999968 -0.006158 -0.036435 0.136717 0.005407 0.990595 4.411750
0.988194 -0.004951 -0.153125 -0.325562 0.004251 0.999979 -0.004902 -0.050105 0.153146 0.004193 0.988195 4.821630
0.986067 -0.003820 -0.166303 -0.412029 0.003000 0.999982 -0.005179 -0.054782 0.166320 0.004608 0.986061 5.241110
0.983891 -0.005725 -0.178675 -0.497405 0.004701 0.999970 -0.006156 -0.060683 0.178705 0.005217 0.983889 5.673450
0.982019 -0.009379 -0.188551 -0.585341 0.007936 0.999933 -0.008404 -0.068113 0.188617 0.006756 0.982027 6.125430
0.980506 -0.008350 -0.196313 -0.685987 0.006471 0.999927 -0.010209 -0.076890 0.196384 0.008740 0.980488 6.581190
0.979027 -0.007860 -0.203580 -0.793632 0.005525 0.999912 -0.012036 -0.082058 0.203657 0.010659 0.978984 7.046570
0.977294 -0.008667 -0.211712 -0.903678 0.005590 0.999870 -0.015131 -0.089566 0.211816 0.013604 0.977215 7.528370
0.975538 -0.012577 -0.219469 -1.019200 0.009128 0.999818 -0.016723 -0.101463 0.219639 0.014310 0.975476 8.027640
0.973547 -0.019065 -0.227692 -1.127920 0.015298 0.999716 -0.018298 -0.110801 0.227976 0.014331 0.973561 8.543090
0.971504 -0.019649 -0.236207 -1.251270 0.015313 0.999679 -0.020178 -0.133140 0.236528 0.015986 0.971493 9.049970
0.969366 -0.015568 -0.245126 -1.401020 0.009737 0.999641 -0.024980 -0.140295 0.245427 0.021828 0.969169 9.577720
0.967218 -0.012484 -0.253640 -1.560280 0.005594 0.999596 -0.027866 -0.159377 0.253886 0.025533 0.966897 10.120400
0.964822 -0.015118 -0.262470 -1.713030 0.007454 0.999517 -0.030170 -0.174430 0.262800 0.027152 0.964468 10.692500
0.962472 -0.018280 -0.270764 -1.868720 0.010086 0.999449 -0.031624 -0.199383 0.271193 0.027706 0.962126 11.250100
0.960246 -0.017841 -0.278586 -2.045490 0.008708 0.999384 -0.033988 -0.222393 0.279021 0.030211 0.959810 11.823200
0.958017 -0.016648 -0.286229 -2.240610 0.006113 0.999272 -0.037662 -0.249505 0.286648 0.034331 0.957421 12.416300
0.955691 -0.017335 -0.293859 -2.429640 0.004992 0.999075 -0.042702 -0.280634 0.294328 0.039343 0.954894 13.018800
0.953774 -0.019148 -0.299914 -2.617070 0.004266 0.998730 -0.050195 -0.315807 0.300494 0.046595 0.952645 13.616100
0.952361 -0.019908 -0.304323 -2.821650 0.002163 0.998283 -0.058536 -0.349747 0.304966 0.055089 0.950769 14.237200
0.951112 -0.019618 -0.308222 -3.039520 -0.001180 0.997743 -0.067144 -0.392624 0.308844 0.064226 0.948942 14.854700
0.949803 -0.019401 -0.312247 -3.261060 -0.004476 0.997131 -0.075568 -0.444071 0.312817 0.073172 0.946991 15.497500
0.948709 -0.018758 -0.315594 -3.497140 -0.007785 0.996549 -0.082635 -0.496219 0.316055 0.080853 0.945289 16.138200
0.946864 -0.017167 -0.321176 -3.726170 -0.012172 0.995947 -0.089119 -0.558038 0.321404 0.088293 0.942817 16.804900
0.945397 -0.015722 -0.325542 -3.975110 -0.016243 0.995322 -0.095238 -0.621451 0.325517 0.095326 0.940719 17.461700
0.943782 -0.014426 -0.330253 -4.232240 -0.019996 0.994727 -0.100593 -0.693785 0.329962 0.101541 0.938517 18.138700
0.941974 -0.011303 -0.335494 -4.484960 -0.024966 0.994306 -0.103597 -0.768877 0.334755 0.105961 0.936329 18.830500
0.940269 -0.010056 -0.340283 -4.756470 -0.027323 0.994110 -0.104876 -0.848047 0.339333 0.107909 0.934456 19.529600
0.937924 -0.009704 -0.346704 -5.021640 -0.028280 0.994141 -0.104330 -0.925921 0.345685 0.107659 0.932154 20.242600
0.935594 -0.010035 -0.352934 -5.293550 -0.027904 0.994368 -0.102243 -1.013980 0.351973 0.105506 0.930045 20.953300
0.933090 -0.010491 -0.359490 -5.583300 -0.027512 0.994563 -0.100435 -1.094760 0.358590 0.103605 0.927728 21.672900
0.929842 -0.009354 -0.367840 -5.870430 -0.028565 0.994825 -0.097505 -1.174550 0.366849 0.101171 0.924763 22.384500
0.926449 -0.007588 -0.376343 -6.182830 -0.029165 0.995344 -0.091865 -1.251400 0.375288 0.096084 0.921915 23.124700
0.923030 -0.003814 -0.384709 -6.504890 -0.031975 0.995731 -0.086590 -1.333020 0.383397 0.092226 0.918968 23.863400
0.919390 -0.000132 -0.393347 -6.837990 -0.035268 0.995945 -0.082768 -1.408290 0.391762 0.089969 0.915657 24.616600
0.915533 0.001207 -0.402242 -7.182590 -0.036907 0.996030 -0.081013 -1.483110 0.400547 0.089015 0.911942 25.365600
0.911661 0.001191 -0.410940 -7.531210 -0.037446 0.996076 -0.080186 -1.554210 0.409232 0.088491 0.908129 26.105200
0.907856 0.001420 -0.419280 -7.898160 -0.038106 0.996135 -0.079138 -1.621960 0.417547 0.087823 0.904401 26.877300
0.903776 0.002056 -0.428000 -8.288320 -0.038920 0.996240 -0.077399 -1.691500 0.426232 0.086609 0.900458 27.674000
0.899903 0.000865 -0.436089 -8.648160 -0.037259 0.996494 -0.074912 -1.765290 0.434495 0.083662 0.896780 28.423500
0.896131 0.001176 -0.443787 -9.047190 -0.036424 0.996818 -0.070909 -1.833280 0.442291 0.079708 0.893322 29.214600
0.892328 0.003542 -0.451375 -9.459010 -0.036821 0.997208 -0.064967 -1.903670 0.449884 0.074592 0.889966 30.003900
0.888515 0.003665 -0.458834 -9.885130 -0.035459 0.997526 -0.060698 -1.968210 0.457476 0.070201 0.886447 30.812400
0.884929 0.002555 -0.465720 -10.321500 -0.033984 0.997673 -0.059102 -2.026790 0.464485 0.068128 0.882957 31.615700
0.881362 0.001896 -0.472437 -10.755700 -0.033227 0.997765 -0.057982 -2.090220 0.471271 0.066800 0.879455 32.445900
0.878330 0.002586 -0.478048 -11.216800 -0.033364 0.997879 -0.055902 -2.149870 0.476889 0.065050 0.876553 33.271700
0.875125 0.000325 -0.483897 -11.674500 -0.030646 0.998030 -0.054753 -2.201570 0.482926 0.062745 0.873410 34.104000
0.872630 -0.000471 -0.488382 -12.182000 -0.030095 0.998047 -0.054735 -2.263450 0.487455 0.062462 0.870911 34.957500
0.870179 -0.002697 -0.492728 -12.631000 -0.028158 0.998079 -0.055190 -2.317750 0.491930 0.061900 0.868432 35.795300
0.868780 -0.002215 -0.495193 -13.135000 -0.029083 0.998036 -0.055487 -2.378050 0.494343 0.062608 0.867009 36.660200
0.868341 -0.002397 -0.495962 -13.634800 -0.028502 0.998095 -0.054726 -2.439300 0.495148 0.061657 0.866618 37.519300
0.867968 -0.002308 -0.496614 -14.142600 -0.027732 0.998204 -0.053107 -2.500590 0.495844 0.059868 0.866345 38.409400
0.867891 -0.003228 -0.496743 -14.665600 -0.026278 0.998280 -0.052398 -2.566860 0.496058 0.058529 0.866314 39.288200
0.867140 -0.005411 -0.498035 -15.186600 -0.024203 0.998302 -0.052987 -2.629090 0.497476 0.058001 0.865537 40.196000
0.865995 -0.008406 -0.499983 -15.719900 -0.021066 0.998358 -0.053271 -2.695200 0.499610 0.056665 0.864395 41.111500
0.864278 -0.008764 -0.502938 -16.260900 -0.019729 0.998488 -0.051304 -2.755030 0.502628 0.054263 0.862798 42.048400
0.862348 -0.007923 -0.506254 -16.806200 -0.018836 0.998683 -0.047715 -2.814520 0.505966 0.050682 0.861063 42.950300
0.859547 -0.007803 -0.510997 -17.353100 -0.016894 0.998903 -0.043671 -2.876170 0.510777 0.046170 0.858473 43.863900
0.855504 -0.008333 -0.517730 -17.921000 -0.015288 0.999028 -0.041342 -2.944520 0.517571 0.043284 0.854545 44.783200
0.850296 -0.011634 -0.526176 -18.487400 -0.013528 0.998942 -0.043948 -3.000150 0.526130 0.044487 0.849240 45.687600
0.844140 -0.015191 -0.535907 -19.051600 -0.011906 0.998821 -0.047068 -3.061260 0.535990 0.046112 0.842964 46.585500
0.838034 -0.015291 -0.545404 -19.636100 -0.011906 0.998857 -0.046298 -3.119290 0.545488 0.045293 0.836894 47.474600
0.832192 -0.011483 -0.554368 -20.235900 -0.013605 0.999062 -0.041118 -3.182920 0.554320 0.041760 0.831255 48.359700
0.826940 -0.006704 -0.562251 -20.841700 -0.016872 0.999183 -0.036728 -3.239570 0.562037 0.039858 0.826151 49.241100
0.823013 -0.006828 -0.567981 -21.466000 -0.017911 0.999119 -0.037964 -3.295230 0.567739 0.041418 0.822166 50.112700
0.819432 -0.009348 -0.573100 -22.077600 -0.018206 0.998938 -0.042325 -3.353070 0.572887 0.045117 0.818392 50.993000
0.816502 -0.011470 -0.577229 -22.705800 -0.020904 0.998560 -0.049412 -3.410230 0.576964 0.052412 0.815086 51.858900
0.813231 -0.012436 -0.581808 -23.336000 -0.021223 0.998473 -0.051006 -3.470280 0.581554 0.053827 0.811725 52.734800
0.809992 -0.010782 -0.586342 -23.975300 -0.020516 0.998698 -0.046706 -3.536870 0.586083 0.049860 0.808716 53.595600
0.806858 -0.008236 -0.590687 -24.614500 -0.020381 0.998919 -0.041769 -3.593860 0.590393 0.045740 0.805819 54.459600
0.803911 -0.005834 -0.594721 -25.258600 -0.021617 0.999005 -0.039022 -3.646670 0.594357 0.044226 0.802984 55.315300
0.800730 -0.005616 -0.598999 -25.910000 -0.022922 0.998936 -0.040007 -3.693560 0.598587 0.045765 0.799750 56.173100
0.797027 -0.007116 -0.603901 -26.569100 -0.022321 0.998900 -0.041231 -3.752600 0.603531 0.046342 0.795992 57.045100
0.792836 -0.009954 -0.609354 -27.217300 -0.021181 0.998812 -0.043876 -3.813450 0.609067 0.047693 0.791684 57.891000
0.788821 -0.011176 -0.614521 -27.891500 -0.020318 0.998814 -0.044246 -3.871350 0.614287 0.047388 0.787659 58.738400
0.784171 -0.011148 -0.620444 -28.569800 -0.019905 0.998872 -0.043104 -3.933990 0.620225 0.046151 0.783065 59.588800
0.779274 -0.010701 -0.626592 -29.256100 -0.020143 0.998910 -0.042110 -3.999560 0.626360 0.045437 0.778209 60.429000
0.773946 -0.012150 -0.633135 -29.933100 -0.019844 0.998860 -0.043425 -4.050520 0.632941 0.046173 0.772822 61.243400
0.768791 -0.013517 -0.639357 -30.639600 -0.019294 0.998831 -0.044317 -4.109910 0.639209 0.046407 0.767632 62.078400
0.762930 -0.014960 -0.646308 -31.339200 -0.018353 0.998828 -0.044783 -4.174520 0.646221 0.046028 0.761761 62.916100
0.757274 -0.016756 -0.652883 -32.073500 -0.017500 0.998791 -0.045932 -4.239510 0.652863 0.046209 0.756065 63.755800
0.751036 -0.018387 -0.660005 -32.803300 -0.016921 0.998748 -0.047078 -4.300310 0.660044 0.046525 0.749784 64.588500
0.745085 -0.019486 -0.666685 -33.572100 -0.016177 0.998751 -0.047271 -4.366370 0.666774 0.046006 0.743839 65.416900
0.738740 -0.019334 -0.673713 -34.325600 -0.015045 0.998866 -0.045162 -4.434530 0.673823 0.043498 0.737612 66.240500
0.732248 -0.019729 -0.680752 -35.096200 -0.014720 0.998888 -0.044783 -4.489110 0.680879 0.042813 0.731144 67.054200
0.725770 -0.021376 -0.687605 -35.852800 -0.013523 0.998881 -0.045327 -4.555860 0.687804 0.042195 0.724669 67.851300
0.718886 -0.023913 -0.694717 -36.641500 -0.012161 0.998823 -0.046965 -4.617640 0.695022 0.042211 0.717748 68.680100
0.713042 -0.023318 -0.700733 -37.446100 -0.013647 0.998796 -0.047123 -4.676230 0.700988 0.043163 0.711866 69.477600
0.707625 -0.022470 -0.706230 -38.263400 -0.014186 0.998841 -0.045994 -4.742860 0.706445 0.042566 0.706486 70.281000
0.702564 -0.022086 -0.711277 -39.075800 -0.015138 0.998828 -0.045968 -4.806140 0.711459 0.043063 0.701407 71.077300
0.697967 -0.022333 -0.715781 -39.905500 -0.016419 0.998752 -0.047173 -4.865560 0.715941 0.044678 0.696729 71.872100
0.692593 -0.024772 -0.720903 -40.755700 -0.016021 0.998635 -0.049707 -4.941650 0.721150 0.045977 0.691251 72.678300
0.687806 -0.027825 -0.725361 -41.601500 -0.014626 0.998531 -0.052173 -5.006430 0.725748 0.046494 0.686388 73.465500
0.682366 -0.028002 -0.730474 -42.456400 -0.015415 0.998493 -0.052676 -5.080320 0.730848 0.047205 0.680906 74.264400
0.677492 -0.027360 -0.735021 -43.338100 -0.015711 0.998542 -0.051650 -5.148030 0.735363 0.046541 0.676074 75.064000
0.672685 -0.027347 -0.739423 -44.218100 -0.014963 0.998610 -0.050545 -5.219500 0.739778 0.045065 0.671341 75.848200
0.667188 -0.028590 -0.744340 -45.101500 -0.014604 0.998569 -0.051446 -5.289920 0.744746 0.045195 0.665816 76.641500
0.662652 -0.029767 -0.748335 -45.977700 -0.013571 0.998568 -0.051738 -5.357720 0.748804 0.044440 0.661300 77.408600
0.658114 -0.030352 -0.752306 -46.882500 -0.012653 0.998600 -0.051357 -5.434830 0.752812 0.043318 0.656809 78.188900
0.653685 -0.031147 -0.756126 -47.777500 -0.011230 0.998643 -0.050846 -5.510440 0.756684 0.041729 0.652448 78.969300
0.650247 -0.034098 -0.758957 -48.691100 -0.008494 0.998604 -0.052142 -5.585160 0.759675 0.040352 0.649049 79.732400
0.646041 -0.038592 -0.762327 -49.599900 -0.005907 0.998438 -0.055551 -5.656110 0.763280 0.040392 0.644804 80.492600
0.641375 -0.043005 -0.766021 -50.529300 -0.001482 0.998357 -0.057289 -5.728600 0.767226 0.037879 0.640257 81.269800
0.634475 -0.046161 -0.771564 -51.465800 0.003473 0.998375 -0.056874 -5.810220 0.772936 0.033405 0.633604 82.049300
0.626301 -0.050237 -0.777961 -52.388200 0.008194 0.998291 -0.057867 -5.890730 0.779538 0.029867 0.625642 82.788400
0.617386 -0.050945 -0.785009 -53.342700 0.010663 0.998351 -0.056404 -5.973500 0.786588 0.026452 0.616911 83.526600
0.608685 -0.049473 -0.791868 -54.306600 0.011324 0.998494 -0.053678 -6.054410 0.793331 0.023706 0.608329 84.261700
0.599869 -0.049467 -0.798568 -55.286300 0.010862 0.998498 -0.053692 -6.130820 0.800025 0.023534 0.599505 84.989200
0.590571 -0.050797 -0.805385 -56.287600 0.010360 0.998412 -0.055375 -6.212030 0.806919 0.024359 0.590159 85.697400
0.580566 -0.052787 -0.812501 -57.292900 0.010668 0.998304 -0.057236 -6.298040 0.814144 0.024562 0.580144 86.407400
0.570892 -0.054869 -0.819190 -58.325000 0.011029 0.998187 -0.059172 -6.370570 0.820951 0.024746 0.570462 87.120800
0.560076 -0.055222 -0.826599 -59.354400 0.013864 0.998261 -0.057296 -6.461680 0.828325 0.020630 0.559868 87.839600
0.550379 -0.055324 -0.833080 -60.382200 0.015168 0.998300 -0.056275 -6.543920 0.834777 0.018336 0.550283 88.498400
0.540347 -0.056166 -0.839565 -61.441600 0.015581 0.998267 -0.056755 -6.624080 0.841298 0.017586 0.540286 89.164600
0.529871 -0.056917 -0.846166 -62.519600 0.014859 0.998215 -0.057839 -6.713780 0.847948 0.018074 0.529771 89.833500
0.519270 -0.057954 -0.852643 -63.587200 0.014464 0.998151 -0.059035 -6.793510 0.854488 0.018322 0.519148 90.500600
0.509408 -0.059007 -0.858499 -64.669700 0.014030 0.998083 -0.060276 -6.882540 0.860410 0.018661 0.509260 91.137300
0.499453 -0.058722 -0.864349 -65.762800 0.012616 0.998087 -0.060518 -6.971230 0.866249 0.019321 0.499238 91.768700
0.491277 -0.056905 -0.869143 -66.894900 0.012399 0.998219 -0.058348 -7.059710 0.870915 0.017889 0.491108 92.391400
0.483113 -0.055381 -0.873805 -68.009700 0.012922 0.998340 -0.056130 -7.144870 0.875463 0.015826 0.483027 93.008400
0.475637 -0.055344 -0.877899 -69.119900 0.012705 0.998347 -0.056053 -7.234290 0.879550 0.015508 0.475554 93.605100
0.467498 -0.058720 -0.882042 -70.223600 0.014752 0.998171 -0.058632 -7.316300 0.883871 0.014399 0.467509 94.200600
0.460557 -0.061791 -0.885477 -71.356000 0.017619 0.998014 -0.060480 -7.409380 0.887455 0.012253 0.460731 94.787200
0.454490 -0.064902 -0.888384 -72.496200 0.018720 0.997818 -0.063320 -7.505140 0.890555 0.012148 0.454713 95.369000
0.448715 -0.068515 -0.891045 -73.638800 0.021036 0.997590 -0.066115 -7.603490 0.893427 0.010923 0.449075 95.951700
0.443902 -0.069420 -0.893382 -74.773500 0.023956 0.997558 -0.065612 -7.705950 0.895755 0.007724 0.444481 96.516800
0.439597 -0.066916 -0.895699 -75.921200 0.025541 0.997749 -0.062004 -7.802630 0.897832 0.004380 0.440316 97.083100
0.435602 -0.065341 -0.897765 -77.055200 0.029298 0.997863 -0.058410 -7.900440 0.899662 -0.000859 0.436586 97.639100
0.432397 -0.064661 -0.899362 -78.201700 0.029725 0.997906 -0.057454 -7.987230 0.901193 -0.001891 0.433413 98.187300
0.429703 -0.064771 -0.900644 -79.333300 0.031305 0.997893 -0.056829 -8.072530 0.902427 -0.003775 0.430826 98.721100
0.427410 -0.063443 -0.901829 -80.479500 0.032853 0.997966 -0.054635 -8.169650 0.903461 -0.006276 0.428625 99.251300
0.424588 -0.062979 -0.903193 -81.593100 0.035338 0.997970 -0.052975 -8.250250 0.904697 -0.009425 0.425952 99.791200
0.422506 -0.063948 -0.904101 -82.719300 0.037825 0.997883 -0.052904 -8.334520 0.905571 -0.011845 0.424030 100.318000
0.419600 -0.064243 -0.905433 -83.815900 0.039712 0.997836 -0.052396 -8.414560 0.906840 -0.013971 0.421243 100.842000
0.417384 -0.063455 -0.906512 -84.923700 0.042864 0.997823 -0.050111 -8.493410 0.907719 -0.017941 0.419195 101.360000
0.415232 -0.062951 -0.907535 -86.031800 0.045049 0.997802 -0.048601 -8.573320 0.908600 -0.020703 0.417155 101.866000
0.413524 -0.064840 -0.908182 -87.127700 0.047511 0.997639 -0.049593 -8.645980 0.909253 -0.022641 0.415628 102.369000
0.411816 -0.065403 -0.908917 -88.206600 0.048942 0.997569 -0.049607 -8.733730 0.909952 -0.024055 0.414016 102.863000
0.411524 -0.066661 -0.908958 -89.269400 0.048375 0.997513 -0.051254 -8.810110 0.910114 -0.022879 0.413725 103.338000
0.411944 -0.066997 -0.908743 -90.319700 0.048004 0.997504 -0.051780 -8.895670 0.909944 -0.022293 0.414132 103.823000
0.414068 -0.067000 -0.907777 -91.379600 0.046198 0.997549 -0.052553 -8.976100 0.909073 -0.020176 0.416148 104.297000
0.418230 -0.067257 -0.905848 -92.413200 0.043955 0.997585 -0.053774 -9.053580 0.907277 -0.017326 0.420176 104.776000
0.423215 -0.067552 -0.903508 -93.455400 0.042588 0.997598 -0.054637 -9.138180 0.905028 -0.015356 0.425075 105.254000
0.429223 -0.067358 -0.900684 -94.456200 0.042149 0.997623 -0.054522 -9.221160 0.902215 -0.014561 0.431041 105.726000
0.435789 -0.066123 -0.897617 -95.461200 0.040985 0.997721 -0.053599 -9.298210 0.899115 -0.013431 0.437506 106.218000
0.444293 -0.064492 -0.893557 -96.477700 0.039589 0.997845 -0.052335 -9.376210 0.895006 -0.012123 0.445889 106.710000
0.453438 -0.064106 -0.888979 -97.449300 0.038920 0.997883 -0.052108 -9.450800 0.890438 -0.010972 0.454973 107.193000
0.462866 -0.064022 -0.884113 -98.435600 0.037922 0.997905 -0.052408 -9.518470 0.885617 -0.009270 0.464324 107.704000
0.472495 -0.064135 -0.878996 -99.406500 0.036758 0.997915 -0.053052 -9.602000 0.880566 -0.007243 0.473868 108.226000
0.482889 -0.065887 -0.873199 -100.383000 0.035647 0.997818 -0.055577 -9.673460 0.874956 -0.004289 0.484184 108.761000
0.494556 -0.066711 -0.866582 -101.341000 0.033755 0.997772 -0.057546 -9.747370 0.868490 -0.000792 0.495706 109.298000
0.507323 -0.064735 -0.859321 -102.292000 0.031216 0.997901 -0.056746 -9.826180 0.861191 0.001964 0.508279 109.846000
0.519648 -0.062250 -0.852110 -103.220000 0.030091 0.998057 -0.054561 -9.904260 0.853850 0.002711 0.520512 110.408000
0.532094 -0.059921 -0.844562 -104.133000 0.029346 0.998198 -0.052333 -9.980160 0.846176 0.003061 0.532894 110.979000
0.544021 -0.059328 -0.836972 -105.035000 0.029300 0.998232 -0.051714 -10.050900 0.838560 0.003610 0.544797 111.558000
0.556027 -0.058536 -0.829100 -105.908000 0.029430 0.998278 -0.050744 -10.141000 0.830643 0.003815 0.556792 112.132000
0.567638 -0.059806 -0.821103 -106.788000 0.029389 0.998194 -0.052388 -10.206100 0.822754 0.005606 0.568370 112.723000
0.577542 -0.061629 -0.814031 -107.635000 0.031988 0.998089 -0.052870 -10.280400 0.815734 0.004496 0.578410 113.346000
0.589434 -0.060720 -0.805532 -108.484000 0.032365 0.998145 -0.051557 -10.368400 0.807168 0.004318 0.590306 113.950000
0.600171 -0.058711 -0.797714 -109.314000 0.031597 0.998264 -0.049699 -10.434000 0.799248 0.004622 0.600984 114.568000
0.610228 -0.055222 -0.790299 -110.114000 0.031529 0.998470 -0.045422 -10.508700 0.791599 0.002800 0.611035 115.184000
0.620117 -0.053509 -0.782682 -110.914000 0.030106 0.998559 -0.044414 -10.572800 0.783931 0.003978 0.620835 115.806000
0.630059 -0.053345 -0.774712 -111.696000 0.028495 0.998554 -0.045583 -10.633500 0.776024 0.006645 0.630668 116.441000
0.639709 -0.052090 -0.766850 -112.458000 0.025891 0.998595 -0.046233 -10.701000 0.768181 0.009722 0.640159 117.071000
0.648957 -0.051772 -0.759062 -113.235000 0.025873 0.998607 -0.045990 -10.765100 0.760385 0.010206 0.649392 117.720000
0.658137 -0.049268 -0.751284 -113.976000 0.025167 0.998739 -0.043448 -10.829500 0.752477 0.009687 0.658547 118.370000
0.666867 -0.047692 -0.743649 -114.702000 0.025506 0.998826 -0.041184 -10.888900 0.744740 0.008496 0.667301 119.013000
0.674767 -0.047231 -0.736518 -115.422000 0.025909 0.998851 -0.040317 -10.946800 0.737576 0.008123 0.675215 119.685000
0.682715 -0.046404 -0.729210 -116.124000 0.024669 0.998876 -0.040469 -10.998000 0.730268 0.009640 0.683093 120.336000
0.689886 -0.045399 -0.722493 -116.811000 0.024206 0.998920 -0.039655 -11.052600 0.723513 0.009869 0.690240 120.998000
0.697286 -0.042974 -0.715503 -117.491000 0.023435 0.999034 -0.037166 -11.103700 0.716409 0.009148 0.697620 121.650000
0.704710 -0.040360 -0.708346 -118.155000 0.022371 0.999148 -0.034673 -11.150700 0.709143 0.008588 0.705013 122.312000
0.712369 -0.038889 -0.700726 -118.809000 0.021467 0.999204 -0.033630 -11.200300 0.701476 0.008914 0.712637 122.965000
0.719598 -0.037699 -0.693367 -119.444000 0.020807 0.999247 -0.032735 -11.253500 0.694079 0.009129 0.719841 123.622000
0.727635 -0.034800 -0.685081 -120.069000 0.018032 0.999338 -0.031612 -11.293300 0.685727 0.010648 0.727781 124.277000
0.736560 -0.031836 -0.675623 -120.672000 0.017105 0.999449 -0.028447 -11.341100 0.676156 0.009396 0.736698 124.931000
0.746138 -0.027901 -0.665206 -121.258000 0.015064 0.999573 -0.025029 -11.380000 0.665621 0.008654 0.746240 125.583000
0.756069 -0.025643 -0.653989 -121.837000 0.013157 0.999626 -0.023984 -11.422700 0.654360 0.009529 0.756123 126.248000
0.765944 -0.024698 -0.642433 -122.387000 0.011545 0.999629 -0.024666 -11.457000 0.642804 0.011476 0.765945 126.904000
0.775869 -0.026032 -0.630356 -122.932000 0.011807 0.999573 -0.026747 -11.489900 0.630783 0.013309 0.775845 127.573000
0.785851 -0.025081 -0.617908 -123.460000 0.011445 0.999596 -0.026019 -11.526800 0.618310 0.013375 0.785820 128.250000
0.796011 -0.023458 -0.604827 -123.979000 0.010896 0.999642 -0.024430 -11.559100 0.605184 0.012857 0.795982 128.935000
0.806146 -0.021233 -0.591335 -124.481000 0.010730 0.999716 -0.021268 -11.595100 0.591619 0.010800 0.806146 129.620000
0.815793 -0.019734 -0.578007 -124.975000 0.010778 0.999763 -0.018923 -11.624400 0.578243 0.009208 0.815812 130.309000
0.824986 -0.018603 -0.564847 -125.461000 0.011480 0.999803 -0.016161 -11.646500 0.565037 0.006848 0.825037 131.021000
0.833274 -0.017407 -0.552586 -125.927000 0.011769 0.999836 -0.013749 -11.679500 0.552735 0.004954 0.833342 131.713000
0.840546 -0.018026 -0.541440 -126.385000 0.013510 0.999833 -0.012314 -11.701300 0.541572 0.003036 0.840649 132.432000
0.847197 -0.017390 -0.530994 -126.833000 0.013120 0.999844 -0.011811 -11.725800 0.531116 0.003040 0.847294 133.146000
0.853785 -0.016876 -0.520353 -127.270000 0.012564 0.999851 -0.011811 -11.745300 0.520474 0.003546 0.853870 133.873000
0.860615 -0.014622 -0.509047 -127.717000 0.010562 0.999885 -0.010863 -11.767600 0.509147 0.003972 0.860670 134.608000
0.866732 -0.013627 -0.498587 -128.139000 0.009826 0.999899 -0.010248 -11.788800 0.498677 0.003984 0.866779 135.351000
0.872763 -0.014258 -0.487935 -128.565000 0.010596 0.999891 -0.010266 -11.809800 0.488029 0.003790 0.872819 136.103000
0.877954 -0.015383 -0.478498 -128.981000 0.011364 0.999872 -0.011293 -11.833500 0.478610 0.004477 0.878016 136.863000
0.882320 -0.015874 -0.470383 -129.383000 0.011808 0.999863 -0.011594 -11.851300 0.470502 0.004675 0.882386 137.630000
0.885783 -0.014828 -0.463862 -129.789000 0.010987 0.999879 -0.010983 -11.872300 0.463969 0.004633 0.885839 138.403000
0.888984 -0.013200 -0.457748 -130.200000 0.010821 0.999911 -0.007819 -11.884400 0.457810 0.001998 0.889048 139.197000
0.892125 -0.008936 -0.451700 -130.609000 0.008275 0.999960 -0.003440 -11.904700 0.451712 -0.000669 0.892163 139.997000
0.895432 -0.006303 -0.445153 -131.013000 0.006762 0.999977 -0.000557 -11.917000 0.445146 -0.002511 0.895454 140.808000
0.898792 -0.003454 -0.438362 -131.422000 0.004678 0.999988 0.001714 -11.927500 0.438351 -0.003591 0.898797 141.627000
0.902023 -0.001938 -0.431683 -131.829000 0.003993 0.999985 0.003854 -11.931900 0.431669 -0.005200 0.902017 142.472000
0.905316 -0.000425 -0.424739 -132.232000 0.003617 0.999971 0.006708 -11.934800 0.424724 -0.007609 0.905291 143.328000
0.908798 -0.000557 -0.417236 -132.627000 0.004564 0.999953 0.008606 -11.937700 0.417212 -0.009725 0.908757 144.196000
0.912427 -0.000950 -0.409238 -133.042000 0.005278 0.999941 0.009446 -11.936200 0.409205 -0.010779 0.912379 145.096000
0.916111 -0.001361 -0.400923 -133.438000 0.005725 0.999937 0.009688 -11.939600 0.400884 -0.011171 0.916061 145.998000
0.919946 -0.004065 -0.392025 -133.810000 0.008305 0.999924 0.009119 -11.937800 0.391958 -0.011645 0.919910 146.899000
0.923881 -0.005317 -0.382643 -134.196000 0.009040 0.999928 0.007932 -11.941900 0.382573 -0.010787 0.923862 147.834000
0.928536 -0.006045 -0.371194 -134.583000 0.008949 0.999941 0.006103 -11.947200 0.371135 -0.008989 0.928535 148.783000
0.933669 -0.004568 -0.358108 -134.952000 0.006858 0.999963 0.005124 -11.945000 0.358072 -0.007240 0.933666 149.751000
0.939824 -0.000399 -0.341659 -135.325000 0.002748 0.999976 0.006390 -11.950600 0.341648 -0.006944 0.939802 150.731000
0.946384 0.003374 -0.323027 -135.674000 -0.000329 0.999955 0.009479 -11.953100 0.323044 -0.008864 0.946342 151.740000
0.952960 0.006500 -0.303027 -136.008000 -0.003247 0.999932 0.011240 -11.955700 0.303080 -0.009727 0.952916 152.742000
0.959403 0.007738 -0.281931 -136.323000 -0.004574 0.999919 0.011880 -11.950200 0.282000 -0.010108 0.959361 153.786000
0.965440 0.009306 -0.260458 -136.610000 -0.006017 0.999892 0.013423 -11.950200 0.260555 -0.011392 0.965392 154.817000
0.970978 0.010555 -0.238934 -136.877000 -0.006853 0.999843 0.016321 -11.946400 0.239069 -0.014210 0.970899 155.894000
0.976084 0.012603 -0.217029 -137.114000 -0.008512 0.999768 0.019776 -11.944800 0.217228 -0.017456 0.975965 156.954000
0.980770 0.015069 -0.194583 -137.342000 -0.010652 0.999662 0.023727 -11.931500 0.194875 -0.021198 0.980599 158.056000
0.984943 0.017137 -0.172027 -137.552000 -0.012635 0.999549 0.027234 -11.919200 0.172416 -0.024650 0.984716 159.184000
0.988524 0.019101 -0.149851 -137.732000 -0.015192 0.999515 0.027184 -11.903200 0.150298 -0.024596 0.988335 160.333000
0.991607 0.018176 -0.128001 -137.882000 -0.015104 0.999575 0.024927 -11.884700 0.128400 -0.022785 0.991461 161.488000
0.994088 0.018366 -0.107013 -138.011000 -0.015892 0.999587 0.023926 -11.867000 0.107408 -0.022084 0.993970 162.649000
0.996093 0.017334 -0.086595 -138.117000 -0.015154 0.999553 0.025774 -11.848400 0.087003 -0.024361 0.995910 163.836000
0.997627 0.017607 -0.066564 -138.205000 -0.015816 0.999501 0.027343 -11.829500 0.067012 -0.026225 0.997407 165.046000
0.998752 0.018336 -0.046466 -138.266000 -0.017030 0.999453 0.028341 -11.810200 0.046960 -0.027514 0.998518 166.259000
0.999476 0.019764 -0.025628 -138.307000 -0.019026 0.999406 0.028746 -11.789300 0.026181 -0.028243 0.999258 167.497000
0.999784 0.020135 -0.005129 -138.321000 -0.019977 0.999375 0.029170 -11.764800 0.005713 -0.029061 0.999561 168.735000
0.999635 0.022369 0.015169 -138.310000 -0.022799 0.999325 0.028810 -11.745200 -0.014514 -0.029145 0.999470 169.994000
0.999092 0.023666 0.035436 -138.279000 -0.024646 0.999319 0.027469 -11.722000 -0.034762 -0.028318 0.998994 171.272000
0.998195 0.023916 0.055088 -138.218000 -0.025325 0.999366 0.025021 -11.701100 -0.054454 -0.026371 0.998168 172.562000
0.996940 0.025908 0.073751 -138.127000 -0.027633 0.999365 0.022473 -11.685100 -0.073122 -0.024442 0.997023 173.857000
0.995331 0.026169 0.092901 -138.014000 -0.028210 0.999387 0.020731 -11.673100 -0.092302 -0.023255 0.995459 175.157000
0.993400 0.026246 0.111658 -137.874000 -0.028396 0.999440 0.017706 -11.660800 -0.111130 -0.020759 0.993589 176.471000
0.991122 0.027132 0.130155 -137.707000 -0.028977 0.999504 0.012299 -11.651600 -0.129757 -0.015962 0.991417 177.802000
0.988565 0.028896 0.148002 -137.523000 -0.030068 0.999532 0.005685 -11.654300 -0.147769 -0.010070 0.988971 179.123000
0.985728 0.031132 0.165444 -137.314000 -0.031650 0.999499 0.000494 -11.658800 -0.165345 -0.005723 0.986219 180.447000
0.982515 0.033603 0.183127 -137.078000 -0.033488 0.999432 -0.003725 -11.673500 -0.183148 -0.002473 0.983082 181.795000
0.978970 0.035707 0.200854 -136.817000 -0.035108 0.999362 -0.006548 -11.697000 -0.200960 -0.000641 0.979599 183.130000
0.975276 0.034983 0.218202 -136.525000 -0.034432 0.999387 -0.006329 -11.719900 -0.218290 -0.001340 0.975883 184.490000
0.971369 0.034366 0.235075 -136.203000 -0.033631 0.999409 -0.007139 -11.744500 -0.235182 -0.000971 0.971951 185.850000
0.967125 0.034341 0.251972 -135.861000 -0.032338 0.999404 -0.012089 -11.775300 -0.252237 0.003543 0.967659 187.219000
0.962622 0.035754 0.268478 -135.492000 -0.032477 0.999334 -0.016639 -11.802400 -0.268895 0.007297 0.963142 188.582000
0.957800 0.037946 0.284918 -135.091000 -0.034608 0.999261 -0.016741 -11.838500 -0.285343 0.006174 0.958406 189.956000
0.952370 0.040132 0.302292 -134.668000 -0.036544 0.999178 -0.017519 -11.876600 -0.302746 0.005637 0.953055 191.329000
0.946482 0.043883 0.319761 -134.228000 -0.039347 0.999012 -0.020637 -11.918200 -0.320351 0.006951 0.947274 192.702000
0.940537 0.044351 0.336783 -133.747000 -0.038236 0.998962 -0.024771 -11.964600 -0.337532 0.010421 0.941257 194.076000
0.934150 0.045312 0.353991 -133.242000 -0.038219 0.998904 -0.027005 -12.019500 -0.354827 0.011697 0.934859 195.451000
0.927369 0.045880 0.371325 -132.714000 -0.036504 0.998813 -0.032242 -12.083000 -0.372364 0.016345 0.927943 196.823000
0.919444 0.049037 0.390151 -132.156000 -0.036927 0.998577 -0.038484 -12.146600 -0.391483 0.020977 0.919946 198.197000
0.909977 0.052583 0.411312 -131.562000 -0.038709 0.998368 -0.041994 -12.222200 -0.412849 0.022292 0.910527 199.562000
0.898687 0.055676 0.435042 -130.952000 -0.040808 0.998222 -0.043451 -12.304200 -0.436688 0.021296 0.899361 200.899000
0.885850 0.060871 0.459961 -130.287000 -0.044629 0.997939 -0.046116 -12.390500 -0.461820 0.020324 0.886741 202.248000
0.872195 0.064903 0.484834 -129.591000 -0.046621 0.997676 -0.049687 -12.480900 -0.486932 0.020733 0.873194 203.578000
0.857849 0.068577 0.509305 -128.848000 -0.048284 0.997428 -0.052974 -12.576300 -0.511628 0.020852 0.858954 204.890000
0.843183 0.070191 0.533026 -128.068000 -0.047998 0.997310 -0.055403 -12.675400 -0.535480 0.021131 0.844283 206.187000
0.828047 0.071957 0.556022 -127.241000 -0.047672 0.997175 -0.058052 -12.780600 -0.558628 0.021563 0.829138 207.461000
0.812139 0.074549 0.578681 -126.378000 -0.046435 0.996916 -0.063261 -12.888000 -0.581613 0.024505 0.813097 208.726000
0.796165 0.076921 0.600170 -125.476000 -0.044524 0.996645 -0.068671 -13.006100 -0.603439 0.027952 0.796919 209.973000
0.779954 0.078903 0.620842 -124.552000 -0.043530 0.996458 -0.071954 -13.133300 -0.624321 0.029096 0.780626 211.197000
0.764080 0.080813 0.640040 -123.580000 -0.041880 0.996244 -0.075791 -13.261100 -0.643760 0.031106 0.764595 212.403000
0.748363 0.081430 0.658272 -122.577000 -0.040225 0.996181 -0.077499 -13.401000 -0.662069 0.031519 0.748780 213.590000
0.733082 0.082378 0.675134 -121.544000 -0.038878 0.996090 -0.079325 -13.542300 -0.679029 0.031903 0.733418 214.757000
0.718127 0.082941 0.690951 -120.484000 -0.035990 0.995970 -0.082149 -13.684000 -0.694980 0.034127 0.718218 215.899000
0.703448 0.084680 0.705685 -119.398000 -0.033792 0.995739 -0.085801 -13.829200 -0.709943 0.036510 0.703312 217.012000
0.688331 0.086976 0.720164 -118.284000 -0.031157 0.995415 -0.090439 -13.983000 -0.724727 0.039813 0.687885 218.115000
0.674000 0.088605 0.733399 -117.134000 -0.029161 0.995198 -0.093435 -14.136200 -0.738156 0.041589 0.673347 219.186000
0.658706 0.089603 0.747046 -115.975000 -0.028148 0.995123 -0.094539 -14.297900 -0.751874 0.041245 0.658015 220.238000
0.642616 0.091448 0.760712 -114.783000 -0.029268 0.995057 -0.094895 -14.468200 -0.765630 0.038716 0.642116 221.269000
0.625533 0.092581 0.774685 -113.585000 -0.031485 0.995121 -0.093501 -14.639400 -0.779562 0.034097 0.625396 222.262000
0.607996 0.093389 0.788428 -112.378000 -0.033950 0.995208 -0.091701 -14.816100 -0.793214 0.028987 0.608253 223.235000
0.590211 0.095247 0.801610 -111.166000 -0.036550 0.995149 -0.091332 -14.983400 -0.806421 0.024606 0.590830 224.158000
0.572784 0.098610 0.813754 -109.906000 -0.037453 0.994849 -0.094193 -15.150700 -0.818851 0.023475 0.573527 225.072000
0.554681 0.101967 0.825792 -108.673000 -0.039283 0.994565 -0.096420 -15.321500 -0.831135 0.021043 0.555672 225.933000
0.535981 0.101719 0.838080 -107.424000 -0.039027 0.994639 -0.095762 -15.496900 -0.843328 0.018619 0.537077 226.747000
0.514696 0.101419 0.851353 -106.152000 -0.041205 0.994758 -0.093592 -15.678400 -0.856382 0.013092 0.516177 227.577000
0.493837 0.099386 0.863856 -104.881000 -0.040585 0.994999 -0.091273 -15.844000 -0.868607 0.010014 0.495401 228.335000
0.472270 0.098608 0.875921 -103.604000 -0.041551 0.995109 -0.089623 -16.004800 -0.880474 0.005931 0.474058 229.055000
0.451005 0.097628 0.887166 -102.313000 -0.040043 0.995212 -0.089162 -16.157300 -0.891622 0.004688 0.452755 229.751000
0.429650 0.097405 0.897727 -101.042000 -0.040051 0.995242 -0.088818 -16.323100 -0.902107 0.002206 0.431507 230.377000
0.409222 0.096665 0.907300 -99.739300 -0.036912 0.995312 -0.089393 -16.471400 -0.911688 0.003092 0.410871 230.990000
0.388492 0.097259 0.916305 -98.443800 -0.035048 0.995254 -0.090780 -16.631000 -0.920785 0.003153 0.390057 231.549000
0.368355 0.096590 0.924654 -97.157600 -0.030846 0.995310 -0.091682 -16.784800 -0.929173 0.005250 0.369607 232.070000
0.347351 0.095031 0.932908 -95.851500 -0.029250 0.995466 -0.090513 -16.937000 -0.937279 0.004153 0.348556 232.577000
0.327082 0.095000 0.940209 -94.560500 -0.028040 0.995472 -0.090830 -17.089400 -0.944580 0.003345 0.328265 233.040000
0.307281 0.099518 0.946401 -93.275000 -0.028464 0.995033 -0.095390 -17.247900 -0.951193 0.002373 0.308587 233.471000
0.288317 0.108774 0.951337 -92.002200 -0.028968 0.994063 -0.104880 -17.401500 -0.957097 0.002680 0.289756 233.869000
0.268791 0.116390 0.956140 -90.743200 -0.031267 0.993204 -0.112112 -17.570000 -0.962691 0.000239 0.270604 234.251000
0.249070 0.120579 0.960950 -89.479300 -0.033602 0.992698 -0.115853 -17.739700 -0.967902 -0.003435 0.251303 234.597000
0.229439 0.121868 0.965663 -88.215700 -0.035953 0.992515 -0.116714 -17.915900 -0.972659 -0.007940 0.232103 234.924000
0.209981 0.121952 0.970070 -86.955200 -0.039154 0.992443 -0.116290 -18.093200 -0.976921 -0.013563 0.213169 235.210000
0.190505 0.122201 0.974051 -85.693800 -0.040857 0.992349 -0.116506 -18.264600 -0.980836 -0.017602 0.194040 235.479000
0.171793 0.120847 0.977693 -84.441600 -0.040707 0.992471 -0.115521 -18.431700 -0.984292 -0.019953 0.175419 235.709000
0.153332 0.120720 0.980773 -83.199000 -0.040354 0.992447 -0.115848 -18.602800 -0.987350 -0.021815 0.157046 235.924000
0.135585 0.121314 0.983311 -81.975600 -0.039155 0.992356 -0.117031 -18.768900 -0.989992 -0.022634 0.139299 236.095000
0.116035 0.124654 0.985392 -80.733000 -0.042819 0.991799 -0.120422 -18.936900 -0.992322 -0.028220 0.120421 236.276000
0.097559 0.126500 0.987158 -79.516500 -0.042445 0.991515 -0.122864 -19.100800 -0.994324 -0.029914 0.102101 236.414000
0.080562 0.123382 0.989084 -78.294600 -0.042474 0.991833 -0.120266 -19.278100 -0.995844 -0.032321 0.085145 236.535000
0.065238 0.118930 0.990757 -77.089300 -0.039867 0.992390 -0.116501 -19.442700 -0.997073 -0.031898 0.069483 236.623000
0.051050 0.114838 0.992072 -75.879900 -0.039207 0.992832 -0.112909 -19.606400 -0.997926 -0.033132 0.055186 236.701000
0.038601 0.111331 0.993033 -74.707400 -0.036659 0.993263 -0.109931 -19.765500 -0.998582 -0.032161 0.042422 236.755000
0.028192 0.111698 0.993342 -73.524500 -0.036312 0.993196 -0.110651 -19.917100 -0.998943 -0.032951 0.032057 236.800000
0.019942 0.113996 0.993281 -72.385800 -0.036065 0.992914 -0.113229 -20.068600 -0.999150 -0.033565 0.023912 236.831000
0.012812 0.115620 0.993211 -71.238000 -0.037647 0.992644 -0.115069 -20.217300 -0.999209 -0.035917 0.017071 236.861000
0.006999 0.119697 0.992786 -70.090100 -0.037945 0.992127 -0.119350 -20.380300 -0.999255 -0.036836 0.011485 236.881000
0.002149 0.128435 0.991716 -69.000700 -0.037063 0.991047 -0.128268 -20.533700 -0.999311 -0.036481 0.006890 236.887000
-0.003152 0.130682 0.991419 -67.889600 -0.039436 0.990637 -0.130704 -20.689500 -0.999217 -0.039509 0.002031 236.899000
-0.007217 0.122703 0.992417 -66.783500 -0.038700 0.991665 -0.122891 -20.844000 -0.999225 -0.039293 -0.002408 236.915000
-0.009516 0.112974 0.993552 -65.708900 -0.037413 0.992862 -0.113253 -20.989300 -0.999255 -0.038249 -0.005222 236.912000
-0.011272 0.109557 0.993917 -64.643400 -0.037085 0.993250 -0.109904 -21.125500 -0.999249 -0.038098 -0.007133 236.919000
-0.010503 0.111516 0.993707 -63.583000 -0.037947 0.993002 -0.111838 -21.260600 -0.999225 -0.038882 -0.006198 236.900000
-0.010284 0.114412 0.993380 -62.516600 -0.036828 0.992715 -0.114716 -21.403600 -0.999269 -0.037764 -0.005995 236.917000
-0.008507 0.116816 0.993117 -61.468700 -0.039702 0.992331 -0.117063 -21.543700 -0.999175 -0.040425 -0.003804 236.917000
-0.006702 0.117305 0.993073 -60.429900 -0.041357 0.992213 -0.117482 -21.684200 -0.999122 -0.041858 -0.001798 236.928000
-0.003367 0.119158 0.992870 -59.379600 -0.042289 0.991970 -0.119193 -21.821000 -0.999100 -0.042389 0.001699 236.937000
0.000291 0.119977 0.992777 -58.367300 -0.044593 0.991791 -0.119845 -21.960000 -0.999005 -0.044236 0.005639 236.953000
0.005095 0.121727 0.992551 -57.353100 -0.046370 0.991524 -0.121363 -22.088400 -0.998911 -0.045406 0.010696 236.971000
0.011149 0.120718 0.992624 -56.352400 -0.048364 0.991589 -0.120049 -22.228100 -0.998768 -0.046669 0.016894 237.000000
0.018335 0.118731 0.992757 -55.349400 -0.046999 0.991929 -0.117764 -22.367300 -0.998727 -0.044499 0.023767 237.023000
0.025101 0.118136 0.992680 -54.360400 -0.045313 0.992107 -0.116922 -22.499700 -0.998657 -0.042046 0.030256 237.063000
0.032662 0.119878 0.992251 -53.347400 -0.044836 0.991957 -0.118366 -22.623800 -0.998460 -0.040622 0.037774 237.096000
0.039478 0.119496 0.992050 -52.361100 -0.045737 0.991999 -0.117669 -22.754200 -0.998173 -0.040728 0.044627 237.149000
0.046177 0.118501 0.991880 -51.386900 -0.047150 0.992091 -0.116331 -22.880000 -0.997820 -0.041395 0.051399 237.206000
0.052616 0.116310 0.991818 -50.388900 -0.047799 0.992349 -0.113836 -23.017000 -0.997470 -0.041419 0.057773 237.274000
0.059162 0.115378 0.991558 -49.422500 -0.048577 0.992454 -0.112584 -23.134000 -0.997066 -0.041507 0.064320 237.349000
0.065350 0.115417 0.991165 -48.470000 -0.048466 0.992483 -0.112375 -23.261100 -0.996685 -0.040694 0.070453 237.436000
0.073267 0.117744 0.990338 -47.480200 -0.048401 0.992256 -0.114391 -23.389800 -0.996137 -0.039552 0.078399 237.505000
0.079551 0.119300 0.989666 -46.526200 -0.048908 0.992084 -0.115660 -23.511900 -0.995630 -0.039201 0.084756 237.596000
0.086140 0.121077 0.988899 -45.568700 -0.050835 0.991829 -0.117007 -23.637300 -0.994985 -0.040192 0.091591 237.690000
0.092409 0.121421 0.988290 -44.619500 -0.052941 0.991732 -0.116893 -23.764100 -0.994313 -0.041519 0.098074 237.796000
0.099540 0.121200 0.987625 -43.653000 -0.053635 0.991765 -0.116302 -23.891300 -0.993587 -0.041395 0.105221 237.903000
0.105632 0.119121 0.987245 -42.701200 -0.055024 0.991978 -0.113804 -24.010700 -0.992882 -0.042300 0.111339 238.022000
