1.000000 0.000000 0.000000 0.000000 0.000000 1.000000 0.000000 0.000000 0.000000 0.000000 1.000000 0.000000
0.999874 0.001518 0.015817 0.010559 -0.001503 0.999998 -0.000959 -0.003108 -0.015818 0.000935 0.999874 0.126279
0.999292 0.004308 0.037376 0.027096 -0.004296 0.999991 -0.000406 -0.004715 -0.037377 0.000246 0.999301 0.272593
0.997895 0.005976 0.064573 0.056329 -0.006052 0.999981 0.000975 -0.004987 -0.064566 -0.001364 0.997913 0.436252
0.995127 0.005678 0.098436 0.102492 -0.006024 0.999977 0.003218 -0.004557 -0.098416 -0.003795 0.995138 0.607133
0.990625 0.002596 0.136586 0.163419 -0.003339 0.999981 0.005208 -0.005803 -0.136570 -0.005616 0.990615 0.790299
0.984336 -0.000217 0.176304 0.236449 -0.000752 0.999985 0.005431 -0.004749 -0.176303 -0.005479 0.984321 0.985924
0.975553 -0.000449 0.219764 0.319694 -0.001042 0.999977 0.006665 -0.001672 -0.219762 -0.006731 0.975530 1.190830
0.963375 -0.000280 0.268156 0.411958 -0.002354 0.999952 0.009501 0.002337 -0.268146 -0.009784 0.963329 1.408860
0.948927 -0.003891 0.315471 0.527934 -0.001461 0.999859 0.016727 -0.003838 -0.315492 -0.016334 0.948788 1.616160
0.931933 -0.013318 0.362386 0.669638 0.004672 0.999683 0.024724 -0.007004 -0.362601 -0.021348 0.931700 1.827370
0.910552 -0.018364 0.412987 0.823616 0.007060 0.999558 0.028881 -0.004924 -0.413335 -0.023382 0.910279 2.050170
0.885010 -0.019787 0.465152 0.992207 0.005094 0.999448 0.032824 -0.000382 -0.465545 -0.026680 0.884622 2.283100
0.856727 -0.021974 0.515302 1.168420 0.003149 0.999296 0.037378 0.001217 -0.515761 -0.030400 0.856193 2.485660
0.824182 -0.026528 0.565704 1.373020 0.003694 0.999133 0.041471 0.008622 -0.566313 -0.032091 0.823565 2.704250
0.788042 -0.032356 0.614770 1.599530 0.005876 0.998968 0.045045 0.009087 -0.615593 -0.031885 0.787419 2.915210
0.749617 -0.036208 0.660881 1.846940 0.006287 0.998847 0.047594 0.017065 -0.661842 -0.031522 0.748980 3.129680
0.709517 -0.039344 0.703589 2.111140 0.007365 0.998800 0.048425 0.030216 -0.704650 -0.029177 0.708955 3.330600
0.667079 -0.041112 0.743852 2.415150 0.006298 0.998752 0.049552 0.045614 -0.744961 -0.028371 0.666505 3.554030
0.624158 -0.040712 0.780236 2.721590 0.000710 0.998671 0.051542 0.061264 -0.781298 -0.031616 0.623358 3.766780
0.582196 -0.041228 0.812002 3.072890 -0.002348 0.998624 0.052387 0.079483 -0.813045 -0.032406 0.581298 3.976080
0.541951 -0.042313 0.839344 3.448670 -0.004089 0.998587 0.052981 0.101091 -0.840400 -0.032145 0.541012 4.185130
0.502640 -0.044371 0.863357 3.856720 -0.005964 0.998480 0.054787 0.119229 -0.864475 -0.032687 0.501611 4.397190
0.465456 -0.044061 0.883974 4.289350 -0.009013 0.998472 0.054514 0.137538 -0.885025 -0.033341 0.464348 4.597710
0.428771 -0.043086 0.902385 4.754020 -0.010136 0.998570 0.052495 0.161750 -0.903356 -0.031655 0.427721 4.792880
0.394824 -0.041875 0.917802 5.245470 -0.008814 0.998742 0.049360 0.183637 -0.918715 -0.027578 0.393958 4.980150
0.366009 -0.039926 0.929754 5.755500 -0.006578 0.998943 0.045487 0.205634 -0.930588 -0.022765 0.365360 5.148230
0.340899 -0.038175 0.939324 6.305720 -0.005298 0.999081 0.042526 0.229182 -0.940085 -0.019473 0.340384 5.323400
0.320398 -0.037677 0.946534 6.876900 -0.004073 0.999145 0.041150 0.252967 -0.947274 -0.017040 0.319970 5.504240
0.305637 -0.038314 0.951377 7.491880 -0.003385 0.999140 0.041325 0.273510 -0.952142 -0.015851 0.305244 5.701260
0.294095 -0.039588 0.954956 8.128130 -0.002271 0.999110 0.042118 0.299618 -0.955773 -0.014556 0.293743 5.890420
0.283077 -0.041026 0.958219 8.784030 -0.003687 0.999031 0.043862 0.330143 -0.959090 -0.015949 0.282651 6.083390
0.272524 -0.043079 0.961184 9.454330 -0.004829 0.998923 0.046139 0.352764 -0.962137 -0.017215 0.272022 6.271400
0.262452 -0.044380 0.963924 10.165800 -0.005902 0.998849 0.047595 0.386075 -0.964927 -0.018181 0.261888 6.464730
0.252297 -0.046449 0.966534 10.883900 -0.006704 0.998739 0.049746 0.413184 -0.967627 -0.019030 0.251668 6.649660
0.241413 -0.047685 0.969250 11.630600 -0.006867 0.998683 0.050844 0.448218 -0.970398 -0.018930 0.240767 6.840870
0.231432 -0.049133 0.971610 12.386200 -0.006690 0.998620 0.052092 0.478241 -0.972828 -0.018556 0.230784 7.014190
0.220995 -0.052032 0.973886 13.178200 -0.008500 0.998435 0.055273 0.508267 -0.975238 -0.020493 0.220207 7.192600
0.209720 -0.055257 0.976199 13.965600 -0.010137 0.998225 0.058681 0.548901 -0.977709 -0.022202 0.208788 7.362100
0.198032 -0.059247 0.978403 14.751700 -0.010275 0.997991 0.062512 0.584132 -0.980142 -0.022432 0.197026 7.513020
0.185049 -0.061337 0.980813 15.549800 -0.011580 0.997845 0.064587 0.622321 -0.982661 -0.023310 0.183940 7.660180
0.170637 -0.061838 0.983392 16.373600 -0.012263 0.997818 0.064873 0.660090 -0.985258 -0.023129 0.169506 7.810940
0.156147 -0.060715 0.985866 17.189000 -0.013799 0.997877 0.063640 0.700261 -0.987637 -0.023541 0.154978 7.939210
0.140066 -0.059638 0.988344 18.009200 -0.014531 0.997953 0.062277 0.737207 -0.990036 -0.023085 0.138913 8.046510
0.119604 -0.058520 0.991095 18.847500 -0.016990 0.997995 0.060978 0.767888 -0.992676 -0.024131 0.118370 8.146830
0.093366 -0.056649 0.994019 19.657700 -0.021472 0.998033 0.058895 0.808390 -0.995400 -0.026842 0.091966 8.230860
0.062785 -0.056011 0.996454 20.498000 -0.025321 0.998013 0.057694 0.844941 -0.997706 -0.028854 0.061242 8.280700
0.029676 -0.055961 0.997992 21.343400 -0.027873 0.997997 0.056790 0.876530 -0.999171 -0.029503 0.028057 8.297620
-0.004296 -0.055387 0.998456 22.195500 -0.029426 0.998040 0.055238 0.905280 -0.999558 -0.029143 -0.005918 8.281530
-0.039078 -0.054130 0.997769 23.023600 -0.030494 0.998131 0.052956 0.936416 -0.998771 -0.028357 -0.040656 8.251240
-0.071915 -0.052367 0.996035 23.867600 -0.032822 0.998204 0.050111 0.959445 -0.996871 -0.029088 -0.073505 8.190300
-0.104952 -0.049611 0.993239 24.719200 -0.035042 0.998319 0.046162 0.984530 -0.993860 -0.029960 -0.106514 8.101020
-0.137230 -0.045216 0.989507 25.556100 -0.031680 0.998647 0.041240 1.000860 -0.990032 -0.025688 -0.138477 7.971430
-0.168605 -0.039150 0.984906 26.387400 -0.026818 0.999023 0.035120 1.018910 -0.985319 -0.020492 -0.169490 7.810920
-0.198568 -0.032509 0.979548 27.202500 -0.020481 0.999369 0.029016 1.031800 -0.979873 -0.014300 -0.199109 7.630180
-0.227428 -0.026860 0.973424 28.029300 -0.014451 0.999603 0.024206 1.038620 -0.973688 -0.008561 -0.227726 7.417530
-0.254836 -0.020815 0.966760 28.845500 -0.005611 0.999783 0.020047 1.040330 -0.966968 -0.000315 -0.254898 7.177100
-0.281006 -0.010535 0.959648 29.629500 0.000700 0.999937 0.011182 1.025680 -0.959706 0.003814 -0.280981 6.929870
-0.306462 0.005341 0.951868 30.417100 0.005811 0.999976 -0.003740 1.014430 -0.951865 0.004385 -0.306485 6.661500
-0.331205 0.022022 0.943302 31.196800 0.005426 0.999756 -0.021435 0.992534 -0.943543 -0.001981 -0.331243 6.383080
-0.356587 0.036928 0.933532 31.966300 0.006000 0.999288 -0.037237 0.960816 -0.934243 -0.007677 -0.356555 6.083950
-0.380895 0.047188 0.923413 32.722700 0.009478 0.998844 -0.047133 0.917207 -0.924570 -0.009200 -0.380902 5.758250
-0.404105 0.051593 0.913256 33.471700 0.012448 0.998626 -0.050908 0.870399 -0.914628 -0.009204 -0.404192 5.423920
-0.427066 0.051299 0.902764 34.225200 0.016227 0.998663 -0.049072 0.815822 -0.904075 -0.006308 -0.427327 5.062720
-0.446802 0.046845 0.893406 34.962700 0.019982 0.998902 -0.042384 0.757060 -0.894410 -0.001085 -0.447247 4.672110
-0.464826 0.045964 0.884208 35.690100 0.028223 0.998913 -0.037090 0.707950 -0.884952 0.007715 -0.465618 4.275720
-0.478202 0.046019 0.877043 36.397900 0.029767 0.998902 -0.036183 0.661205 -0.877745 0.008804 -0.479047 3.878620
-0.489174 0.050329 0.870733 37.092900 0.033717 0.998679 -0.038782 0.617299 -0.871534 0.010387 -0.490224 3.476630
-0.499041 0.052685 0.864975 37.785200 0.034254 0.998569 -0.041060 0.571703 -0.865901 0.009139 -0.500132 3.068950
-0.509911 0.051977 0.858655 38.472900 0.028311 0.998646 -0.043639 0.520950 -0.859761 0.002057 -0.510692 2.669130
-0.520952 0.050479 0.852092 39.172100 0.027472 0.998724 -0.042370 0.472681 -0.853144 0.001337 -0.521674 2.244800
-0.529473 0.051651 0.846753 39.848200 0.029396 0.998662 -0.042536 0.427803 -0.847817 0.002370 -0.530283 1.813120
-0.536678 0.054883 0.842000 40.526100 0.032699 0.998486 -0.044241 0.379733 -0.843153 0.003789 -0.537660 1.376310
-0.540060 0.057697 0.839647 41.217500 0.034109 0.998328 -0.046662 0.333662 -0.840935 0.003439 -0.541125 0.927715
-0.539647 0.059956 0.839754 41.917200 0.033834 0.998200 -0.049526 0.286421 -0.841211 0.001686 -0.540704 0.476143
-0.536289 0.060109 0.841891 42.644100 0.035608 0.998184 -0.048586 0.240273 -0.843283 0.003921 -0.537455 0.012386
-0.530634 0.059021 0.845544 43.380000 0.034316 0.998251 -0.048145 0.181931 -0.846906 0.003469 -0.531731 -0.443321
-0.523747 0.057460 0.849934 44.124800 0.032110 0.998345 -0.047707 0.130528 -0.851268 0.002305 -0.524726 -0.889881
-0.516504 0.056903 0.854392 44.895500 0.030497 0.998379 -0.048057 0.078593 -0.855742 0.001235 -0.517402 -1.350690
-0.510797 0.055461 0.857911 45.683900 0.027288 0.998460 -0.048300 0.026049 -0.859268 -0.001261 -0.511524 -1.802520
-0.505982 0.053225 0.860900 46.496300 0.023257 0.998573 -0.048068 -0.029313 -0.862230 -0.004300 -0.506498 -2.279740
-0.504451 0.050616 0.861955 47.318400 0.019051 0.998690 -0.047495 -0.081264 -0.863230 -0.007538 -0.504754 -2.752900
-0.505032 0.047995 0.861765 48.158100 0.016321 0.998805 -0.046062 -0.142705 -0.862946 -0.009198 -0.505212 -3.231620
-0.506028 0.046904 0.861241 49.002000 0.015291 0.998851 -0.045415 -0.200535 -0.862382 -0.009812 -0.506163 -3.719160
-0.506429 0.046017 0.861053 49.872400 0.014620 0.998890 -0.044784 -0.252628 -0.862158 -0.010092 -0.506539 -4.230240
-0.506670 0.045648 0.860931 50.740600 0.014734 0.998910 -0.044292 -0.307579 -0.862014 -0.009756 -0.506790 -4.737310
-0.506749 0.044578 0.860940 51.621300 0.014554 0.998962 -0.043159 -0.364461 -0.861971 -0.009340 -0.506872 -5.249980
-0.506714 0.044500 0.860965 52.507900 0.014891 0.998970 -0.042869 -0.423708 -0.861986 -0.008902 -0.506854 -5.769510
-0.507001 0.042917 0.860876 53.406200 0.012639 0.999022 -0.042361 -0.479188 -0.861853 -0.010597 -0.507048 -6.293920
-0.507105 0.042014 0.860860 54.286200 0.011752 0.999055 -0.041836 -0.538499 -0.861804 -0.011098 -0.507120 -6.800950
-0.506471 0.041294 0.861268 55.177800 0.010833 0.999078 -0.041531 -0.600821 -0.862189 -0.011704 -0.506452 -7.318680
-0.505122 0.039857 0.862127 56.063800 0.010634 0.999145 -0.039962 -0.657891 -0.862982 -0.011018 -0.505114 -7.840740
-0.503131 0.037817 0.863382 56.950600 0.011155 0.999243 -0.037267 -0.716558 -0.864138 -0.009119 -0.503172 -8.352820
-0.500585 0.036220 0.864929 57.828000 0.011185 0.999312 -0.035374 -0.775306 -0.865615 -0.008034 -0.500646 -8.855250
-0.498130 0.035996 0.866355 58.714100 0.011517 0.999324 -0.034899 -0.829428 -0.867026 -0.007407 -0.498208 -9.360770
-0.496213 0.036161 0.867448 59.598900 0.011499 0.999318 -0.035081 -0.884169 -0.868125 -0.007433 -0.496290 -9.860930
-0.495123 0.036920 0.868038 60.481000 0.011559 0.999288 -0.035910 -0.936057 -0.868746 -0.007746 -0.495197 -10.363500
-0.496019 0.038382 0.867463 61.356100 0.011566 0.999226 -0.037599 -0.994275 -0.868235 -0.008616 -0.496079 -10.858300
-0.499034 0.040050 0.865657 62.230000 0.009700 0.999127 -0.040634 -1.050840 -0.866528 -0.011881 -0.498986 -11.352900
-0.503383 0.040717 0.863104 63.101000 0.008671 0.999077 -0.042074 -1.107090 -0.864020 -0.013696 -0.503271 -11.859700
-0.508906 0.039366 0.859921 63.963900 0.010108 0.999158 -0.039758 -1.165110 -0.860762 -0.011541 -0.508876 -12.367300
-0.514169 0.036866 0.856896 64.819900 0.011326 0.999281 -0.036196 -1.224720 -0.857614 -0.008906 -0.514216 -12.883100
-0.519851 0.034394 0.853564 65.682200 0.008401 0.999347 -0.035151 -1.279000 -0.854216 -0.011102 -0.519801 -13.388900
-0.525024 0.037554 0.850258 66.529200 0.010988 0.999242 -0.037350 -1.336890 -0.851016 -0.010267 -0.525039 -13.906800
-0.530061 0.039378 0.847045 67.368700 0.010838 0.999154 -0.039668 -1.384340 -0.847890 -0.011846 -0.530039 -14.426700
-0.535028 0.040313 0.843872 68.192800 0.009547 0.999086 -0.041675 -1.439380 -0.844780 -0.014241 -0.534924 -14.936500
-0.538307 0.040614 0.841770 69.003200 0.008849 0.999055 -0.042545 -1.497870 -0.842703 -0.015453 -0.538158 -15.461000
-0.541701 0.040383 0.839601 69.816900 0.010445 0.999092 -0.041315 -1.553280 -0.840506 -0.013611 -0.541631 -15.982300
-0.543770 0.033222 0.838576 70.640400 0.010583 0.999408 -0.032731 -1.600540 -0.839167 -0.008923 -0.543800 -16.516500
-0.546071 0.023694 0.837404 71.451900 0.008848 0.999707 -0.022516 -1.656670 -0.837692 -0.004886 -0.546121 -17.044900
-0.547898 0.022531 0.836241 72.267400 0.010000 0.999742 -0.020385 -1.695900 -0.836485 -0.002807 -0.547983 -17.573000
-0.548603 0.027241 0.835639 73.057000 0.010574 0.999615 -0.025645 -1.740180 -0.836016 -0.005233 -0.548679 -18.090500
-0.550476 0.033164 0.834192 73.861200 0.011651 0.999419 -0.032044 -1.781620 -0.834770 -0.007920 -0.550542 -18.603500
-0.550209 0.037228 0.834196 74.636700 0.017867 0.999302 -0.032811 -1.827730 -0.834835 -0.003148 -0.550491 -19.137700
-0.549968 0.038750 0.834286 75.427300 0.021557 0.999249 -0.032201 -1.876310 -0.834907 0.000276 -0.550391 -19.671000
-0.549626 0.035474 0.834658 76.229000 0.019824 0.999371 -0.029420 -1.915080 -0.835176 0.000376 -0.549983 -20.190000
-0.549057 0.030608 0.835224 77.021700 0.018050 0.999530 -0.024764 -1.951810 -0.835590 0.001478 -0.549352 -20.710200
-0.548867 0.023375 0.835583 77.813800 0.015361 0.999722 -0.017877 -1.998980 -0.835769 0.003024 -0.549074 -21.204900
-0.548728 0.017966 0.835808 78.614400 0.006888 0.999832 -0.016970 -2.031490 -0.835973 -0.003555 -0.548760 -21.702900
-0.546814 0.012991 0.837153 79.409200 -0.000242 0.999877 -0.015674 -2.061420 -0.837254 -0.008773 -0.546744 -22.211900
-0.545158 0.013569 0.838223 80.201100 0.002704 0.999892 -0.014427 -2.094920 -0.838329 -0.005598 -0.545136 -22.715800
-0.541679 0.017178 0.840410 80.993400 0.006963 0.999849 -0.015949 -2.121800 -0.840557 -0.002787 -0.541717 -23.236200
-0.536218 0.020409 0.843833 81.783000 0.008705 0.999788 -0.018649 -2.147910 -0.844035 -0.002655 -0.536282 -23.739000
-0.528501 0.022467 0.848636 82.571800 0.013788 0.999745 -0.017880 -2.182590 -0.848821 0.002251 -0.528676 -24.232000
-0.520361 0.026031 0.853549 83.375000 0.020590 0.999627 -0.017934 -2.213350 -0.853698 0.008243 -0.520703 -24.733300
-0.511123 0.025484 0.859130 84.176000 0.018951 0.999651 -0.018378 -2.243020 -0.859299 0.006888 -0.511428 -25.193800
-0.500203 0.023248 0.865596 84.984500 0.016876 0.999711 -0.017098 -2.271730 -0.865744 0.006055 -0.500451 -25.652400
-0.488741 0.019839 0.872203 85.789800 0.017062 0.999768 -0.013179 -2.304940 -0.872262 0.008441 -0.488966 -26.094800
-0.477202 0.019108 0.878586 86.600900 0.016172 0.999785 -0.012960 -2.330780 -0.878645 0.008024 -0.477409 -26.537900
-0.466487 0.018165 0.884342 87.443800 0.016475 0.999794 -0.011846 -2.355710 -0.884375 0.009044 -0.466690 -26.960100
-0.454465 0.019290 0.890556 88.262300 0.017498 0.999766 -0.012726 -2.381240 -0.890593 0.009800 -0.454696 -27.375200
-0.442047 0.023000 0.896697 89.081700 0.017340 0.999704 -0.017094 -2.418360 -0.896824 0.007992 -0.442315 -27.779700
-0.430762 0.032353 0.901885 89.904700 0.020027 0.999454 -0.026287 -2.450120 -0.902243 0.006738 -0.431175 -28.167400
-0.417222 0.036745 0.908062 90.753000 0.019945 0.999312 -0.031273 -2.488610 -0.908586 0.005064 -0.417667 -28.571200
-0.405599 0.033174 0.913449 91.594600 0.017897 0.999438 -0.028350 -2.528710 -0.913876 0.004849 -0.405965 -28.938500
-0.394465 0.029628 0.918433 92.448200 0.016465 0.999548 -0.025172 -2.571310 -0.918763 0.005193 -0.394774 -29.292900
-0.384726 0.029600 0.922556 93.291900 0.010925 0.999562 -0.027515 -2.605850 -0.922966 -0.000507 -0.384880 -29.637000
-0.377806 0.033825 0.925267 94.129500 0.006130 0.999402 -0.034032 -2.652870 -0.925865 -0.007185 -0.377787 -29.965200
-0.373015 0.038876 0.927010 94.973800 0.000471 0.999130 -0.041711 -2.695740 -0.927825 -0.015122 -0.372709 -30.287300
-0.369613 0.040992 0.928281 95.820400 -0.002434 0.998980 -0.045083 -2.747580 -0.929183 -0.018923 -0.369136 -30.619800
-0.365691 0.040801 0.929842 96.658700 -0.003366 0.998974 -0.045159 -2.803110 -0.930730 -0.019644 -0.365178 -30.944300
-0.361227 0.040819 0.931584 97.493900 -0.004237 0.998959 -0.045414 -2.858080 -0.932468 -0.020352 -0.360678 -31.254700
-0.355187 0.036485 0.934083 98.344400 -0.006982 0.999107 -0.041680 -2.909870 -0.934769 -0.021326 -0.354614 -31.576200
-0.349917 0.032757 0.936208 99.193900 -0.007492 0.999259 -0.037763 -2.960680 -0.936751 -0.020228 -0.349413 -31.885800
-0.344427 0.029746 0.938342 100.033000 -0.009583 0.999334 -0.035197 -3.009390 -0.938764 -0.021115 -0.343913 -32.181400
-0.338497 0.027705 0.940560 100.901000 -0.017609 0.999205 -0.035770 -3.063640 -0.940803 -0.028670 -0.337740 -32.478100
-0.332412 0.028156 0.942714 101.742000 -0.024693 0.998952 -0.038543 -3.107230 -0.942811 -0.036090 -0.331368 -32.755000
-0.325748 0.032129 0.944911 102.584000 -0.022561 0.998874 -0.041741 -3.159310 -0.945187 -0.034915 -0.324656 -33.038500
-0.318849 0.035248 0.947150 103.435000 -0.020930 0.998803 -0.044216 -3.209430 -0.947574 -0.033922 -0.317729 -33.320800
-0.311835 0.033905 0.949531 104.295000 -0.022469 0.998821 -0.043044 -3.255010 -0.949871 -0.034757 -0.310705 -33.601600
-0.305173 0.028943 0.951857 105.150000 -0.022879 0.999027 -0.037712 -3.306590 -0.952022 -0.033286 -0.304214 -33.865200
-0.297595 0.025893 0.954341 106.016000 -0.023347 0.999136 -0.034389 -3.363000 -0.954407 -0.032515 -0.296733 -34.135200
-0.291633 0.029267 0.956082 106.869000 -0.026024 0.998919 -0.038517 -3.404540 -0.956176 -0.036114 -0.290556 -34.378500
-0.285248 0.032026 0.957919 107.724000 -0.025443 0.998836 -0.040971 -3.456110 -0.958116 -0.036059 -0.284101 -34.627300
-0.278619 0.032479 0.959852 108.579000 -0.027602 0.998744 -0.041807 -3.504360 -0.960005 -0.038142 -0.277373 -34.862900
-0.271602 0.032122 0.961874 109.437000 -0.027586 0.998772 -0.041143 -3.557460 -0.962014 -0.037709 -0.270382 -35.101700
-0.263369 0.031933 0.964167 110.298000 -0.023894 0.998929 -0.039611 -3.606810 -0.964399 -0.033470 -0.262324 -35.338200
-0.255866 0.033253 0.966140 111.157000 -0.021100 0.998978 -0.039972 -3.656050 -0.966482 -0.030613 -0.254903 -35.563100
-0.248985 0.033872 0.967915 112.016000 -0.019467 0.999011 -0.039968 -3.704710 -0.968312 -0.028793 -0.248079 -35.783700
-0.242401 0.032689 0.969625 112.884000 -0.025610 0.998868 -0.040078 -3.752320 -0.969838 -0.034547 -0.241289 -35.983500
-0.236483 0.030762 0.971149 113.752000 -0.030618 0.998766 -0.039092 -3.798870 -0.971153 -0.038979 -0.235250 -36.185100
-0.232140 0.030757 0.972196 114.629000 -0.028098 0.998871 -0.038310 -3.848370 -0.972276 -0.036210 -0.231014 -36.387100
-0.227737 0.030757 0.973237 115.497000 -0.026569 0.998933 -0.037786 -3.900850 -0.973360 -0.034463 -0.226677 -36.579800
-0.222786 0.032717 0.974318 116.369000 -0.025217 0.998909 -0.039309 -3.947420 -0.974541 -0.033327 -0.221718 -36.779800
-0.216634 0.031254 0.975752 117.231000 -0.018749 0.999170 -0.036166 -3.999020 -0.976073 -0.026129 -0.215868 -36.975100
-0.211565 0.030452 0.976889 118.106000 -0.011878 0.999361 -0.033725 -4.039230 -0.977292 -0.018738 -0.211068 -37.168500
-0.206080 0.029839 0.978080 118.981000 -0.009928 0.999420 -0.032582 -4.086480 -0.978485 -0.016425 -0.205664 -37.357400
-0.202313 0.031184 0.978824 119.848000 -0.011923 0.999340 -0.034302 -4.130200 -0.979248 -0.018610 -0.201808 -37.524800
-0.198603 0.032847 0.979529 120.732000 -0.013529 0.999251 -0.036252 -4.177130 -0.979987 -0.020452 -0.198010 -37.701000
-0.196523 0.032269 0.979968 121.601000 -0.016393 0.999210 -0.036190 -4.221780 -0.980362 -0.023177 -0.195839 -37.869000
-0.196046 0.031433 0.980091 122.474000 -0.016541 0.999238 -0.035356 -4.262860 -0.980455 -0.023143 -0.195377 -38.029700
-0.195013 0.026412 0.980445 123.352000 -0.015437 0.999431 -0.029994 -4.312530 -0.980679 -0.020985 -0.194495 -38.202900
-0.194238 0.021783 0.980713 124.221000 -0.016725 0.999535 -0.025513 -4.350450 -0.980812 -0.021358 -0.193783 -38.369300
-0.193463 0.019970 0.980904 125.087000 -0.016150 0.999593 -0.023536 -4.389680 -0.980975 -0.020395 -0.193062 -38.536700
-0.191970 0.023961 0.981108 125.933000 -0.016449 0.999483 -0.027628 -4.434960 -0.981263 -0.021442 -0.191477 -38.699300
-0.191488 0.027868 0.981099 126.820000 -0.016080 0.999374 -0.031526 -4.473760 -0.981363 -0.021813 -0.190920 -38.875300
-0.191999 0.027356 0.981014 127.655000 -0.019286 0.999313 -0.031641 -4.508870 -0.981206 -0.024995 -0.191339 -39.024300
-0.191738 0.025981 0.981102 128.506000 -0.021356 0.999302 -0.030637 -4.556160 -0.981214 -0.026827 -0.191050 -39.180200
-0.190750 0.027802 0.981245 129.346000 -0.016587 0.999365 -0.031540 -4.593650 -0.981499 -0.022292 -0.190167 -39.348500
-0.189175 0.030668 0.981464 130.198000 -0.018529 0.999223 -0.034794 -4.627660 -0.981769 -0.024767 -0.188460 -39.516700
-0.189957 0.030807 0.981309 131.036000 -0.025468 0.999017 -0.036293 -4.684060 -0.981462 -0.031886 -0.188986 -39.657800
-0.189168 0.031875 0.981427 131.872000 -0.031393 0.998766 -0.038489 -4.732120 -0.981443 -0.038091 -0.187934 -39.807200
-0.188808 0.035840 0.981360 132.698000 -0.027801 0.998738 -0.041824 -4.778860 -0.981620 -0.035179 -0.187573 -39.962100
-0.188452 0.037002 0.981385 133.516000 -0.026008 0.998751 -0.042651 -4.829380 -0.981738 -0.033562 -0.187255 -40.115700
-0.186583 0.037952 0.981706 134.338000 -0.027351 0.998666 -0.043806 -4.876630 -0.982058 -0.035024 -0.185296 -40.267200
-0.184539 0.037553 0.982107 135.160000 -0.017663 0.998982 -0.041517 -4.927040 -0.982666 -0.025008 -0.183688 -40.428500
-0.180814 0.034293 0.982919 135.975000 -0.011528 0.999249 -0.036984 -4.977320 -0.983450 -0.018018 -0.180282 -40.589200
-0.178908 0.029272 0.983430 136.790000 -0.008314 0.999477 -0.031262 -5.023740 -0.983831 -0.013769 -0.178571 -40.738400
-0.175281 0.028952 0.984093 137.603000 -0.006091 0.999516 -0.030491 -5.065660 -0.984500 -0.011339 -0.175020 -40.882100
-0.170089 0.033903 0.984845 138.403000 -0.004752 0.999368 -0.035224 -5.111320 -0.985417 -0.010671 -0.169820 -41.023400
-0.163606 0.037099 0.985828 139.199000 -0.004104 0.999258 -0.038285 -5.152830 -0.986517 -0.010310 -0.163333 -41.150100
-0.155638 0.038089 0.987080 139.998000 -0.004030 0.999224 -0.039193 -5.189120 -0.987806 -0.010078 -0.155363 -41.268700
-0.146068 0.033686 0.988701 140.801000 -0.002832 0.999402 -0.034469 -5.229410 -0.989271 -0.007835 -0.145885 -41.384100
-0.134148 0.032202 0.990438 141.594000 0.000677 0.999475 -0.032404 -5.272860 -0.990961 -0.003677 -0.134099 -41.490600
-0.120233 0.034921 0.992131 142.385000 0.004560 0.999390 -0.034624 -5.310760 -0.992735 0.000361 -0.120319 -41.588300
-0.106157 0.035977 0.993698 143.172000 0.003971 0.999353 -0.035757 -5.350190 -0.994341 0.000150 -0.106231 -41.667100
-0.092051 0.035946 0.995105 143.960000 0.005668 0.999351 -0.035575 -5.392810 -0.995738 0.002365 -0.092195 -41.738400
-0.078660 0.037490 0.996196 144.742000 0.006624 0.999290 -0.037084 -5.437180 -0.996880 0.003682 -0.078852 -41.793900
-0.065016 0.043663 0.996929 145.512000 0.003650 0.999046 -0.043518 -5.487630 -0.997878 0.000809 -0.065113 -41.834500
-0.052307 0.052941 0.997227 146.276000 -0.003436 0.998578 -0.053193 -5.533170 -0.998625 -0.006208 -0.052051 -41.858900
-0.038685 0.060852 0.997397 147.043000 -0.007786 0.998095 -0.061196 -5.581920 -0.999221 -0.010133 -0.038138 -41.872800
-0.025623 0.061455 0.997781 147.808000 -0.008563 0.998059 -0.061692 -5.634450 -0.999635 -0.010125 -0.025047 -41.883900
-0.013464 0.057929 0.998230 148.580000 -0.012408 0.998234 -0.058096 -5.688230 -0.999832 -0.013168 -0.012721 -41.886600
-0.002937 0.055316 0.998465 149.344000 -0.016414 0.998332 -0.055357 -5.748530 -0.999861 -0.016551 -0.002024 -41.874200
0.005850 0.061769 0.998073 150.102000 -0.020667 0.997885 -0.061637 -5.810590 -0.999769 -0.020267 0.007114 -41.857800
0.012655 0.069676 0.997489 150.847000 -0.023981 0.997304 -0.069358 -5.865840 -0.999632 -0.023043 0.014292 -41.838600
0.015702 0.072444 0.997249 151.601000 -0.026488 0.997052 -0.072012 -5.923440 -0.999526 -0.025284 0.017574 -41.820200
0.015611 0.067869 0.997572 152.356000 -0.028753 0.997312 -0.067402 -5.984260 -0.999465 -0.027631 0.017520 -41.800800
0.013935 0.063512 0.997884 153.112000 -0.030636 0.997539 -0.063062 -6.052960 -0.999433 -0.029692 0.015846 -41.785000
0.010903 0.060833 0.998088 153.873000 -0.029594 0.997730 -0.060488 -6.105510 -0.999503 -0.028878 0.012678 -41.775700
0.008397 0.061213 0.998089 154.617000 -0.027695 0.997756 -0.060960 -6.158360 -0.999581 -0.027130 0.010073 -41.772700
0.004170 0.060983 0.998130 155.358000 -0.026458 0.997796 -0.060852 -6.217350 -0.999641 -0.026154 0.005775 -41.762300
0.000218 0.060173 0.998188 156.102000 -0.026059 0.997849 -0.060147 -6.270000 -0.999660 -0.025999 0.001786 -41.765700
-0.004943 0.060423 0.998161 156.840000 -0.026814 0.997806 -0.060535 -6.321030 -0.999628 -0.027064 -0.003312 -41.767000
-0.011016 0.058679 0.998216 157.579000 -0.028107 0.997864 -0.058969 -6.373790 -0.999544 -0.028707 -0.009343 -41.766900
-0.016518 0.055884 0.998301 158.330000 -0.025393 0.998091 -0.056292 -6.436900 -0.999541 -0.026280 -0.015068 -41.789500
-0.021752 0.055827 0.998203 159.064000 -0.026135 0.998067 -0.056389 -6.488020 -0.999422 -0.027315 -0.020251 -41.804900
-0.027515 0.057393 0.997972 159.783000 -0.028246 0.997907 -0.058168 -6.536920 -0.999222 -0.029789 -0.025836 -41.811500
-0.031088 0.059393 0.997751 160.512000 -0.027639 0.997800 -0.060257 -6.598010 -0.999134 -0.029450 -0.029378 -41.834500
-0.033769 0.061397 0.997542 161.230000 -0.027344 0.997681 -0.062332 -6.654750 -0.999056 -0.029381 -0.032012 -41.856500
-0.034639 0.062628 0.997436 161.947000 -0.024330 0.997686 -0.063489 -6.710570 -0.999104 -0.026467 -0.033036 -41.887800
-0.034323 0.061498 0.997517 162.676000 -0.021573 0.997827 -0.062259 -6.764090 -0.999178 -0.023656 -0.032922 -41.910500
-0.030204 0.057559 0.997885 163.397000 -0.018207 0.998143 -0.058125 -6.822210 -0.999378 -0.019924 -0.029100 -41.936400
-0.022469 0.057377 0.998100 164.099000 -0.017460 0.998177 -0.057774 -6.878160 -0.999595 -0.018725 -0.021426 -41.951000
-0.011530 0.058492 0.998221 164.794000 -0.014997 0.998165 -0.058662 -6.928260 -0.999821 -0.015647 -0.010632 -41.950000
0.002615 0.058436 0.998288 165.486000 -0.012910 0.998210 -0.058398 -6.979850 -0.999913 -0.012735 0.003365 -41.942300
0.018116 0.056069 0.998263 166.159000 -0.013244 0.998352 -0.055834 -7.029820 -0.999748 -0.012210 0.018829 -41.925800
0.033809 0.051143 0.998119 166.842000 -0.018313 0.998554 -0.050545 -7.077720 -0.999261 -0.016570 0.034697 -41.882700
0.050581 0.044240 0.997740 167.527000 -0.019383 0.998874 -0.043308 -7.123640 -0.998532 -0.017148 0.051381 -41.838200
0.067480 0.037667 0.997009 168.203000 -0.019999 0.999137 -0.036394 -7.157430 -0.997520 -0.017484 0.068175 -41.783000
0.085308 0.030237 0.995896 168.875000 -0.020433 0.999382 -0.028592 -7.192020 -0.996145 -0.017910 0.085874 -41.716200
0.102137 0.024668 0.994464 169.536000 -0.022245 0.999499 -0.022508 -7.224150 -0.994522 -0.019823 0.102634 -41.633500
0.120195 0.021912 0.992508 170.181000 -0.023194 0.999545 -0.019258 -7.259160 -0.992479 -0.020705 0.120648 -41.544700
0.137733 0.020412 0.990259 170.825000 -0.021881 0.999606 -0.017562 -7.284130 -0.990228 -0.019249 0.138125 -41.443500
0.155324 0.020054 0.987660 171.466000 -0.022708 0.999602 -0.016725 -7.303400 -0.987603 -0.019830 0.155718 -41.330400
0.171155 0.019172 0.985058 172.080000 -0.028545 0.999487 -0.014493 -7.326590 -0.984831 -0.025638 0.171615 -41.206200
0.185628 0.015354 0.982500 172.708000 -0.030577 0.999484 -0.009843 -7.347660 -0.982144 -0.028214 0.186002 -41.072400
0.197643 0.011822 0.980203 173.329000 -0.027268 0.999607 -0.006557 -7.363670 -0.979895 -0.025432 0.197888 -40.941300
0.208666 0.010557 0.977930 173.947000 -0.025189 0.999668 -0.005417 -7.380320 -0.977663 -0.023503 0.208862 -40.806100
0.218457 0.014711 0.975736 174.547000 -0.029982 0.999515 -0.008357 -7.398430 -0.975386 -0.027429 0.218793 -40.659100
0.227548 0.021669 0.973526 175.139000 -0.033925 0.999322 -0.014314 -7.418730 -0.973176 -0.029770 0.228128 -40.505600
0.236634 0.031520 0.971087 175.721000 -0.033884 0.999133 -0.024173 -7.438550 -0.971008 -0.027184 0.237497 -40.359400
0.244705 0.036856 0.968897 176.318000 -0.027983 0.999130 -0.030939 -7.460330 -0.969194 -0.019541 0.245523 -40.209500
0.250937 0.034942 0.967373 176.920000 -0.027802 0.999196 -0.028879 -7.480320 -0.967604 -0.019648 0.251707 -40.045400
0.256921 0.027919 0.966029 177.523000 -0.030829 0.999311 -0.020681 -7.494940 -0.965941 -0.024469 0.257604 -39.874000
0.261170 0.017050 0.965142 178.134000 -0.034810 0.999360 -0.008234 -7.523250 -0.964665 -0.031446 0.261596 -39.697100
0.263711 0.008986 0.964560 178.740000 -0.035014 0.999387 0.000262 -7.543480 -0.963966 -0.033842 0.263864 -39.531500
0.264244 0.008043 0.964422 179.342000 -0.031969 0.999489 0.000423 -7.562510 -0.963926 -0.030944 0.264366 -39.360800
0.265231 0.010215 0.964131 179.943000 -0.028068 0.999602 -0.002870 -7.569420 -0.963776 -0.026300 0.265412 -39.197600
0.267397 0.009542 0.963539 180.548000 -0.024512 0.999695 -0.003098 -7.577850 -0.963275 -0.022790 0.267549 -39.036500
0.268870 0.007539 0.963147 181.157000 -0.026729 0.999643 -0.000363 -7.580470 -0.962805 -0.025647 0.268976 -38.858000
0.271407 0.004106 0.962456 181.767000 -0.027162 0.999625 0.003395 -7.588890 -0.962081 -0.027064 0.271417 -38.678600
0.274606 -0.001017 0.961556 182.374000 -0.026367 0.999615 0.008588 -7.598830 -0.961195 -0.027712 0.274474 -38.501000
0.279144 -0.003792 0.960242 182.996000 -0.024942 0.999626 0.011199 -7.601380 -0.959925 -0.027076 0.278945 -38.320400
0.285266 -0.006080 0.958429 183.605000 -0.023092 0.999646 0.013215 -7.600670 -0.958170 -0.025902 0.285025 -38.130700
0.293042 -0.009088 0.956056 184.227000 -0.021670 0.999635 0.016144 -7.602960 -0.955854 -0.025449 0.292738 -37.934200
0.303128 -0.011175 0.952884 184.856000 -0.018808 0.999666 0.017706 -7.608340 -0.952764 -0.023289 0.302816 -37.740400
0.314075 -0.008899 0.949357 185.469000 -0.020472 0.999660 0.016143 -7.609440 -0.949178 -0.024505 0.313786 -37.525300
0.325323 -0.005352 0.945588 186.080000 -0.021721 0.999678 0.013131 -7.612080 -0.945354 -0.024811 0.325102 -37.299900
0.337467 -0.002579 0.941334 186.692000 -0.022274 0.999694 0.010725 -7.614130 -0.941074 -0.024587 0.337306 -37.076200
0.349328 -0.002053 0.936998 187.312000 -0.021049 0.999728 0.010038 -7.610620 -0.936764 -0.023229 0.349190 -36.842800
0.360726 -0.005195 0.932657 187.943000 -0.020164 0.999707 0.013367 -7.610830 -0.932454 -0.023628 0.360516 -36.593600
0.371574 -0.006276 0.928382 188.562000 -0.021515 0.999650 0.015369 -7.611150 -0.928154 -0.025685 0.371310 -36.331200
0.382947 -0.006659 0.923746 189.188000 -0.023242 0.999588 0.016841 -7.608540 -0.923478 -0.027919 0.382635 -36.061100
0.392369 -0.007926 0.919774 189.814000 -0.026998 0.999433 0.020130 -7.606660 -0.919412 -0.032730 0.391932 -35.779100
0.399374 -0.006823 0.916763 190.437000 -0.030332 0.999327 0.020651 -7.597450 -0.916286 -0.036054 0.398898 -35.495600
0.403706 -0.010147 0.914832 191.075000 -0.030004 0.999254 0.024324 -7.596340 -0.914396 -0.037268 0.403101 -35.207200
0.405826 -0.013868 0.913845 191.717000 -0.027303 0.999255 0.027289 -7.589690 -0.913543 -0.036025 0.405145 -34.918500
0.405812 -0.012552 0.913870 192.373000 -0.023289 0.999439 0.024069 -7.575890 -0.913660 -0.031050 0.405292 -34.628700
0.404965 -0.012178 0.914251 193.033000 -0.021889 0.999496 0.023009 -7.569530 -0.914070 -0.029330 0.404494 -34.337800
0.404346 -0.010871 0.914542 193.700000 -0.018785 0.999620 0.020187 -7.562600 -0.914413 -0.025342 0.403988 -34.043600
0.404228 -0.013116 0.914564 194.372000 -0.014750 0.999674 0.020856 -7.551340 -0.914539 -0.021921 0.403903 -33.755600
0.403023 -0.019055 0.914992 195.046000 -0.011019 0.999610 0.025671 -7.547750 -0.915124 -0.020428 0.402656 -33.464000
0.401739 -0.021954 0.915491 195.732000 -0.010724 0.999531 0.028676 -7.540910 -0.915692 -0.021338 0.401315 -33.161900
0.400308 -0.024483 0.916054 196.418000 -0.009905 0.999469 0.031041 -7.533700 -0.916327 -0.021499 0.399853 -32.864700
0.398860 -0.024310 0.916690 197.105000 -0.011360 0.999441 0.031447 -7.521550 -0.916942 -0.022956 0.398361 -32.562800
0.397008 -0.024457 0.917489 197.793000 -0.012550 0.999407 0.032071 -7.506960 -0.917729 -0.024247 0.396466 -32.262800
0.395430 -0.023641 0.918192 198.473000 -0.013431 0.999413 0.031516 -7.502540 -0.918398 -0.024794 0.394880 -31.967100
0.394043 -0.019767 0.918879 199.148000 -0.013129 0.999546 0.027133 -7.492690 -0.918998 -0.022756 0.393604 -31.675500
0.393688 -0.013659 0.919143 199.835000 -0.013039 0.999706 0.020441 -7.479940 -0.919152 -0.020032 0.393394 -31.384600
0.392326 -0.010348 0.919768 200.525000 -0.015736 0.999715 0.017959 -7.466810 -0.919692 -0.021519 0.392051 -31.080500
0.390977 -0.013880 0.920296 201.222000 -0.015658 0.999641 0.021729 -7.468360 -0.920267 -0.022906 0.390620 -30.788800
0.390008 -0.017308 0.920649 201.908000 -0.017134 0.999514 0.026049 -7.467380 -0.920652 -0.025934 0.389522 -30.499600
0.387336 -0.016674 0.921788 202.598000 -0.020720 0.999426 0.026786 -7.464040 -0.921706 -0.029475 0.386769 -30.202400
0.382674 -0.015992 0.923745 203.297000 -0.025114 0.999301 0.027704 -7.462910 -0.923542 -0.033801 0.382004 -29.900100
0.375871 -0.017270 0.926511 203.989000 -0.024638 0.999287 0.028622 -7.450920 -0.926344 -0.033586 0.375178 -29.619900
0.366979 -0.017808 0.930059 204.680000 -0.024506 0.999285 0.028802 -7.451160 -0.929907 -0.033361 0.366280 -29.351700
0.357377 -0.016582 0.933813 205.387000 -0.020870 0.999451 0.025735 -7.437950 -0.933727 -0.028686 0.356835 -29.086700
0.347256 -0.013741 0.937670 206.078000 -0.022178 0.999493 0.022860 -7.435960 -0.937508 -0.028733 0.346775 -28.840500
0.335793 -0.013347 0.941841 206.774000 -0.025086 0.999418 0.023107 -7.423480 -0.941602 -0.031386 0.335263 -28.592900
0.324851 -0.021609 0.945518 207.476000 -0.019493 0.999374 0.029537 -7.415570 -0.945564 -0.028026 0.324227 -28.361700
0.315980 -0.029980 0.948292 208.177000 -0.015460 0.999205 0.036741 -7.408960 -0.948640 -0.026270 0.315265 -28.133300
0.308624 -0.035647 0.950516 208.887000 -0.015001 0.998991 0.042336 -7.396180 -0.951066 -0.027325 0.307778 -27.904300
0.304888 -0.036389 0.951693 209.591000 -0.020538 0.998786 0.044770 -7.376000 -0.952167 -0.033196 0.303771 -27.678500
0.302484 -0.038141 0.952391 210.306000 -0.020021 0.998724 0.046355 -7.356450 -0.952944 -0.033089 0.301334 -27.448000
0.300870 -0.039076 0.952864 211.010000 -0.019798 0.998689 0.047206 -7.338440 -0.953460 -0.033068 0.299702 -27.226400
0.300018 -0.037292 0.953204 211.720000 -0.019658 0.998782 0.045262 -7.317190 -0.953731 -0.032317 0.298919 -27.001800
0.299598 -0.034832 0.953429 212.430000 -0.023243 0.998770 0.043792 -7.291750 -0.953782 -0.035281 0.298420 -26.772700
0.299618 -0.035285 0.953406 213.143000 -0.025168 0.998676 0.044869 -7.271660 -0.953727 -0.037439 0.298334 -26.530800
0.300909 -0.036468 0.952955 213.858000 -0.025659 0.998597 0.046317 -7.249190 -0.953308 -0.038389 0.299551 -26.300000
0.303013 -0.038519 0.952208 214.585000 -0.024718 0.998529 0.048259 -7.233360 -0.952666 -0.038160 0.301615 -26.075600
0.304695 -0.039700 0.951622 215.309000 -0.021281 0.998598 0.048474 -7.211750 -0.952212 -0.035021 0.303423 -25.847400
0.307663 -0.041270 0.950600 216.029000 -0.019667 0.998570 0.049718 -7.181560 -0.951292 -0.033991 0.306411 -25.611500
0.311873 -0.042723 0.949163 216.764000 -0.021357 0.998421 0.051958 -7.156800 -0.949884 -0.036475 0.310468 -25.364600
0.317275 -0.046450 0.947195 217.502000 -0.023344 0.998115 0.056766 -7.127430 -0.948046 -0.040122 0.315592 -25.112100
0.321561 -0.050500 0.945541 218.239000 -0.023408 0.997848 0.061254 -7.098330 -0.946599 -0.041830 0.319687 -24.846000
0.326236 -0.050268 0.943951 218.979000 -0.025959 0.997732 0.062104 -7.069860 -0.944932 -0.044765 0.324191 -24.590000
0.330377 -0.045463 0.942754 219.689000 -0.030861 0.997785 0.058932 -7.034490 -0.943345 -0.048564 0.328242 -24.331200
0.334910 -0.039611 0.941417 220.424000 -0.035508 0.997876 0.054619 -6.997990 -0.941581 -0.051720 0.332792 -24.055900
0.339264 -0.036507 0.939982 221.146000 -0.039267 0.997826 0.052926 -6.964890 -0.939871 -0.054866 0.337093 -23.780600
0.343345 -0.036875 0.938485 221.889000 -0.041025 0.997686 0.054210 -6.939830 -0.938313 -0.057114 0.341038 -23.498500
0.347698 -0.034346 0.936977 222.626000 -0.042530 0.997722 0.052355 -6.909820 -0.936642 -0.058053 0.345445 -23.223400
0.351824 -0.031485 0.935536 223.364000 -0.042834 0.997846 0.049690 -6.878200 -0.935086 -0.057555 0.349718 -22.942200
0.356636 -0.031265 0.933720 224.103000 -0.042930 0.997836 0.049809 -6.851960 -0.933257 -0.057848 0.354522 -22.659600
0.361198 -0.033254 0.931896 224.838000 -0.041760 0.997784 0.051792 -6.827980 -0.931554 -0.057623 0.359009 -22.370300
0.365319 -0.033524 0.930279 225.564000 -0.038031 0.997979 0.050899 -6.804480 -0.930105 -0.053974 0.363305 -22.080900
0.369756 -0.033347 0.928530 226.302000 -0.035164 0.998138 0.049850 -6.779590 -0.928463 -0.051083 0.367895 -21.790500
0.373653 -0.031234 0.927043 227.032000 -0.036280 0.998176 0.048253 -6.752670 -0.926859 -0.051663 0.371838 -21.487200
0.378547 -0.031066 0.925061 227.779000 -0.041065 0.997889 0.050316 -6.724600 -0.924671 -0.057035 0.376472 -21.178000
0.382598 -0.031694 0.923371 228.494000 -0.043165 0.997707 0.052130 -6.699070 -0.922906 -0.059802 0.380352 -20.863600
0.386578 -0.029271 0.921792 229.222000 -0.040270 0.998007 0.048580 -6.678350 -0.921377 -0.055901 0.384629 -20.555300
0.390369 -0.022718 0.920378 229.937000 -0.039550 0.998359 0.041417 -6.659700 -0.919809 -0.052569 0.388829 -20.242200
0.393747 -0.016285 0.919074 230.660000 -0.045809 0.998253 0.037314 -6.630550 -0.918077 -0.056795 0.392313 -19.924300
0.396538 -0.017217 0.917857 231.383000 -0.052259 0.997779 0.041293 -6.606580 -0.916530 -0.064340 0.394758 -19.592900
0.398562 -0.027065 0.916742 232.121000 -0.051896 0.997297 0.052006 -6.582360 -0.915672 -0.068303 0.396081 -19.262400
0.400788 -0.039174 0.915333 232.854000 -0.048180 0.996802 0.063757 -6.546980 -0.914903 -0.069654 0.397619 -18.947100
0.402687 -0.046609 0.914150 233.587000 -0.049945 0.996096 0.072788 -6.509270 -0.913974 -0.074968 0.398787 -18.621700
0.404960 -0.048308 0.913057 234.314000 -0.051522 0.995811 0.075538 -6.473490 -0.912882 -0.077632 0.400775 -18.290800
0.407847 -0.043827 0.911998 235.036000 -0.051615 0.996143 0.070953 -6.433700 -0.911590 -0.076010 0.404012 -17.965200
0.411619 -0.038468 0.910544 235.743000 -0.049860 0.996662 0.064646 -6.395730 -0.909991 -0.072009 0.408327 -17.644800
0.416165 -0.034174 0.908647 236.461000 -0.049527 0.996958 0.060179 -6.357970 -0.907939 -0.070046 0.413206 -17.314600
0.420418 -0.032489 0.906749 237.179000 -0.047531 0.997198 0.057767 -6.324390 -0.906085 -0.067385 0.417695 -16.980100
0.424105 -0.030271 0.905107 237.895000 -0.046882 0.997367 0.055323 -6.290420 -0.904399 -0.065896 0.421569 -16.636800
0.428153 -0.031350 0.903162 238.614000 -0.046203 0.997332 0.056522 -6.254370 -0.902524 -0.065929 0.425562 -16.294900
0.431191 -0.036249 0.901532 239.336000 -0.044848 0.997096 0.061541 -6.217560 -0.901146 -0.066967 0.428313 -15.941200
0.434536 -0.041869 0.899681 240.062000 -0.043142 0.996805 0.067226 -6.180290 -0.899620 -0.068027 0.431342 -15.592300
0.436726 -0.047503 0.898339 240.776000 -0.041769 0.996457 0.072997 -6.142240 -0.898624 -0.069403 0.433195 -15.244200
0.438778 -0.052699 0.897049 241.500000 -0.039960 0.996147 0.078066 -6.093110 -0.897707 -0.070100 0.434982 -14.890200
0.440692 -0.059799 0.895664 242.235000 -0.038223 0.995624 0.085280 -6.046130 -0.896844 -0.071817 0.436478 -14.536100
0.442359 -0.059792 0.894843 242.955000 -0.038755 0.995569 0.085681 -5.993130 -0.896000 -0.072581 0.438082 -14.176900
0.443793 -0.048385 0.894822 243.660000 -0.048131 0.995813 0.077716 -5.951800 -0.894836 -0.077558 0.439606 -13.803900
0.444299 -0.034918 0.895198 244.370000 -0.050186 0.996701 0.063786 -5.908310 -0.894472 -0.073266 0.441081 -13.441400
0.445220 -0.027721 0.894992 245.077000 -0.049474 0.997232 0.055499 -5.861460 -0.894053 -0.068988 0.442616 -13.088100
