%YAML:1.0

T_BS: !!opencv-matrix
  rows: 4
  cols: 4
  dt: d
  data: [0.0148655429818, -0.999880929698, 0.00414029679422, -0.0216401454975, 0.999557249008, 0.0149672133247, 0.025715529948, -0.064676986768, -0.0257744366974, 0.00375618835797, 0.999660727178, 0.00981073058949, 0.0, 0.0, 0.0, 1.0]

# frequency in hz
camera.rate: 20

# image width and height
camera.width: 752
camera.height: 480

camera.model: "pinhole"
camera.fu: 458.654
camera.fv: 457.296
camera.cu: 367.215
camera.cv: 248.375

camera.distortion: "radial-tangential"
camera.D: !!opencv-matrix
  rows: 1
  cols: 4
  dt: d
  data: [-0.28340811, 0.07395907, 0.00019359, 1.76187114e-05]